1508203173,s1,0.00,0.00,0.00,0,0,0.00,0.00,0.00,0,0,0.00,0.00,0,0
1508203173,eth0,0.00,0.00,0.00,0,0,0.00,0.00,0.00,0,0,0.00,0.00,0,0
1508203173,s1-eth2,0.00,0.00,0.00,0,0,0.00,0.00,0.00,0,0,0.00,0.00,0,0
1508203173,s1-eth1,0.00,0.00,0.00,0,0,0.00,0.00,0.00,0,0,0.00,0.00,0,0
1508203173,lo,0.00,0.00,0.00,0,0,0.00,0.00,0.00,0,0,0.00,0.00,0,0
1508203173,total,0.00,0.00,0.00,0,0,0.00,0.00,0.00,0,0,0.00,0.00,0,0
1508203174,s1,249.75,249.75,499.50,250,250,3.00,3.00,5.99,3,3,0.00,0.00,0,0
1508203174,eth0,455.54,734.27,1189.81,735,456,5.99,5.99,11.99,6,6,0.00,0.00,0,0
1508203174,s1-eth2,9263.74,233900.11,243163.84,234134,9273,121.88,102.90,224.78,103,122,0.00,0.00,0,0
1508203174,s1-eth1,246145.86,8015.98,254161.84,8024,246392,121.88,111.89,233.77,112,122,0.00,0.00,0,0
1508203174,lo,2708.29,2708.29,5416.58,2711,2711,29.97,29.97,59.94,30,30,0.00,0.00,0,0
1508203174,total,258823.19,245608.39,504431.59,245854,259082,282.72,253.75,536.46,254,283,0.00,0.00,0,0
1508203175,s1,0.00,0.00,0.00,0,0,0.00,0.00,0.00,0,0,0.00,0.00,0,0
1508203175,eth0,152.00,305.00,457.00,305,152,2.00,3.00,5.00,3,2,0.00,0.00,0,0
1508203175,s1-eth2,8529.00,248350.00,256879.00,248350,8529,106.00,99.00,205.00,99,106,0.00,0.00,0,0
1508203175,s1-eth1,246444.00,6786.00,253230.00,6786,246444,103.00,99.00,202.00,99,103,0.00,0.00,0,0
1508203175,lo,341.00,341.00,682.00,341,341,4.00,4.00,8.00,4,4,0.00,0.00,0,0
1508203175,total,255466.00,255782.00,511248.00,255782,255466,215.00,205.00,420.00,205,215,0.00,0.00,0,0
1508203176,s1,0.00,0.00,0.00,0,0,0.00,0.00,0.00,0,0,0.00,0.00,0,0
1508203176,eth0,0.00,0.00,0.00,0,0,0.00,0.00,0.00,0,0,0.00,0.00,0,0
1508203176,s1-eth2,6183.00,255458.00,261641.00,255458,6183,87.00,97.00,184.00,97,87,0.00,0.00,0,0
1508203176,s1-eth1,246899.00,5856.00,252755.00,5856,246899,95.00,86.00,181.00,86,95,0.00,0.00,0,0
1508203176,lo,0.00,0.00,0.00,0,0,0.00,0.00,0.00,0,0,0.00,0.00,0,0
1508203176,total,253082.00,261314.00,514396.00,261314,253082,182.00,183.00,365.00,183,182,0.00,0.00,0,0
1508203177,s1,0.00,70.00,70.00,70,0,0.00,1.00,1.00,1,0,0.00,0.00,0,0
1508203177,eth0,60.00,60.00,120.00,60,60,1.00,1.00,2.00,1,1,0.00,0.00,0,0
1508203177,s1-eth2,5891.00,249274.00,255165.00,249274,5891,87.00,91.00,178.00,91,87,0.00,0.00,0,0
1508203177,s1-eth1,243724.00,5850.00,249574.00,5850,243724,91.00,87.00,178.00,87,91,0.00,0.00,0,0
1508203177,lo,268.00,268.00,536.00,268,268,3.00,3.00,6.00,3,3,0.00,0.00,0,0
1508203177,total,249943.00,255522.00,505465.00,255522,249943,182.00,183.00,365.00,183,182,0.00,0.00,0,0
1508203178,s1,69.93,69.93,139.86,70,70,1.00,1.00,2.00,1,1,0.00,0.00,0,0
1508203178,eth0,0.00,0.00,0.00,0,0,0.00,0.00,0.00,0,0,0.00,0.00,0,0
1508203178,s1-eth2,6785.21,249086.92,255872.14,249336,6792,92.91,91.91,184.82,92,93,0.00,0.00,0,0
1508203178,s1-eth1,246528.48,5986.01,252514.50,5992,246775,92.91,87.91,180.82,88,93,0.00,0.00,0,0
1508203178,lo,535.46,535.46,1070.93,536,536,5.99,5.99,11.99,6,6,0.00,0.00,0,0
1508203178,total,253919.09,255678.33,509597.41,255934,254173,192.81,186.81,379.62,187,193,0.00,0.00,0,0
1508203179,s1,0.00,0.00,0.00,0,0,0.00,0.00,0.00,0,0,0.00,0.00,0,0
1508203179,eth0,0.00,0.00,0.00,0,0,0.00,0.00,0.00,0,0,0.00,0.00,0,0
1508203179,s1-eth2,5730.00,250784.00,256514.00,250784,5730,85.00,92.00,177.00,92,85,0.00,0.00,0,0
1508203179,s1-eth1,243688.00,5730.00,249418.00,5730,243688,90.00,85.00,175.00,85,90,0.00,0.00,0,0
1508203179,lo,0.00,0.00,0.00,0,0,0.00,0.00,0.00,0,0,0.00,0.00,0,0
1508203179,total,249418.00,256514.00,505932.00,256514,249418,175.00,177.00,352.00,177,175,0.00,0.00,0,0
1508203180,s1,0.00,0.00,0.00,0,0,0.00,0.00,0.00,0,0,0.00,0.00,0,0
1508203180,eth0,0.00,86.00,86.00,86,0,0.00,1.00,1.00,1,0,0.00,0.00,0,0
1508203180,s1-eth2,5850.00,255128.00,260978.00,255128,5850,87.00,92.00,179.00,92,87,0.00,0.00,0,0
1508203180,s1-eth1,246242.00,5850.00,252092.00,5850,246242,89.00,87.00,176.00,87,89,0.00,0.00,0,0
1508203180,lo,0.00,0.00,0.00,0,0,0.00,0.00,0.00,0,0,0.00,0.00,0,0
1508203180,total,252092.00,261064.00,513156.00,261064,252092,176.00,180.00,356.00,180,176,0.00,0.00,0,0
1508203181,s1,0.00,70.00,70.00,70,0,0.00,1.00,1.00,1,0,0.00,0.00,0,0
1508203181,eth0,0.00,0.00,0.00,0,0,0.00,0.00,0.00,0,0,0.00,0.00,0,0
1508203181,s1-eth2,5657.00,255066.00,260723.00,255066,5657,84.00,91.00,175.00,91,84,0.00,0.00,0,0
1508203181,s1-eth1,243325.00,5550.00,248875.00,5550,243325,88.00,83.00,171.00,83,88,0.00,0.00,0,0
1508203181,lo,268.00,268.00,536.00,268,268,3.00,3.00,6.00,3,3,0.00,0.00,0,0
1508203181,total,249250.00,260954.00,510204.00,260954,249250,175.00,178.00,353.00,178,175,0.00,0.00,0,0
1508203182,s1,70.00,70.00,140.00,70,70,1.00,1.00,2.00,1,1,0.00,0.00,0,0
1508203182,eth0,0.00,0.00,0.00,0,0,0.00,0.00,0.00,0,0,0.00,0.00,0,0
1508203182,s1-eth2,6474.00,249468.00,255942.00,249468,6474,91.00,94.00,185.00,94,91,0.00,0.00,0,0
1508203182,s1-eth1,245132.00,5992.00,251124.00,5992,245132,94.00,88.00,182.00,88,94,0.00,0.00,0,0
1508203182,lo,536.00,536.00,1072.00,536,536,6.00,6.00,12.00,6,6,0.00,0.00,0,0
1508203182,total,252212.00,256066.00,508278.00,256066,252212,192.00,189.00,381.00,189,192,0.00,0.00,0,0
1508203183,s1,0.00,0.00,0.00,0,0,0.00,0.00,0.00,0,0,0.00,0.00,0,0
1508203183,eth0,0.00,0.00,0.00,0,0,0.00,0.00,0.00,0,0,0.00,0.00,0,0
1508203183,s1-eth2,5694.00,242162.00,247856.00,242162,5694,85.00,93.00,178.00,93,85,0.00,0.00,0,0
1508203183,s1-eth1,233618.00,5694.00,239312.00,5694,233618,91.00,85.00,176.00,85,91,0.00,0.00,0,0
1508203183,lo,0.00,0.00,0.00,0,0,0.00,0.00,0.00,0,0,0.00,0.00,0,0
1508203183,total,239312.00,247856.00,487168.00,247856,239312,176.00,178.00,354.00,178,176,0.00,0.00,0,0
1508203184,s1,0.00,0.00,0.00,0,0,0.00,0.00,0.00,0,0,0.00,0.00,0,0
1508203184,eth0,0.00,0.00,0.00,0,0,0.00,0.00,0.00,0,0,0.00,0.00,0,0
1508203184,s1-eth2,5628.00,251968.00,257596.00,251968,5628,84.00,88.00,172.00,88,84,0.00,0.00,0,0
1508203184,s1-eth1,246044.00,5628.00,251672.00,5628,246044,86.00,84.00,170.00,84,86,0.00,0.00,0,0
1508203184,lo,0.00,0.00,0.00,0,0,0.00,0.00,0.00,0,0,0.00,0.00,0,0
1508203184,total,251672.00,257596.00,509268.00,257596,251672,170.00,172.00,342.00,172,170,0.00,0.00,0,0
1508203185,s1,0.00,0.00,0.00,0,0,0.00,0.00,0.00,0,0,0.00,0.00,0,0
1508203185,eth0,0.00,0.00,0.00,0,0,0.00,0.00,0.00,0,0,0.00,0.00,0,0
1508203185,s1-eth2,6078.00,247954.00,254032.00,247954,6078,89.00,93.00,182.00,93,89,0.00,0.00,0,0
1508203185,s1-eth1,243478.00,6078.00,249556.00,6078,243478,91.00,89.00,180.00,89,91,0.00,0.00,0,0
1508203185,lo,0.00,0.00,0.00,0,0,0.00,0.00,0.00,0,0,0.00,0.00,0,0
1508203185,total,249556.00,254032.00,503588.00,254032,249556,180.00,182.00,362.00,182,180,0.00,0.00,0,0
1508203186,s1,0.00,0.00,0.00,0,0,0.00,0.00,0.00,0,0,0.00,0.00,0,0
1508203186,eth0,0.00,0.00,0.00,0,0,0.00,0.00,0.00,0,0,0.00,0.00,0,0
1508203186,s1-eth2,5586.00,249204.00,254790.00,249204,5586,83.00,90.00,173.00,90,83,0.00,0.00,0,0
1508203186,s1-eth1,246176.00,5586.00,251762.00,5586,246176,88.00,83.00,171.00,83,88,0.00,0.00,0,0
1508203186,lo,172.00,172.00,344.00,172,172,3.00,3.00,6.00,3,3,0.00,0.00,0,0
1508203186,total,251934.00,254962.00,506896.00,254962,251934,174.00,176.00,350.00,176,174,0.00,0.00,0,0
1508203187,s1,0.00,0.00,0.00,0,0,0.00,0.00,0.00,0,0,0.00,0.00,0,0
1508203187,eth0,0.00,0.00,0.00,0,0,0.00,0.00,0.00,0,0,0.00,0.00,0,0
1508203187,s1-eth2,5214.00,251770.00,256984.00,251770,5214,79.00,85.00,164.00,85,79,0.00,0.00,0,0
1508203187,s1-eth1,242950.00,5214.00,248164.00,5214,242950,83.00,79.00,162.00,79,83,0.00,0.00,0,0
1508203187,lo,0.00,0.00,0.00,0,0,0.00,0.00,0.00,0,0,0.00,0.00,0,0
1508203187,total,248164.00,256984.00,505148.00,256984,248164,162.00,164.00,326.00,164,162,0.00,0.00,0,0
1508203188,s1,0.00,0.00,0.00,0,0,0.00,0.00,0.00,0,0,0.00,0.00,0,0
1508203188,eth0,0.00,0.00,0.00,0,0,0.00,0.00,0.00,0,0,0.00,0.00,0,0
1508203188,s1-eth2,6332.00,248086.00,254418.00,248086,6332,92.00,95.00,187.00,95,92,0.00,0.00,0,0
1508203188,s1-eth1,245058.00,6332.00,251390.00,6332,245058,93.00,92.00,185.00,92,93,0.00,0.00,0,0
1508203188,lo,0.00,0.00,0.00,0,0,0.00,0.00,0.00,0,0,0.00,0.00,0,0
1508203188,total,251390.00,254418.00,505808.00,254418,251390,185.00,187.00,372.00,187,185,0.00,0.00,0,0
1508203189,s1,0.00,0.00,0.00,0,0,0.00,0.00,0.00,0,0,0.00,0.00,0,0
1508203189,eth0,0.00,0.00,0.00,0,0,0.00,0.00,0.00,0,0,0.00,0.00,0,0
1508203189,s1-eth2,6220.78,258095.91,264316.69,258354,6227,90.91,96.90,187.81,97,91,0.00,0.00,0,0
1508203189,s1-eth1,247813.19,6113.89,253927.08,6120,248061,93.91,89.91,183.82,90,94,0.00,0.00,0,0
1508203189,lo,0.00,0.00,0.00,0,0,0.00,0.00,0.00,0,0,0.00,0.00,0,0
1508203189,total,254033.97,264209.81,518243.78,264474,254288,184.82,186.81,371.63,187,185,0.00,0.00,0,0
1508203190,s1,0.00,0.00,0.00,0,0,0.00,0.00,0.00,0,0,0.00,0.00,0,0
1508203190,eth0,0.00,0.00,0.00,0,0,0.00,0.00,0.00,0,0,0.00,0.00,0,0
1508203190,s1-eth2,5676.00,247756.00,253432.00,247756,5676,84.00,90.00,174.00,90,84,0.00,0.00,0,0
1508203190,s1-eth1,243280.00,5676.00,248956.00,5676,243280,88.00,84.00,172.00,84,88,0.00,0.00,0,0
1508203190,lo,0.00,0.00,0.00,0,0,0.00,0.00,0.00,0,0,0.00,0.00,0,0
1508203190,total,248956.00,253432.00,502388.00,253432,248956,172.00,174.00,346.00,174,172,0.00,0.00,0,0
1508203191,s1,0.00,0.00,0.00,0,0,0.00,0.00,0.00,0,0,0.00,0.00,0,0
1508203191,eth0,0.00,118.00,118.00,118,0,0.00,1.00,1.00,1,0,0.00,0.00,0,0
1508203191,s1-eth2,5574.00,252034.00,257608.00,252034,5574,83.00,89.00,172.00,89,83,0.00,0.00,0,0
1508203191,s1-eth1,246110.00,5574.00,251684.00,5574,246110,87.00,83.00,170.00,83,87,0.00,0.00,0,0
1508203191,lo,172.00,172.00,344.00,172,172,3.00,3.00,6.00,3,3,0.00,0.00,0,0
1508203191,total,251856.00,257898.00,509754.00,257898,251856,173.00,176.00,349.00,176,173,0.00,0.00,0,0
1508203192,s1,0.00,0.00,0.00,0,0,0.00,0.00,0.00,0,0,0.00,0.00,0,0
1508203192,eth0,0.00,0.00,0.00,0,0,0.00,0.00,0.00,0,0,0.00,0.00,0,0
1508203192,s1-eth2,5910.00,253812.00,259722.00,253812,5910,87.00,94.00,181.00,94,87,0.00,0.00,0,0
1508203192,s1-eth1,243412.00,5910.00,249322.00,5910,243412,90.00,87.00,177.00,87,90,0.00,0.00,0,0
1508203192,lo,0.00,0.00,0.00,0,0,0.00,0.00,0.00,0,0,0.00,0.00,0,0
1508203192,total,249322.00,259722.00,509044.00,259722,249322,177.00,181.00,358.00,181,177,0.00,0.00,0,0
1508203193,s1,0.00,0.00,0.00,0,0,0.00,0.00,0.00,0,0,0.00,0.00,0,0
1508203193,eth0,0.00,0.00,0.00,0,0,0.00,0.00,0.00,0,0,0.00,0.00,0,0
1508203193,s1-eth2,5280.00,248808.00,254088.00,248808,5280,80.00,84.00,164.00,84,80,0.00,0.00,0,0
1508203193,s1-eth1,245846.00,5280.00,251126.00,5280,245846,83.00,80.00,163.00,80,83,0.00,0.00,0,0
1508203193,lo,0.00,0.00,0.00,0,0,0.00,0.00,0.00,0,0,0.00,0.00,0,0
1508203193,total,251126.00,254088.00,505214.00,254088,251126,163.00,164.00,327.00,164,163,0.00,0.00,0,0
1508203194,s1,0.00,0.00,0.00,0,0,0.00,0.00,0.00,0,0,0.00,0.00,0,0
1508203194,eth0,0.00,0.00,0.00,0,0,0.00,0.00,0.00,0,0,0.00,0.00,0,0
1508203194,s1-eth2,5880.12,255005.00,260885.12,255260,5886,86.91,93.91,180.82,94,87,0.00,0.00,0,0
1508203194,s1-eth1,246127.88,5880.12,252008.00,5886,246374,90.91,86.91,177.82,87,91,0.00,0.00,0,0
1508203194,lo,0.00,0.00,0.00,0,0,0.00,0.00,0.00,0,0,0.00,0.00,0,0
1508203194,total,252008.00,260885.12,512893.12,261146,252260,177.82,180.82,358.64,181,178,0.00,0.00,0,0
1508203195,s1,0.00,0.00,0.00,0,0,0.00,0.00,0.00,0,0,0.00,0.00,0,0
1508203195,eth0,0.00,0.00,0.00,0,0,0.00,0.00,0.00,0,0,0.00,0.00,0,0
1508203195,s1-eth2,5826.00,247954.00,253780.00,247954,5826,85.00,93.00,178.00,93,85,0.00,0.00,0,0
1508203195,s1-eth1,243478.00,5826.00,249304.00,5826,243478,91.00,85.00,176.00,85,91,0.00,0.00,0,0
1508203195,lo,0.00,0.00,0.00,0,0,0.00,0.00,0.00,0,0,0.00,0.00,0,0
1508203195,total,249304.00,253780.00,503084.00,253780,249304,176.00,178.00,354.00,178,176,0.00,0.00,0,0
1508203196,s1,0.00,0.00,0.00,0,0,0.00,0.00,0.00,0,0,0.00,0.00,0,0
1508203196,eth0,0.00,0.00,0.00,0,0,0.00,0.00,0.00,0,0,0.00,0.00,0,0
1508203196,s1-eth2,6432.00,255656.00,262088.00,255656,6432,94.00,100.00,194.00,100,94,0.00,0.00,0,0
1508203196,s1-eth1,246770.00,6432.00,253202.00,6432,246770,97.00,94.00,191.00,94,97,0.00,0.00,0,0
1508203196,lo,172.00,172.00,344.00,172,172,3.00,3.00,6.00,3,3,0.00,0.00,0,0
1508203196,total,253374.00,262260.00,515634.00,262260,253374,194.00,197.00,391.00,197,194,0.00,0.00,0,0
1508203197,s1,0.00,0.00,0.00,0,0,0.00,0.00,0.00,0,0,0.00,0.00,0,0
1508203197,eth0,0.00,0.00,0.00,0,0,0.00,0.00,0.00,0,0,0.00,0.00,0,0
1508203197,s1-eth2,5454.00,251812.00,257266.00,251812,5454,83.00,86.00,169.00,86,83,0.00,0.00,0,0
1508203197,s1-eth1,242926.00,5454.00,248380.00,5454,242926,83.00,83.00,166.00,83,83,0.00,0.00,0,0
1508203197,lo,296.00,296.00,592.00,296,296,3.00,3.00,6.00,3,3,0.00,0.00,0,0
1508203197,total,248676.00,257562.00,506238.00,257562,248676,169.00,172.00,341.00,172,169,0.00,0.00,0,0
1508203198,s1,0.00,0.00,0.00,0,0,0.00,0.00,0.00,0,0,0.00,0.00,0,0
1508203198,eth0,0.00,0.00,0.00,0,0,0.00,0.00,0.00,0,0,0.00,0.00,0,0
1508203198,s1-eth2,6246.00,246242.00,252488.00,246242,6246,89.00,89.00,178.00,89,89,0.00,0.00,0,0
1508203198,s1-eth1,246242.00,5970.00,252212.00,5970,246242,89.00,89.00,178.00,89,89,0.00,0.00,0,0
1508203198,lo,0.00,0.00,0.00,0,0,0.00,0.00,0.00,0,0,0.00,0.00,0,0
1508203198,total,252488.00,252212.00,504700.00,252212,252488,178.00,178.00,356.00,178,178,0.00,0.00,0,0
1508203199,s1,0.00,0.00,0.00,0,0,0.00,0.00,0.00,0,0,0.00,0.00,0,0
1508203199,eth0,0.00,0.00,0.00,0,0,0.00,0.00,0.00,0,0,0.00,0.00,0,0
1508203199,s1-eth2,6366.00,248086.00,254452.00,248086,6366,93.00,95.00,188.00,95,93,0.00,0.00,0,0
1508203199,s1-eth1,246572.00,6300.00,252872.00,6300,246572,94.00,92.00,186.00,92,94,0.00,0.00,0,0
1508203199,lo,0.00,0.00,0.00,0,0,0.00,0.00,0.00,0,0,0.00,0.00,0,0
1508203199,total,252938.00,254386.00,507324.00,254386,252938,187.00,187.00,374.00,187,187,0.00,0.00,0,0
1508203200,s1,0.00,0.00,0.00,0,0,0.00,0.00,0.00,0,0,0.00,0.00,0,0
1508203200,eth0,0.00,0.00,0.00,0,0,0.00,0.00,0.00,0,0,0.00,0.00,0,0
1508203200,s1-eth2,5526.00,251902.00,257428.00,251902,5526,83.00,87.00,170.00,87,83,0.00,0.00,0,0
1508203200,s1-eth1,243016.00,5526.00,248542.00,5526,243016,84.00,83.00,167.00,83,84,0.00,0.00,0,0
1508203200,lo,0.00,0.00,0.00,0,0,0.00,0.00,0.00,0,0,0.00,0.00,0,0
1508203200,total,248542.00,257428.00,505970.00,257428,248542,167.00,170.00,337.00,170,167,0.00,0.00,0,0
1508203201,s1,0.00,0.00,0.00,0,0,0.00,0.00,0.00,0,0,0.00,0.00,0,0
1508203201,eth0,0.00,0.00,0.00,0,0,0.00,0.00,0.00,0,0,0.00,0.00,0,0
1508203201,s1-eth2,6468.00,255722.00,262190.00,255722,6468,94.00,101.00,195.00,101,94,0.00,0.00,0,0
1508203201,s1-eth1,246836.00,6468.00,253304.00,6468,246836,98.00,94.00,192.00,94,98,0.00,0.00,0,0
1508203201,lo,172.00,172.00,344.00,172,172,3.00,3.00,6.00,3,3,0.00,0.00,0,0
1508203201,total,253476.00,262362.00,515838.00,262362,253476,195.00,198.00,393.00,198,195,0.00,0.00,0,0
1508203202,s1,0.00,0.00,0.00,0,0,0.00,0.00,0.00,0,0,0.00,0.00,0,0
1508203202,eth0,0.00,0.00,0.00,0,0,0.00,0.00,0.00,0,0,0.00,0.00,0,0
1508203202,s1-eth2,6342.00,260000.00,266342.00,260000,6342,93.00,100.00,193.00,100,93,0.00,0.00,0,0
1508203202,s1-eth1,243610.00,6342.00,249952.00,6342,243610,93.00,93.00,186.00,93,93,0.00,0.00,0,0
1508203202,lo,0.00,0.00,0.00,0,0,0.00,0.00,0.00,0,0,0.00,0.00,0,0
1508203202,total,249952.00,266342.00,516294.00,266342,249952,186.00,193.00,379.00,193,186,0.00,0.00,0,0
1508203203,s1,0.00,0.00,0.00,0,0,0.00,0.00,0.00,0,0,0.00,0.00,0,0
1508203203,eth0,0.00,0.00,0.00,0,0,0.00,0.00,0.00,0,0,0.00,0.00,0,0
1508203203,s1-eth2,5694.00,255062.00,260756.00,255062,5694,85.00,91.00,176.00,91,85,0.00,0.00,0,0
1508203203,s1-eth1,246584.00,5694.00,252278.00,5694,246584,90.00,85.00,175.00,85,90,0.00,0.00,0,0
1508203203,lo,0.00,0.00,0.00,0,0,0.00,0.00,0.00,0,0,0.00,0.00,0,0
1508203203,total,252278.00,260756.00,513034.00,260756,252278,175.00,176.00,351.00,176,175,0.00,0.00,0,0
1508203204,s1,0.00,0.00,0.00,0,0,0.00,0.00,0.00,0,0,0.00,0.00,0,0
1508203204,eth0,0.00,0.00,0.00,0,0,0.00,0.00,0.00,0,0,0.00,0.00,0,0
1508203204,s1-eth2,6018.00,250784.00,256802.00,250784,6018,89.00,92.00,181.00,92,89,0.00,0.00,0,0
1508203204,s1-eth1,243346.00,6018.00,249364.00,6018,243346,89.00,89.00,178.00,89,89,0.00,0.00,0,0
1508203204,lo,0.00,0.00,0.00,0,0,0.00,0.00,0.00,0,0,0.00,0.00,0,0
1508203204,total,249364.00,256802.00,506166.00,256802,249364,178.00,181.00,359.00,181,178,0.00,0.00,0,0
1508203205,s1,0.00,0.00,0.00,0,0,0.00,0.00,0.00,0,0,0.00,0.00,0,0
1508203205,eth0,0.00,0.00,0.00,0,0,0.00,0.00,0.00,0,0,0.00,0.00,0,0
1508203205,s1-eth2,5387.00,251770.00,257157.00,251770,5387,81.00,85.00,166.00,85,81,0.00,0.00,0,0
1508203205,s1-eth1,245953.00,5346.00,251299.00,5346,245953,84.00,81.00,165.00,81,84,0.00,0.00,0,0
1508203205,lo,0.00,0.00,0.00,0,0,0.00,0.00,0.00,0,0,0.00,0.00,0,0
1508203205,total,251340.00,257116.00,508456.00,257116,251340,165.00,166.00,331.00,166,165,0.00,0.00,0,0
1508203206,s1,0.00,0.00,0.00,0,0,0.00,0.00,0.00,0,0,0.00,0.00,0,0
1508203206,eth0,0.00,0.00,0.00,0,0,0.00,0.00,0.00,0,0,0.00,0.00,0,0
1508203206,s1-eth2,6936.00,254406.00,261342.00,254406,6936,96.00,103.00,199.00,103,96,0.00,0.00,0,0
1508203206,s1-eth1,246902.00,6528.00,253430.00,6528,246902,99.00,94.00,193.00,94,99,0.00,0.00,0,0
1508203206,lo,172.00,172.00,344.00,172,172,3.00,3.00,6.00,3,3,0.00,0.00,0,0
1508203206,total,254010.00,261106.00,515116.00,261106,254010,198.00,200.00,398.00,200,198,0.00,0.00,0,0
1508203207,s1,0.00,0.00,0.00,0,0,0.00,0.00,0.00,0,0,0.00,0.00,0,0
1508203207,eth0,0.00,0.00,0.00,0,0,0.00,0.00,0.00,0,0,0.00,0.00,0,0
1508203207,s1-eth2,5802.00,249072.00,254874.00,249072,5802,87.00,88.00,175.00,88,87,0.00,0.00,0,0
1508203207,s1-eth1,243148.00,5802.00,248950.00,5802,243148,86.00,87.00,173.00,87,86,0.00,0.00,0,0
1508203207,lo,0.00,0.00,0.00,0,0,0.00,0.00,0.00,0,0,0.00,0.00,0,0
1508203207,total,248950.00,254874.00,503824.00,254874,248950,173.00,175.00,348.00,175,173,0.00,0.00,0,0
1508203208,s1,0.00,0.00,0.00,0,0,0.00,0.00,0.00,0,0,0.00,0.00,0,0
1508203208,eth0,0.00,0.00,0.00,0,0,0.00,0.00,0.00,0,0,0.00,0.00,0,0
1508203208,s1-eth2,5640.00,253548.00,259188.00,253548,5640,84.00,90.00,174.00,90,84,0.00,0.00,0,0
1508203208,s1-eth1,246110.00,5640.00,251750.00,5640,246110,87.00,84.00,171.00,84,87,0.00,0.00,0,0
1508203208,lo,0.00,0.00,0.00,0,0,0.00,0.00,0.00,0,0,0.00,0.00,0,0
1508203208,total,251750.00,259188.00,510938.00,259188,251750,171.00,174.00,345.00,174,171,0.00,0.00,0,0
1508203209,s1,0.00,0.00,0.00,0,0,0.00,0.00,0.00,0,0,0.00,0.00,0,0
1508203209,eth0,0.00,0.00,0.00,0,0,0.00,0.00,0.00,0,0,0.00,0.00,0,0
1508203209,s1-eth2,5886.00,255128.00,261014.00,255128,5886,87.00,92.00,179.00,92,87,0.00,0.00,0,0
1508203209,s1-eth1,243280.00,5886.00,249166.00,5886,243280,88.00,87.00,175.00,87,88,0.00,0.00,0,0
1508203209,lo,0.00,0.00,0.00,0,0,0.00,0.00,0.00,0,0,0.00,0.00,0,0
1508203209,total,249166.00,261014.00,510180.00,261014,249166,175.00,179.00,354.00,179,175,0.00,0.00,0,0
1508203210,s1,0.00,0.00,0.00,0,0,0.00,0.00,0.00,0,0,0.00,0.00,0,0
1508203210,eth0,0.00,85.91,85.91,86,0,0.00,1.00,1.00,1,0,0.00,0.00,0,0
1508203210,s1-eth2,5790.21,249020.98,254811.20,249270,5796,85.91,90.91,176.82,91,86,0.00,0.00,0,0
1508203210,s1-eth1,246403.61,5790.21,252193.81,5796,246650,90.91,85.91,176.82,86,91,0.00,0.00,0,0
1508203210,lo,0.00,0.00,0.00,0,0,0.00,0.00,0.00,0,0,0.00,0.00,0,0
1508203210,total,252193.81,254897.11,507090.94,255152,252446,176.82,177.82,354.65,178,177,0.00,0.00,0,0
1508203211,s1,0.00,0.00,0.00,0,0,0.00,0.00,0.00,0,0,0.00,0.00,0,0
1508203211,eth0,0.00,0.00,0.00,0,0,0.00,0.00,0.00,0,0,0.00,0.00,0,0
1508203211,s1-eth2,5670.00,250454.00,256124.00,250454,5670,85.00,87.00,172.00,87,85,0.00,0.00,0,0
1508203211,s1-eth1,243016.00,5670.00,248686.00,5670,243016,84.00,85.00,169.00,85,84,0.00,0.00,0,0
1508203211,lo,172.00,172.00,344.00,172,172,3.00,3.00,6.00,3,3,0.00,0.00,0,0
1508203211,total,248858.00,256296.00,505154.00,256296,248858,172.00,175.00,347.00,175,172,0.00,0.00,0,0
1508203212,s1,0.00,0.00,0.00,0,0,0.00,0.00,0.00,0,0,0.00,0.00,0,0
1508203212,eth0,0.00,0.00,0.00,0,0,0.00,0.00,0.00,0,0,0.00,0.00,0,0
1508203212,s1-eth2,6066.00,252430.00,258496.00,252430,6066,89.00,95.00,184.00,95,89,0.00,0.00,0,0
1508203212,s1-eth1,246506.00,6066.00,252572.00,6066,246506,93.00,89.00,182.00,89,93,0.00,0.00,0,0
1508203212,lo,0.00,0.00,0.00,0,0,0.00,0.00,0.00,0,0,0.00,0.00,0,0
1508203212,total,252572.00,258496.00,511068.00,258496,252572,182.00,184.00,366.00,184,182,0.00,0.00,0,0
1508203213,s1,0.00,0.00,0.00,0,0,0.00,0.00,0.00,0,0,0.00,0.00,0,0
1508203213,eth0,0.00,0.00,0.00,0,0,0.00,0.00,0.00,0,0,0.00,0.00,0,0
1508203213,s1-eth2,5286.00,254996.00,260282.00,254996,5286,79.00,90.00,169.00,90,79,0.00,0.00,0,0
1508203213,s1-eth1,246110.00,5286.00,251396.00,5286,246110,87.00,79.00,166.00,79,87,0.00,0.00,0,0
1508203213,lo,0.00,0.00,0.00,0,0,0.00,0.00,0.00,0,0,0.00,0.00,0,0
1508203213,total,251396.00,260282.00,511678.00,260282,251396,166.00,169.00,335.00,169,166,0.00,0.00,0,0
1508203214,s1,0.00,0.00,0.00,0,0,0.00,0.00,0.00,0,0,0.00,0.00,0,0
1508203214,eth0,0.00,0.00,0.00,0,0,0.00,0.00,0.00,0,0,0.00,0.00,0,0
1508203214,s1-eth2,5884.00,250916.00,256800.00,250916,5884,86.00,94.00,180.00,94,86,0.00,0.00,0,0
1508203214,s1-eth1,243478.00,5884.00,249362.00,5884,243478,91.00,86.00,177.00,86,91,0.00,0.00,0,0
1508203214,lo,0.00,0.00,0.00,0,0,0.00,0.00,0.00,0,0,0.00,0.00,0,0
1508203214,total,249362.00,256800.00,506162.00,256800,249362,177.00,180.00,357.00,180,177,0.00,0.00,0,0
1508203215,s1,0.00,0.00,0.00,0,0,0.00,0.00,0.00,0,0,0.00,0.00,0,0
1508203215,eth0,0.00,0.00,0.00,0,0,0.00,0.00,0.00,0,0,0.00,0.00,0,0
1508203215,s1-eth2,6018.00,249270.00,255288.00,249270,6018,89.00,91.00,180.00,91,89,0.00,0.00,0,0
1508203215,s1-eth1,246308.00,6018.00,252326.00,6018,246308,90.00,89.00,179.00,89,90,0.00,0.00,0,0
1508203215,lo,0.00,0.00,0.00,0,0,0.00,0.00,0.00,0,0,0.00,0.00,0,0
1508203215,total,252326.00,255288.00,507614.00,255288,252326,179.00,180.00,359.00,180,179,0.00,0.00,0,0
1508203216,s1,0.00,0.00,0.00,0,0,0.00,0.00,0.00,0,0,0.00,0.00,0,0
1508203216,eth0,0.00,0.00,0.00,0,0,0.00,0.00,0.00,0,0,0.00,0.00,0,0
1508203216,s1-eth2,5922.00,254864.00,260786.00,254864,5922,85.00,88.00,173.00,88,85,0.00,0.00,0,0
1508203216,s1-eth1,243016.00,5580.00,248596.00,5580,243016,84.00,84.00,168.00,84,84,0.00,0.00,0,0
1508203216,lo,172.00,172.00,344.00,172,172,3.00,3.00,6.00,3,3,0.00,0.00,0,0
1508203216,total,249110.00,260616.00,509726.00,260616,249110,172.00,175.00,347.00,175,172,0.00,0.00,0,0
1508203217,s1,0.00,0.00,0.00,0,0,0.00,0.00,0.00,0,0,0.00,0.00,0,0
1508203217,eth0,0.00,0.00,0.00,0,0,0.00,0.00,0.00,0,0,0.00,0.00,0,0
1508203217,s1-eth2,5730.00,247822.00,253552.00,247822,5730,85.00,91.00,176.00,91,85,0.00,0.00,0,0
1508203217,s1-eth1,246308.00,5730.00,252038.00,5730,246308,90.00,85.00,175.00,85,90,0.00,0.00,0,0
1508203217,lo,0.00,0.00,0.00,0,0,0.00,0.00,0.00,0,0,0.00,0.00,0,0
1508203217,total,252038.00,253552.00,505590.00,253552,252038,175.00,176.00,351.00,176,175,0.00,0.00,0,0
1508203218,s1,0.00,0.00,0.00,0,0,0.00,0.00,0.00,0,0,0.00,0.00,0,0
1508203218,eth0,0.00,0.00,0.00,0,0,0.00,0.00,0.00,0,0,0.00,0.00,0,0
1508203218,s1-eth2,5544.46,250401.61,255946.06,250652,5550,82.92,89.91,172.83,90,83,0.00,0.00,0,0
1508203218,s1-eth1,245864.14,5544.46,251408.59,5550,246110,86.91,82.92,169.83,83,87,0.00,0.00,0,0
1508203218,lo,0.00,0.00,0.00,0,0,0.00,0.00,0.00,0,0,0.00,0.00,0,0
1508203218,total,251408.59,255946.06,507354.66,256202,251660,169.83,172.83,342.66,173,170,0.00,0.00,0,0
1508203219,s1,0.00,0.00,0.00,0,0,0.00,0.00,0.00,0,0,0.00,0.00,0,0
1508203219,eth0,0.00,60.00,60.00,60,0,0.00,1.00,1.00,1,0,0.00,0.00,0,0
1508203219,s1-eth2,6398.00,258552.00,264950.00,258552,6398,93.00,100.00,193.00,100,93,0.00,0.00,0,0
1508203219,s1-eth1,243808.00,6398.00,250206.00,6398,243808,96.00,93.00,189.00,93,96,0.00,0.00,0,0
1508203219,lo,0.00,0.00,0.00,0,0,0.00,0.00,0.00,0,0,0.00,0.00,0,0
1508203219,total,250206.00,265010.00,515216.00,265010,250206,189.00,194.00,383.00,194,189,0.00,0.00,0,0
1508203220,s1,0.00,0.00,0.00,0,0,0.00,0.00,0.00,0,0,0.00,0.00,0,0
1508203220,eth0,728.00,706.00,1434.00,706,728,8.00,6.00,14.00,6,8,0.00,0.00,0,0
1508203220,s1-eth2,6770.00,249600.00,256370.00,249600,6770,95.00,96.00,191.00,96,95,0.00,0.00,0,0
1508203220,s1-eth1,247200.00,6318.00,253518.00,6318,247200,98.00,93.00,191.00,93,98,0.00,0.00,0,0
1508203220,lo,682.00,682.00,1364.00,682,682,8.00,8.00,16.00,8,8,0.00,0.00,0,0
1508203220,total,255380.00,257306.00,512686.00,257306,255380,209.00,203.00,412.00,203,209,0.00,0.00,0,0
1508203221,s1,0.00,0.00,0.00,0,0,0.00,0.00,0.00,0,0,0.00,0.00,0,0
1508203221,eth0,152.00,245.00,397.00,245,152,2.00,2.00,4.00,2,2,0.00,0.00,0,0
1508203221,s1-eth2,5576.00,251812.00,257388.00,251812,5576,84.00,86.00,170.00,86,84,0.00,0.00,0,0
1508203221,s1-eth1,243004.00,5388.00,248392.00,5388,243004,84.00,82.00,166.00,82,84,0.00,0.00,0,0
1508203221,lo,513.00,513.00,1026.00,513,513,7.00,7.00,14.00,7,7,0.00,0.00,0,0
1508203221,total,249245.00,257958.00,507203.00,257958,249245,177.00,177.00,354.00,177,177,0.00,0.00,0,0
1508203222,s1,0.00,0.00,0.00,0,0,0.00,0.00,0.00,0,0,0.00,0.00,0,0
1508203222,eth0,304.00,490.00,794.00,490,304,4.00,4.00,8.00,4,4,0.00,0.00,0,0
1508203222,s1-eth2,7581.00,248152.00,255733.00,248152,7581,95.00,96.00,191.00,96,95,0.00,0.00,0,0
1508203222,s1-eth1,244978.00,5802.00,250780.00,5802,244978,101.00,85.00,186.00,85,101,0.00,0.00,0,0
1508203222,lo,682.00,682.00,1364.00,682,682,8.00,8.00,16.00,8,8,0.00,0.00,0,0
1508203222,total,253545.00,255126.00,508671.00,255126,253545,208.00,193.00,401.00,193,208,0.00,0.00,0,0
1508203223,s1,0.00,0.00,0.00,0,0,0.00,0.00,0.00,0,0,0.00,0.00,0,0
1508203223,eth0,152.00,245.00,397.00,245,152,2.00,2.00,4.00,2,2,0.00,0.00,0,0
1508203223,s1-eth2,6489.00,251902.00,258391.00,251902,6489,87.00,87.00,174.00,87,87,0.00,0.00,0,0
1508203223,s1-eth1,247076.00,5526.00,252602.00,5526,247076,91.00,83.00,174.00,83,91,0.00,0.00,0,0
1508203223,lo,341.00,341.00,682.00,341,341,4.00,4.00,8.00,4,4,0.00,0.00,0,0
1508203223,total,254058.00,258014.00,512072.00,258014,254058,184.00,176.00,360.00,176,184,0.00,0.00,0,0
1508203224,s1,0.00,0.00,0.00,0,0,0.00,0.00,0.00,0,0,0.00,0.00,0,0
1508203224,eth0,0.00,0.00,0.00,0,0,0.00,0.00,0.00,0,0,0.00,0.00,0,0
1508203224,s1-eth2,6111.00,252166.00,258277.00,252166,6111,87.00,91.00,178.00,91,87,0.00,0.00,0,0
1508203224,s1-eth1,243949.00,5784.00,249733.00,5784,243949,90.00,86.00,176.00,86,90,0.00,0.00,0,0
1508203224,lo,0.00,0.00,0.00,0,0,0.00,0.00,0.00,0,0,0.00,0.00,0,0
1508203224,total,250060.00,257950.00,508010.00,257950,250060,177.00,177.00,354.00,177,177,0.00,0.00,0,0
1508203225,s1,0.00,0.00,0.00,0,0,0.00,0.00,0.00,0,0,0.00,0.00,0,0
1508203225,eth0,60.00,60.00,120.00,60,60,1.00,1.00,2.00,1,1,0.00,0.00,0,0
1508203225,s1-eth2,6434.00,252298.00,258732.00,252298,6434,92.00,93.00,185.00,93,92,0.00,0.00,0,0
1508203225,s1-eth1,243786.00,6060.00,249846.00,6060,243786,92.00,90.00,182.00,90,92,0.00,0.00,0,0
1508203225,lo,0.00,0.00,0.00,0,0,0.00,0.00,0.00,0,0,0.00,0.00,0,0
1508203225,total,250280.00,258418.00,508698.00,258418,250280,185.00,184.00,369.00,184,185,0.00,0.00,0,0
1508203226,s1,0.00,0.00,0.00,0,0,0.00,0.00,0.00,0,0,0.00,0.00,0,0
1508203226,eth0,0.00,0.00,0.00,0,0,0.00,0.00,0.00,0,0,0.00,0.00,0,0
1508203226,s1-eth2,6349.00,244728.00,251077.00,244728,6349,86.00,88.00,174.00,88,86,0.00,0.00,0,0
1508203226,s1-eth1,245059.00,5610.00,250669.00,5610,245059,89.00,83.00,172.00,83,89,0.00,0.00,0,0
1508203226,lo,172.00,172.00,344.00,172,172,3.00,3.00,6.00,3,3,0.00,0.00,0,0
1508203226,total,251580.00,250510.00,502090.00,250510,251580,178.00,174.00,352.00,174,178,0.00,0.00,0,0
1508203227,s1,0.00,0.00,0.00,0,0,0.00,0.00,0.00,0,0,0.00,0.00,0,0
1508203227,eth0,0.00,0.00,0.00,0,0,0.00,0.00,0.00,0,0,0.00,0.00,0,0
1508203227,s1-eth2,5280.00,251770.00,257050.00,251770,5280,80.00,85.00,165.00,85,80,0.00,0.00,0,0
1508203227,s1-eth1,244740.00,5280.00,250020.00,5280,244740,84.00,80.00,164.00,80,84,0.00,0.00,0,0
1508203227,lo,0.00,0.00,0.00,0,0,0.00,0.00,0.00,0,0,0.00,0.00,0,0
1508203227,total,250020.00,257050.00,507070.00,257050,250020,164.00,165.00,329.00,165,164,0.00,0.00,0,0
1508203228,s1,0.00,0.00,0.00,0,0,0.00,0.00,0.00,0,0,0.00,0.00,0,0
1508203228,eth0,0.00,0.00,0.00,0,0,0.00,0.00,0.00,0,0,0.00,0.00,0,0
1508203228,s1-eth2,5988.00,246440.00,252428.00,246440,5988,88.00,92.00,180.00,92,88,0.00,0.00,0,0
1508203228,s1-eth1,246440.00,5988.00,252428.00,5988,246440,92.00,88.00,180.00,88,92,0.00,0.00,0,0
1508203228,lo,0.00,0.00,0.00,0,0,0.00,0.00,0.00,0,0,0.00,0.00,0,0
1508203228,total,252428.00,252428.00,504856.00,252428,252428,180.00,180.00,360.00,180,180,0.00,0.00,0,0
1508203229,s1,0.00,0.00,0.00,0,0,0.00,0.00,0.00,0,0,0.00,0.00,0,0
1508203229,eth0,0.00,0.00,0.00,0,0,0.00,0.00,0.00,0,0,0.00,0.00,0,0
1508203229,s1-eth2,6220.78,253624.38,259845.16,253878,6227,90.91,94.91,185.81,95,91,0.00,0.00,0,0
1508203229,s1-eth1,246300.70,6113.89,252414.59,6120,246547,92.91,89.91,182.82,90,93,0.00,0.00,0,0
1508203229,lo,0.00,0.00,0.00,0,0,0.00,0.00,0.00,0,0,0.00,0.00,0,0
1508203229,total,252521.48,259738.27,512259.75,259998,252774,183.82,184.82,368.63,185,184,0.00,0.00,0,0
1508203230,s1,0.00,0.00,0.00,0,0,0.00,0.00,0.00,0,0,0.00,0.00,0,0
1508203230,eth0,0.00,0.00,0.00,0,0,0.00,0.00,0.00,0,0,0.00,0.00,0,0
1508203230,s1-eth2,5920.00,249336.00,255256.00,249336,5920,88.00,92.00,180.00,92,88,0.00,0.00,0,0
1508203230,s1-eth1,243482.00,5916.00,249398.00,5916,243482,91.00,88.00,179.00,88,91,0.00,0.00,0,0
1508203230,lo,0.00,0.00,0.00,0,0,0.00,0.00,0.00,0,0,0.00,0.00,0,0
1508203230,total,249402.00,255252.00,504654.00,255252,249402,179.00,180.00,359.00,180,179,0.00,0.00,0,0
1508203231,s1,0.00,0.00,0.00,0,0,0.00,0.00,0.00,0,0,0.00,0.00,0,0
1508203231,eth0,0.00,0.00,0.00,0,0,0.00,0.00,0.00,0,0,0.00,0.00,0,0
1508203231,s1-eth2,5010.99,206477.53,211488.52,206684,5016,73.93,81.92,155.84,82,74,0.00,0.00,0,0
1508203231,s1-eth1,193128.88,5010.99,198139.86,5016,193322,76.92,73.93,150.85,74,77,0.00,0.00,0,0
1508203231,lo,171.83,171.83,343.66,172,172,3.00,3.00,5.99,3,3,0.00,0.00,0,0
1508203231,total,198311.69,211660.34,409972.03,211872,198510,153.85,158.84,312.69,159,154,0.00,0.00,0,0
1508203232,s1,0.00,0.00,0.00,0,0,0.00,0.00,0.00,0,0,0.00,0.00,0,0
1508203232,eth0,0.00,0.00,0.00,0,0,0.00,0.00,0.00,0,0,0.00,0.00,0,0
1508203232,s1-eth2,5280.00,251770.00,257050.00,251770,5280,80.00,85.00,165.00,85,80,0.00,0.00,0,0
1508203232,s1-eth1,245846.00,5214.00,251060.00,5214,245846,83.00,79.00,162.00,79,83,0.00,0.00,0,0
1508203232,lo,0.00,0.00,0.00,0,0,0.00,0.00,0.00,0,0,0.00,0.00,0,0
1508203232,total,251126.00,256984.00,508110.00,256984,251126,163.00,164.00,327.00,164,163,0.00,0.00,0,0
1508203233,s1,0.00,0.00,0.00,0,0,0.00,0.00,0.00,0,0,0.00,0.00,0,0
1508203233,eth0,0.00,0.00,0.00,0,0,0.00,0.00,0.00,0,0,0.00,0.00,0,0
1508203233,s1-eth2,6642.00,249996.00,256638.00,249996,6642,97.00,102.00,199.00,102,97,0.00,0.00,0,0
1508203233,s1-eth1,244414.00,6708.00,251122.00,6708,244414,101.00,98.00,199.00,98,101,0.00,0.00,0,0
1508203233,lo,0.00,0.00,0.00,0,0,0.00,0.00,0.00,0,0,0.00,0.00,0,0
1508203233,total,251056.00,256704.00,507760.00,256704,251056,198.00,200.00,398.00,200,198,0.00,0.00,0,0
1508203234,s1,0.00,0.00,0.00,0,0,0.00,0.00,0.00,0,0,0.00,0.00,0,0
1508203234,eth0,0.00,0.00,0.00,0,0,0.00,0.00,0.00,0,0,0.00,0.00,0,0
1508203234,s1-eth2,5268.73,197444.56,202713.30,197642,5274,74.93,72.93,147.85,73,75,0.00,0.00,0,0
1508203234,s1-eth1,197444.56,4861.14,202305.70,4866,197642,72.93,72.93,145.85,73,73,0.00,0.00,0,0
1508203234,lo,0.00,0.00,0.00,0,0,0.00,0.00,0.00,0,0,0.00,0.00,0,0
1508203234,total,202713.30,202305.70,405019.00,202508,202916,147.85,145.85,293.71,146,148,0.00,0.00,0,0
1508203235,s1,0.00,0.00,0.00,0,0,0.00,0.00,0.00,0,0,0.00,0.00,0,0
1508203235,eth0,0.00,0.00,0.00,0,0,0.00,0.00,0.00,0,0,0.00,0.00,0,0
1508203235,s1-eth2,0.00,0.00,0.00,0,0,0.00,0.00,0.00,0,0,0.00,0.00,0,0
1508203235,s1-eth1,0.00,0.00,0.00,0,0,0.00,0.00,0.00,0,0,0.00,0.00,0,0
1508203235,lo,0.00,0.00,0.00,0,0,0.00,0.00,0.00,0,0,0.00,0.00,0,0
1508203235,total,0.00,0.00,0.00,0,0,0.00,0.00,0.00,0,0,0.00,0.00,0,0
1508203236,s1,0.00,0.00,0.00,0,0,0.00,0.00,0.00,0,0,0.00,0.00,0,0
1508203236,eth0,0.00,0.00,0.00,0,0,0.00,0.00,0.00,0,0,0.00,0.00,0,0
1508203236,s1-eth2,0.00,0.00,0.00,0,0,0.00,0.00,0.00,0,0,0.00,0.00,0,0
1508203236,s1-eth1,0.00,0.00,0.00,0,0,0.00,0.00,0.00,0,0,0.00,0.00,0,0
1508203236,lo,172.00,172.00,344.00,172,172,3.00,3.00,6.00,3,3,0.00,0.00,0,0
1508203236,total,172.00,172.00,344.00,172,172,3.00,3.00,6.00,3,3,0.00,0.00,0,0
1508203237,s1,0.00,0.00,0.00,0,0,0.00,0.00,0.00,0,0,0.00,0.00,0,0
1508203237,eth0,0.00,0.00,0.00,0,0,0.00,0.00,0.00,0,0,0.00,0.00,0,0
1508203237,s1-eth2,107.00,0.00,107.00,0,107,1.00,0.00,1.00,0,1,0.00,0.00,0,0
1508203237,s1-eth1,107.00,0.00,107.00,0,107,1.00,0.00,1.00,0,1,0.00,0.00,0,0
1508203237,lo,0.00,0.00,0.00,0,0,0.00,0.00,0.00,0,0,0.00,0.00,0,0
1508203237,total,214.00,0.00,214.00,0,214,2.00,0.00,2.00,0,2,0.00,0.00,0,0
1508203238,s1,0.00,0.00,0.00,0,0,0.00,0.00,0.00,0,0,0.00,0.00,0,0
1508203238,eth0,0.00,0.00,0.00,0,0,0.00,0.00,0.00,0,0,0.00,0.00,0,0
1508203238,s1-eth2,0.00,0.00,0.00,0,0,0.00,0.00,0.00,0,0,0.00,0.00,0,0
1508203238,s1-