1508120822,eth0,0.00,0.00,0.00,0,0,0.00,0.00,0.00,0,0,0.00,0.00,0,0
1508120822,s2,0.00,0.00,0.00,0,0,0.00,0.00,0.00,0,0,0.00,0.00,0,0
1508120822,s2-eth2,0.00,0.00,0.00,0,0,0.00,0.00,0.00,0,0,0.00,0.00,0,0
1508120822,s2-eth1,0.00,0.00,0.00,0,0,0.00,0.00,0.00,0,0,0.00,0.00,0,0
1508120822,lo,0.00,0.00,0.00,0,0,0.00,0.00,0.00,0,0,0.00,0.00,0,0
1508120822,total,0.00,0.00,0.00,0,0,0.00,0.00,0.00,0,0,0.00,0.00,0,0
1508120823,eth0,151.85,244.76,396.60,245,152,2.00,2.00,4.00,2,2,0.00,0.00,0,0
1508120823,s2,249.75,179.82,429.57,180,250,3.00,2.00,5.00,2,3,0.00,0.00,0,0
1508120823,s2-eth2,3994.01,75940.06,79934.07,76016,3998,32.97,31.97,64.94,32,33,0.00,0.00,0,0
1508120823,s2-eth1,66439.56,1548.45,67988.02,1550,66506,38.96,20.98,59.94,21,39,0.00,0.00,0,0
1508120823,lo,2086.91,2086.91,4173.83,2089,2089,21.98,21.98,43.96,22,22,0.00,0.00,0,0
1508120823,total,72922.08,80000.00,152922.08,80080,72995,98.90,78.92,177.82,79,99,0.00,0.00,0,0
1508120824,eth0,152.00,245.00,397.00,245,152,2.00,2.00,4.00,2,2,0.00,0.00,0,0
1508120824,s2,0.00,0.00,0.00,0,0,0.00,0.00,0.00,0,0,0.00,0.00,0,0
1508120824,s2-eth2,4136.00,164622.00,168758.00,164622,4136,57.00,59.00,116.00,59,57,0.00,0.00,0,0
1508120824,s2-eth1,156330.00,3762.00,160092.00,3762,156330,58.00,55.00,113.00,55,58,0.00,0.00,0,0
1508120824,lo,341.00,341.00,682.00,341,341,4.00,4.00,8.00,4,4,0.00,0.00,0,0
1508120824,total,160959.00,168970.00,329929.00,168970,160959,121.00,120.00,241.00,120,121,0.00,0.00,0,0
1508120825,eth0,0.00,0.00,0.00,0,0,0.00,0.00,0.00,0,0,0.00,0.00,0,0
1508120825,s2,0.00,0.00,0.00,0,0,0.00,0.00,0.00,0,0,0.00,0.00,0,0
1508120825,s2-eth2,3567.00,140992.00,144559.00,140992,3567,49.00,52.00,101.00,52,49,0.00,0.00,0,0
1508120825,s2-eth1,145377.00,3318.00,148695.00,3318,145377,52.00,49.00,101.00,49,52,0.00,0.00,0,0
1508120825,lo,0.00,0.00,0.00,0,0,0.00,0.00,0.00,0,0,0.00,0.00,0,0
1508120825,total,148944.00,144310.00,293254.00,144310,148944,101.00,101.00,202.00,101,101,0.00,0.00,0,0
1508120826,eth0,0.00,180.00,180.00,180,0,0.00,3.00,3.00,3,0,0.00,0.00,0,0
1508120826,s2,0.00,140.00,140.00,140,0,0.00,2.00,2.00,2,0,0.00,0.00,0,0
1508120826,s2-eth2,4252.00,126846.00,131098.00,126846,4252,57.00,57.00,114.00,57,57,0.00,0.00,0,0
1508120826,s2-eth1,118165.00,3730.00,121895.00,3730,118165,54.00,53.00,107.00,53,54,0.00,0.00,0,0
1508120826,lo,536.00,536.00,1072.00,536,536,6.00,6.00,12.00,6,6,0.00,0.00,0,0
1508120826,total,122953.00,131432.00,254385.00,131432,122953,117.00,121.00,238.00,121,117,0.00,0.00,0,0
1508120827,eth0,0.00,0.00,0.00,0,0,0.00,0.00,0.00,0,0,0.00,0.00,0,0
1508120827,s2,70.00,0.00,70.00,0,70,1.00,0.00,1.00,0,1,0.00,0.00,0,0
1508120827,s2-eth2,3019.00,78856.00,81875.00,78856,3019,39.00,32.00,71.00,32,39,0.00,0.00,0,0
1508120827,s2-eth1,88679.00,2688.00,91367.00,2688,88679,41.00,38.00,79.00,38,41,0.00,0.00,0,0
1508120827,lo,268.00,268.00,536.00,268,268,3.00,3.00,6.00,3,3,0.00,0.00,0,0
1508120827,total,92036.00,81812.00,173848.00,81812,92036,84.00,73.00,157.00,73,84,0.00,0.00,0,0
1508120828,eth0,0.00,0.00,0.00,0,0,0.00,0.00,0.00,0,0,0.00,0.00,0,0
1508120828,s2,0.00,0.00,0.00,0,0,0.00,0.00,0.00,0,0,0.00,0.00,0,0
1508120828,s2-eth2,1698.00,77144.00,78842.00,77144,1698,25.00,28.00,53.00,28,25,0.00,0.00,0,0
1508120828,s2-eth1,62334.00,1632.00,63966.00,1632,62334,23.00,24.00,47.00,24,23,0.00,0.00,0,0
1508120828,lo,0.00,0.00,0.00,0,0,0.00,0.00,0.00,0,0,0.00,0.00,0,0
1508120828,total,64032.00,78776.00,142808.00,78776,64032,48.00,52.00,100.00,52,48,0.00,0.00,0,0
1508120829,eth0,0.00,0.00,0.00,0,0,0.00,0.00,0.00,0,0,0.00,0.00,0,0
1508120829,s2,0.00,0.00,0.00,0,0,0.00,0.00,0.00,0,0,0.00,0.00,0,0
1508120829,s2-eth2,1992.00,74050.00,76042.00,74050,1992,26.00,25.00,51.00,25,26,0.00,0.00,0,0
1508120829,s2-eth1,83043.00,1650.00,84693.00,1650,83043,29.00,25.00,54.00,25,29,0.00,0.00,0,0
1508120829,lo,0.00,0.00,0.00,0,0,0.00,0.00,0.00,0,0,0.00,0.00,0,0
1508120829,total,85035.00,75700.00,160735.00,75700,85035,55.00,50.00,105.00,50,55,0.00,0.00,0,0
1508120830,eth0,0.00,0.00,0.00,0,0,0.00,0.00,0.00,0,0,0.00,0.00,0,0
1508120830,s2,0.00,140.00,140.00,140,0,0.00,2.00,2.00,2,0,0.00,0.00,0,0
1508120830,s2-eth2,1945.00,71290.00,73235.00,71290,1945,28.00,27.00,55.00,27,28,0.00,0.00,0,0
1508120830,s2-eth1,62474.00,1834.00,64308.00,1834,62474,25.00,27.00,52.00,27,25,0.00,0.00,0,0
1508120830,lo,536.00,536.00,1072.00,536,536,6.00,6.00,12.00,6,6,0.00,0.00,0,0
1508120830,total,64955.00,73800.00,138755.00,73800,64955,59.00,62.00,121.00,62,59,0.00,0.00,0,0
1508120831,eth0,0.00,0.00,0.00,0,0,0.00,0.00,0.00,0,0,0.00,0.00,0,0
1508120831,s2,70.00,0.00,70.00,0,70,1.00,0.00,1.00,0,1,0.00,0.00,0,0
1508120831,s2-eth2,1702.00,68258.00,69960.00,68258,1702,25.00,25.00,50.00,25,25,0.00,0.00,0,0
1508120831,s2-eth1,71290.00,1566.00,72856.00,1566,71290,27.00,23.00,50.00,23,27,0.00,0.00,0,0
1508120831,lo,268.00,268.00,536.00,268,268,3.00,3.00,6.00,3,3,0.00,0.00,0,0
1508120831,total,73330.00,70092.00,143422.00,70092,73330,56.00,51.00,107.00,51,56,0.00,0.00,0,0
1508120832,eth0,0.00,0.00,0.00,0,0,0.00,0.00,0.00,0,0,0.00,0.00,0,0
1508120832,s2,0.00,0.00,0.00,0,0,0.00,0.00,0.00,0,0,0.00,0.00,0,0
1508120832,s2-eth2,1782.00,79974.00,81756.00,79974,1782,27.00,27.00,54.00,27,27,0.00,0.00,0,0
1508120832,s2-eth1,74050.00,1848.00,75898.00,1848,74050,25.00,28.00,53.00,28,25,0.00,0.00,0,0
1508120832,lo,0.00,0.00,0.00,0,0,0.00,0.00,0.00,0,0,0.00,0.00,0,0
1508120832,total,75832.00,81822.00,157654.00,81822,75832,52.00,55.00,107.00,55,52,0.00,0.00,0,0
1508120833,eth0,0.00,179.82,179.82,180,0,0.00,3.00,3.00,3,0,0.00,0.00,0,0
1508120833,s2,0.00,0.00,0.00,0,0,0.00,0.00,0.00,0,0,0.00,0.00,0,0
1508120833,s2-eth2,1840.16,74239.77,76079.92,74314,1842,26.97,28.97,55.94,29,27,0.00,0.00,0,0
1508120833,s2-eth1,80157.84,1774.23,81932.07,1776,80238,30.97,25.97,56.94,26,31,0.00,0.00,0,0
1508120833,lo,0.00,0.00,0.00,0,0,0.00,0.00,0.00,0,0,0.00,0.00,0,0
1508120833,total,81998.01,76193.80,158191.81,76270,82080,57.94,57.94,115.88,58,58,0.00,0.00,0,0
1508120834,eth0,0.00,0.00,0.00,0,0,0.00,0.00,0.00,0,0,0.00,0.00,0,0
1508120834,s2,0.00,0.00,0.00,0,0,0.00,0.00,0.00,0,0,0.00,0.00,0,0
1508120834,s2-eth2,2376.00,84912.00,87288.00,84912,2376,34.00,36.00,70.00,36,34,0.00,0.00,0,0
1508120834,s2-eth1,65626.00,2376.00,68002.00,2376,65626,29.00,34.00,63.00,34,29,0.00,0.00,0,0
1508120834,lo,0.00,0.00,0.00,0,0,0.00,0.00,0.00,0,0,0.00,0.00,0,0
1508120834,total,68002.00,87288.00,155290.00,87288,68002,63.00,70.00,133.00,70,63,0.00,0.00,0,0
1508120835,eth0,0.00,0.00,0.00,0,0,0.00,0.00,0.00,0,0,0.00,0.00,0,0
1508120835,s2,0.00,0.00,0.00,0,0,0.00,0.00,0.00,0,0,0.00,0.00,0,0
1508120835,s2-eth2,2175.82,72991.01,75166.84,73064,2178,30.97,31.97,62.94,32,31,0.00,0.00,0,0
1508120835,s2-eth1,83314.69,2175.82,85490.52,2178,83398,34.97,30.97,65.93,31,35,0.00,0.00,0,0
1508120835,lo,171.83,171.83,343.66,172,172,3.00,3.00,5.99,3,3,0.00,0.00,0,0
1508120835,total,85662.34,75338.66,161001.00,75414,85748,68.93,65.93,134.87,66,69,0.00,0.00,0,0
1508120836,eth0,0.00,0.00,0.00,0,0,0.00,0.00,0.00,0,0,0.00,0.00,0,0
1508120836,s2,0.00,0.00,0.00,0,0,0.00,0.00,0.00,0,0,0.00,0.00,0,0
1508120836,s2-eth2,2244.00,103670.00,105914.00,103670,2244,34.00,35.00,69.00,35,34,0.00,0.00,0,0
1508120836,s2-eth1,88860.00,2244.00,91104.00,2244,88860,30.00,34.00,64.00,34,30,0.00,0.00,0,0
1508120836,lo,0.00,0.00,0.00,0,0,0.00,0.00,0.00,0,0,0.00,0.00,0,0
1508120836,total,91104.00,105914.00,197018.00,105914,91104,64.00,69.00,133.00,69,64,0.00,0.00,0,0
1508120837,eth0,0.00,0.00,0.00,0,0,0.00,0.00,0.00,0,0,0.00,0.00,0,0
1508120837,s2,0.00,0.00,0.00,0,0,0.00,0.00,0.00,0,0,0.00,0.00,0,0
1508120837,s2-eth2,1908.00,74314.00,76222.00,74314,1908,28.00,29.00,57.00,29,28,0.00,0.00,0,0
1508120837,s2-eth1,86611.00,1908.00,88519.00,1908,86611,35.00,28.00,63.00,28,35,0.00,0.00,0,0
1508120837,lo,0.00,0.00,0.00,0,0,0.00,0.00,0.00,0,0,0.00,0.00,0,0
1508120837,total,88519.00,76222.00,164741.00,76222,88519,63.00,57.00,120.00,57,63,0.00,0.00,0,0
1508120838,eth0,0.00,0.00,0.00,0,0,0.00,0.00,0.00,0,0,0.00,0.00,0,0
1508120838,s2,0.00,0.00,0.00,0,0,0.00,0.00,0.00,0,0,0.00,0.00,0,0
1508120838,s2-eth2,2408.59,89034.97,91443.56,89124,2411,34.97,33.97,68.93,34,35,0.00,0.00,0,0
1508120838,s2-eth1,74239.77,2301.70,76541.46,2304,74314,28.97,33.97,62.94,34,29,0.00,0.00,0,0
1508120838,lo,0.00,0.00,0.00,0,0,0.00,0.00,0.00,0,0,0.00,0.00,0,0
1508120838,total,76648.35,91336.66,167985.02,91428,76725,63.94,67.93,131.87,68,64,0.00,0.00,0,0
1508120839,eth0,0.00,0.00,0.00,0,0,0.00,0.00,0.00,0,0,0.00,0.00,0,0
1508120839,s2,0.00,0.00,0.00,0,0,0.00,0.00,0.00,0,0,0.00,0.00,0,0
1508120839,s2-eth2,1848.00,88860.00,90708.00,88860,1848,28.00,30.00,58.00,30,28,0.00,0.00,0,0
1508120839,s2-eth1,100708.00,1848.00,102556.00,1848,100708,34.00,28.00,62.00,28,34,0.00,0.00,0,0
1508120839,lo,0.00,0.00,0.00,0,0,0.00,0.00,0.00,0,0,0.00,0.00,0,0
1508120839,total,102556.00,90708.00,193264.00,90708,102556,62.00,58.00,120.00,58,62,0.00,0.00,0,0
1508120840,eth0,0.00,179.82,179.82,180,0,0.00,3.00,3.00,3,0,0.00,0.00,0,0
1508120840,s2,0.00,0.00,0.00,0,0,0.00,0.00,0.00,0,0,0.00,0.00,0,0
1508120840,s2-eth2,2367.63,91994.01,94361.64,92086,2370,34.97,34.97,69.93,35,35,0.00,0.00,0,0
1508120840,s2-eth1,77198.80,2367.63,79566.44,2370,77276,29.97,34.97,64.94,35,30,0.00,0.00,0,0
1508120840,lo,171.83,171.83,343.66,172,172,3.00,3.00,5.99,3,3,0.00,0.00,0,0
1508120840,total,79738.27,94713.29,174451.55,94808,79818,67.93,75.92,143.86,76,68,0.00,0.00,0,0
1508120841,eth0,0.00,0.00,0.00,0,0,0.00,0.00,0.00,0,0,0.00,0.00,0,0
1508120841,s2,0.00,0.00,0.00,0,0,0.00,0.00,0.00,0,0,0.00,0.00,0,0
1508120841,s2-eth2,1846.15,85812.19,87658.34,85898,1848,27.97,28.97,56.94,29,28,0.00,0.00,0,0
1508120841,s2-eth1,97648.35,1846.15,99494.51,1848,97746,32.97,27.97,60.94,28,33,0.00,0.00,0,0
1508120841,lo,0.00,0.00,0.00,0,0,0.00,0.00,0.00,0,0,0.00,0.00,0,0
1508120841,total,99494.51,87658.34,187152.86,87746,99594,60.94,56.94,117.88,57,61,0.00,0.00,0,0
1508120842,eth0,0.00,0.00,0.00,0,0,0.00,0.00,0.00,0,0,0.00,0.00,0,0
1508120842,s2,0.00,0.00,0.00,0,0,0.00,0.00,0.00,0,0,0.00,0.00,0,0
1508120842,s2-eth2,2586.00,103670.00,106256.00,103670,2586,35.00,35.00,70.00,35,35,0.00,0.00,0,0
1508120842,s2-eth1,88860.00,2244.00,91104.00,2244,88860,30.00,34.00,64.00,34,30,0.00,0.00,0,0
1508120842,lo,0.00,0.00,0.00,0,0,0.00,0.00,0.00,0,0,0.00,0.00,0,0
1508120842,total,91446.00,105914.00,197360.00,105914,91446,65.00,69.00,134.00,69,65,0.00,0.00,0,0
1508120843,eth0,0.00,0.00,0.00,0,0,0.00,0.00,0.00,0,0,0.00,0.00,0,0
1508120843,s2,0.00,0.00,0.00,0,0,0.00,0.00,0.00,0,0,0.00,0.00,0,0
1508120843,s2-eth2,2220.00,103712.00,105932.00,103712,2220,34.00,36.00,70.00,36,34,0.00,0.00,0,0
1508120843,s2-eth1,115560.00,2220.00,117780.00,2220,115560,40.00,34.00,74.00,34,40,0.00,0.00,0,0
1508120843,lo,296.00,296.00,592.00,296,296,3.00,3.00,6.00,3,3,0.00,0.00,0,0
1508120843,total,118076.00,106228.00,224304.00,106228,118076,77.00,73.00,150.00,73,77,0.00,0.00,0,0
1508120844,eth0,0.00,1096.90,1096.90,1098,0,0.00,3.00,3.00,3,0,0.00,0.00,0,0
1508120844,s2,0.00,0.00,0.00,0,0,0.00,0.00,0.00,0,0,0.00,0.00,0,0
1508120844,s2-eth2,2571.43,124279.73,126851.15,124404,2574,38.96,41.96,80.92,42,39,0.00,0.00,0,0
1508120844,s2-eth1,115402.60,2571.43,117974.03,2574,115518,38.96,38.96,77.92,39,39,0.00,0.00,0,0
1508120844,lo,0.00,0.00,0.00,0,0,0.00,0.00,0.00,0,0,0.00,0.00,0,0
1508120844,total,117974.03,127948.05,245922.08,128076,118092,77.92,83.92,161.84,84,78,0.00,0.00,0,0
1508120845,eth0,0.00,0.00,0.00,0,0,0.00,0.00,0.00,0,0,0.00,0.00,0,0
1508120845,s2,0.00,0.00,0.00,0,0,0.00,0.00,0.00,0,0,0.00,0.00,0,0
1508120845,s2-eth2,3492.00,167584.00,171076.00,167584,3492,52.00,60.00,112.00,60,52,0.00,0.00,0,0
1508120845,s2-eth1,168900.00,3492.00,172392.00,3492,168900,58.00,52.00,110.00,52,58,0.00,0.00,0,0
1508120845,lo,0.00,0.00,0.00,0,0,0.00,0.00,0.00,0,0,0.00,0.00,0,0
1508120845,total,172392.00,171076.00,343468.00,171076,172392,110.00,112.00,222.00,112,110,0.00,0.00,0,0
1508120846,eth0,0.00,85.91,85.91,86,0,0.00,1.00,1.00,1,0,0.00,0.00,0,0
1508120846,s2,0.00,0.00,0.00,0,0,0.00,0.00,0.00,0,0,0.00,0.00,0,0
1508120846,s2-eth2,3848.15,114813.19,118661.34,114928,3852,53.95,51.95,105.89,52,54,0.00,0.00,0,0
1508120846,s2-eth1,107580.42,3848.15,111428.58,3852,107688,51.95,53.95,105.89,54,52,0.00,0.00,0,0
1508120846,lo,0.00,0.00,0.00,0,0,0.00,0.00,0.00,0,0,0.00,0.00,0,0
1508120846,total,111428.58,118747.26,230175.83,118866,111540,105.89,106.89,212.79,107,106,0.00,0.00,0,0
1508120847,eth0,0.00,120.00,120.00,120,0,0.00,2.00,2.00,2,0,0.00,0.00,0,0
1508120847,s2,0.00,0.00,0.00,0,0,0.00,0.00,0.00,0,0,0.00,0.00,0,0
1508120847,s2-eth2,2046.00,94784.00,96830.00,94784,2046,31.00,32.00,63.00,32,31,0.00,0.00,0,0
1508120847,s2-eth1,97746.00,2046.00,99792.00,2046,97746,33.00,31.00,64.00,31,33,0.00,0.00,0,0
1508120847,lo,172.00,172.00,344.00,172,172,3.00,3.00,6.00,3,3,0.00,0.00,0,0
1508120847,total,99964.00,97122.00,197086.00,97122,99964,67.00,68.00,135.00,68,67,0.00,0.00,0,0
1508120848,eth0,0.00,0.00,0.00,0,0,0.00,0.00,0.00,0,0,0.00,0.00,0,0
1508120848,s2,0.00,0.00,0.00,0,0,0.00,0.00,0.00,0,0,0.00,0.00,0,0
1508120848,s2-eth2,2574.00,121442.00,124016.00,121442,2574,39.00,41.00,80.00,41,39,0.00,0.00,0,0
1508120848,s2-eth1,112556.00,2574.00,115130.00,2574,112556,38.00,39.00,77.00,39,38,0.00,0.00,0,0
1508120848,lo,0.00,0.00,0.00,0,0,0.00,0.00,0.00,0,0,0.00,0.00,0,0
1508120848,total,115130.00,124016.00,239146.00,124016,115130,77.00,80.00,157.00,80,77,0.00,0.00,0,0
1508120849,eth0,0.00,0.00,0.00,0,0,0.00,0.00,0.00,0,0,0.00,0.00,0,0
1508120849,s2,0.00,0.00,0.00,0,0,0.00,0.00,0.00,0,0,0.00,0.00,0,0
1508120849,s2-eth2,2571.43,124279.73,126851.15,124404,2574,38.96,41.96,80.92,42,39,0.00,0.00,0,0
1508120849,s2-eth1,133156.84,2571.43,135728.28,2574,133290,44.96,38.96,83.92,39,45,0.00,0.00,0,0
1508120849,lo,0.00,0.00,0.00,0,0,0.00,0.00,0.00,0,0,0.00,0.00,0,0
1508120849,total,135728.28,126851.15,262579.44,126978,135864,83.92,80.92,164.84,81,84,0.00,0.00,0,0
1508120850,eth0,0.00,0.00,0.00,0,0,0.00,0.00,0.00,0,0,0.00,0.00,0,0
1508120850,s2,0.00,0.00,0.00,0,0,0.00,0.00,0.00,0,0,0.00,0.00,0,0
1508120850,s2-eth2,3552.00,148628.00,152180.00,148628,3552,52.00,58.00,110.00,58,52,0.00,0.00,0,0
1508120850,s2-eth1,138372.00,3552.00,141924.00,3552,138372,52.00,52.00,104.00,52,52,0.00,0.00,0,0
1508120850,lo,0.00,0.00,0.00,0,0,0.00,0.00,0.00,0,0,0.00,0.00,0,0
1508120850,total,141924.00,152180.00,294104.00,152180,141924,104.00,110.00,214.00,110,104,0.00,0.00,0,0
1508120851,eth0,0.00,59.94,59.94,60,0,0.00,1.00,1.00,1,0,0.00,0.00,0,0
1508120851,s2,0.00,0.00,0.00,0,0,0.00,0.00,0.00,0,0,0.00,0.00,0,0
1508120851,s2-eth2,3350.65,111392.61,114743.26,111504,3354,48.95,43.96,92.91,44,49,0.00,0.00,0,0
1508120851,s2-eth1,120467.54,3350.65,123818.19,3354,120588,49.95,48.95,98.90,49,50,0.00,0.00,0,0
1508120851,lo,0.00,0.00,0.00,0,0,0.00,0.00,0.00,0,0,0.00,0.00,0,0
1508120851,total,123818.19,114803.20,238621.39,114918,123942,98.90,93.91,192.81,94,99,0.00,0.00,0,0
1508120852,eth0,0.00,0.00,0.00,0,0,0.00,0.00,0.00,0,0,0.00,0.00,0,0
1508120852,s2,0.00,0.00,0.00,0,0,0.00,0.00,0.00,0,0,0.00,0.00,0,0
1508120852,s2-eth2,2328.00,94982.00,97310.00,94982,2328,34.00,35.00,69.00,35,34,0.00,0.00,0,0
1508120852,s2-eth1,89058.00,2394.00,91452.00,2394,89058,33.00,35.00,68.00,35,33,0.00,0.00,0,0
1508120852,lo,172.00,172.00,344.00,172,172,3.00,3.00,6.00,3,3,0.00,0.00,0,0
1508120852,total,91558.00,97548.00,189106.00,97548,91558,70.00,73.00,143.00,73,70,0.00,0.00,0,0
1508120853,eth0,0.00,0.00,0.00,0,0,0.00,0.00,0.00,0,0,0.00,0.00,0,0
1508120853,s2,0.00,0.00,0.00,0,0,0.00,0.00,0.00,0,0,0.00,0.00,0,0
1508120853,s2-eth2,2222.78,94821.18,97043.96,94916,2225,31.97,33.97,65.93,34,32,0.00,0.00,0,0
1508120853,s2-eth1,91969.03,2049.95,94018.98,2052,92061,33.97,29.97,63.94,30,34,0.00,0.00,0,0
1508120853,lo,0.00,0.00,0.00,0,0,0.00,0.00,0.00,0,0,0.00,0.00,0,0
1508120853,total,94191.81,96871.13,191062.94,96968,94286,65.93,63.94,129.87,64,66,0.00,0.00,0,0
1508120854,eth0,0.00,180.00,180.00,180,0,0.00,3.00,3.00,3,0,0.00,0.00,0,0
1508120854,s2,0.00,0.00,0.00,0,0,0.00,0.00,0.00,0,0,0.00,0.00,0,0
1508120854,s2-eth2,2460.00,100906.00,103366.00,100906,2460,36.00,37.00,73.00,37,36,0.00,0.00,0,0
1508120854,s2-eth1,94982.00,2460.00,97442.00,2460,94982,35.00,36.00,71.00,36,35,0.00,0.00,0,0
1508120854,lo,0.00,0.00,0.00,0,0,0.00,0.00,0.00,0,0,0.00,0.00,0,0
1508120854,total,97442.00,103546.00,200988.00,103546,97442,71.00,76.00,147.00,76,71,0.00,0.00,0,0
1508120855,eth0,0.00,0.00,0.00,0,0,0.00,0.00,0.00,0,0,0.00,0.00,0,0
1508120855,s2,0.00,0.00,0.00,0,0,0.00,0.00,0.00,0,0,0.00,0.00,0,0
1508120855,s2-eth2,2310.00,109594.00,111904.00,109594,2310,35.00,37.00,72.00,37,35,0.00,0.00,0,0
1508120855,s2-eth1,112556.00,2310.00,114866.00,2310,112556,38.00,35.00,73.00,35,38,0.00,0.00,0,0
1508120855,lo,0.00,0.00,0.00,0,0,0.00,0.00,0.00,0,0,0.00,0.00,0,0
1508120855,total,114866.00,111904.00,226770.00,111904,114866,73.00,72.00,145.00,72,73,0.00,0.00,0,0
1508120856,eth0,0.00,60.00,60.00,60,0,0.00,1.00,1.00,1,0,0.00,0.00,0,0
1508120856,s2,0.00,0.00,0.00,0,0,0.00,0.00,0.00,0,0,0.00,0.00,0,0
1508120856,s2-eth2,2460.00,100906.00,103366.00,100906,2460,36.00,37.00,73.00,37,36,0.00,0.00,0,0
1508120856,s2-eth1,97944.00,2460.00,100404.00,2460,97944,36.00,36.00,72.00,36,36,0.00,0.00,0,0
1508120856,lo,0.00,0.00,0.00,0,0,0.00,0.00,0.00,0,0,0.00,0.00,0,0
1508120856,total,100404.00,103426.00,203830.00,103426,100404,72.00,74.00,146.00,74,72,0.00,0.00,0,0
1508120857,eth0,0.00,0.00,0.00,0,0,0.00,0.00,0.00,0,0,0.00,0.00,0,0
1508120857,s2,0.00,0.00,0.00,0,0,0.00,0.00,0.00,0,0,0.00,0.00,0,0
1508120857,s2-eth2,2373.63,109484.52,111858.15,109594,2376,35.96,36.96,72.93,37,36,0.00,0.00,0,0
1508120857,s2-eth1,106867.13,2373.63,109240.77,2376,106974,36.96,35.96,72.93,36,37,0.00,0.00,0,0
1508120857,lo,171.83,171.83,343.66,172,172,3.00,3.00,5.99,3,3,0.00,0.00,0,0
1508120857,total,109412.59,112029.98,221442.56,112142,109522,75.92,75.92,151.85,76,76,0.00,0.00,0,0
1508120858,eth0,0.00,0.00,0.00,0,0,0.00,0.00,0.00,0,0,0.00,0.00,0,0
1508120858,s2,0.00,0.00,0.00,0,0,0.00,0.00,0.00,0,0,0.00,0.00,0,0
1508120858,s2-eth2,2304.00,97878.00,100182.00,97878,2304,34.00,35.00,69.00,35,34,0.00,0.00,0,0
1508120858,s2-eth1,91954.00,2304.00,94258.00,2304,91954,33.00,34.00,67.00,34,33,0.00,0.00,0,0
1508120858,lo,0.00,0.00,0.00,0,0,0.00,0.00,0.00,0,0,0.00,0.00,0,0
1508120858,total,94258.00,100182.00,194440.00,100182,94258,67.00,69.00,136.00,69,67,0.00,0.00,0,0
1508120859,eth0,0.00,0.00,0.00,0,0,0.00,0.00,0.00,0,0,0.00,0.00,0,0
1508120859,s2,0.00,0.00,0.00,0,0,0.00,0.00,0.00,0,0,0.00,0.00,0,0
1508120859,s2-eth2,2238.00,100840.00,103078.00,100840,2238,33.00,36.00,69.00,36,33,0.00,0.00,0,0
1508120859,s2-eth1,109726.00,2238.00,111964.00,2238,109726,39.00,33.00,72.00,33,39,0.00,0.00,0,0
1508120859,lo,0.00,0.00,0.00,0,0,0.00,0.00,0.00,0,0,0.00,0.00,0,0
1508120859,total,111964.00,103078.00,215042.00,103078,111964,72.00,69.00,141.00,69,72,0.00,0.00,0,0
1508120860,eth0,0.00,0.00,0.00,0,0,0.00,0.00,0.00,0,0,0.00,0.00,0,0
1508120860,s2,0.00,0.00,0.00,0,0,0.00,0.00,0.00,0,0,0.00,0.00,0,0
1508120860,s2-eth2,2874.00,112622.00,115496.00,112622,2874,39.00,39.00,78.00,39,39,0.00,0.00,0,0
1508120860,s2-eth1,94850.00,2532.00,97382.00,2532,94850,33.00,38.00,71.00,38,33,0.00,0.00,0,0
1508120860,lo,0.00,0.00,0.00,0,0,0.00,0.00,0.00,0,0,0.00,0.00,0,0
1508120860,total,97724.00,115154.00,212878.00,115154,97724,72.00,77.00,149.00,77,72,0.00,0.00,0,0
1508120861,eth0,0.00,179.82,179.82,180,0,0.00,3.00,3.00,3,0,0.00,0.00,0,0
1508120861,s2,0.00,0.00,0.00,0,0,0.00,0.00,0.00,0,0,0.00,0.00,0,0
1508120861,s2-eth2,2325.67,91928.08,94253.75,92020,2328,33.97,33.97,67.93,34,34,0.00,0.00,0,0
1508120861,s2-eth1,106723.28,2325.67,109048.95,2328,106830,38.96,33.97,72.93,34,39,0.00,0.00,0,0
1508120861,lo,0.00,0.00,0.00,0,0,0.00,0.00,0.00,0,0,0.00,0.00,0,0
1508120861,total,109048.95,94433.57,203482.52,94528,109158,72.93,70.93,143.86,71,73,0.00,0.00,0,0
1508120862,eth0,0.00,0.00,0.00,0,0,0.00,0.00,0.00,0,0,0.00,0.00,0,0
1508120862,s2,0.00,0.00,0.00,0,0,0.00,0.00,0.00,0,0,0.00,0.00,0,0
1508120862,s2-eth2,2310.00,112556.00,114866.00,112556,2310,35.00,38.00,73.00,38,35,0.00,0.00,0,0
1508120862,s2-eth1,97746.00,2310.00,100056.00,2310,97746,33.00,35.00,68.00,35,33,0.00,0.00,0,0
1508120862,lo,172.00,172.00,344.00,172,172,3.00,3.00,6.00,3,3,0.00,0.00,0,0
1508120862,total,100228.00,115038.00,215266.00,115038,100228,71.00,76.00,147.00,76,71,0.00,0.00,0,0
1508120863,eth0,0.00,0.00,0.00,0,0,0.00,0.00,0.00,0,0,0.00,0.00,0,0
1508120863,s2,0.00,0.00,0.00,0,0,0.00,0.00,0.00,0,0,0.00,0.00,0,0
1508120863,s2-eth2,2439.56,109484.52,111924.08,109594,2442,36.96,36.96,73.93,37,37,0.00,0.00,0,0
1508120863,s2-eth1,121320.68,2439.56,123760.24,2442,121442,40.96,36.96,77.92,37,41,0.00,0.00,0,0
1508120863,lo,0.00,0.00,0.00,0,0,0.00,0.00,0.00,0,0,0.00,0.00,0,0
1508120863,total,123760.24,111924.08,235684.33,112036,123884,77.92,73.93,151.85,74,78,0.00,0.00,0,0
1508120864,eth0,0.00,0.00,0.00,0,0,0.00,0.00,0.00,0,0,0.00,0.00,0,0
1508120864,s2,0.00,0.00,0.00,0,0,0.00,0.00,0.00,0,0,0.00,0.00,0,0
1508120864,s2-eth2,2637.36,124279.73,126917.09,124404,2640,39.96,41.96,81.92,42,40,0.00,0.00,0,0
1508120864,s2-eth1,109484.52,2637.36,112121.88,2640,109594,36.96,39.96,76.92,40,37,0.00,0.00,0,0
1508120864,lo,0.00,0.00,0.00,0,0,0.00,0.00,0.00,0,0,0.00,0.00,0,0
1508120864,total,112121.88,126917.09,239038.97,127044,112234,76.92,81.92,158.84,82,77,0.00,0.00,0,0
1508120865,eth0,0.00,0.00,0.00,0,0,0.00,0.00,0.00,0,0,0.00,0.00,0,0
1508120865,s2,0.00,0.00,0.00,0,0,0.00,0.00,0.00,0,0,0.00,0.00,0,0
1508120865,s2-eth2,2799.20,115600.41,118399.60,115716,2802,40.96,41.96,82.92,42,41,0.00,0.00,0,0
1508120865,s2-eth1,124819.19,2799.20,127618.38,2802,124944,45.95,40.96,86.91,41,46,0.00,0.00,0,0
1508120865,lo,0.00,0.00,0.00,0,0,0.00,0.00,0.00,0,0,0.00,0.00,0,0
1508120865,total,127618.38,118399.60,246017.98,118518,127746,86.91,82.92,169.83,83,87,0.00,0.00,0,0
1508120866,eth0,0.00,0.00,0.00,0,0,0.00,0.00,0.00,0,0,0.00,0.00,0,0
1508120866,s2,0.00,0.00,0.00,0,0,0.00,0.00,0.00,0,0,0.00,0.00,0,0
1508120866,s2-eth2,2856.00,121640.00,124496.00,121640,2856,42.00,44.00,86.00,44,42,0.00,0.00,0,0
1508120866,s2-eth1,115716.00,2856.00,118572.00,2856,115716,42.00,42.00,84.00,42,42,0.00,0.00,0,0
1508120866,lo,0.00,0.00,0.00,0,0,0.00,0.00,0.00,0,0,0.00,0.00,0,0
1508120866,total,118572.00,124496.00,243068.00,124496,118572,84.00,86.00,170.00,86,84,0.00,0.00,0,0
1508120867,eth0,0.00,0.00,0.00,0,0,0.00,0.00,0.00,0,0,0.00,0.00,0,0
1508120867,s2,0.00,0.00,0.00,0,0,0.00,0.00,0.00,0,0,0.00,0.00,0,0
1508120867,s2-eth2,2640.00,124404.00,127044.00,124404,2640,40.00,42.00,82.00,42,40,0.00,0.00,0,0
1508120867,s2-eth1,121442.00,2640.00,124082.00,2640,121442,41.00,40.00,81.00,40,41,0.00,0.00,0,0
1508120867,lo,172.00,172.00,344.00,172,172,3.00,3.00,6.00,3,3,0.00,0.00,0,0
1508120867,total,124254.00,127216.00,251470.00,127216,124254,84.00,85.00,169.00,85,84,0.00,0.00,0,0
1508120868,eth0,728.00,706.00,1434.00,706,728,8.00,6.00,14.00,6,8,0.00,0.00,0,0
1508120868,s2,0.00,0.00,0.00,0,0,0.00,0.00,0.00,0,0,0.00,0.00,0,0
1508120868,s2-eth2,2868.00,115716.00,118584.00,115716,2868,42.00,42.00,84.00,42,42,0.00,0.00,0,0
1508120868,s2-eth1,115826.00,2868.00,118694.00,2868,115826,43.00,42.00,85.00,42,43,0.00,0.00,0,0
1508120868,lo,682.00,682.00,1364.00,682,682,8.00,8.00,16.00,8,8,0.00,0.00,0,0
1508120868,total,120104.00,119972.00,240076.00,119972,120104,101.00,98.00,199.00,98,101,0.00,0.00,0,0
1508120869,eth0,456.00,915.00,1371.00,915,456,6.00,9.00,15.00,9,6,0.00,0.00,0,0
1508120869,s2,0.00,0.00,0.00,0,0,0.00,0.00,0.00,0,0,0.00,0.00,0,0
1508120869,s2-eth2,3362.00,127498.00,130860.00,127498,3362,45.00,45.00,90.00,45,45,0.00,0.00,0,0
1508120869,s2-eth1,125066.00,2910.00,127976.00,2910,125066,47.00,43.00,90.00,43,47,0.00,0.00,0,0
1508120869,lo,1023.00,1023.00,2046.00,1023,1023,12.00,12.00,24.00,12,12,0.00,0.00,0,0
1508120869,total,129907.00,132346.00,262253.00,132346,129907,110.00,109.00,219.00,109,110,0.00,0.00,0,0
1508120870,eth0,151.85,244.76,396.60,245,152,2.00,2.00,4.00,2,2,0.00,0.00,0,0
1508120870,s2,0.00,0.00,0.00,0,0,0.00,0.00,0.00,0,0,0.00,0.00,0,0
1508120870,s2-eth2,2783.22,121386.62,124169.84,121508,2786,40.96,41.96,82.92,42,41,0.00,0.00,0,0
1508120870,s2-eth1,123490.52,2595.40,126085.91,2598,123614,52.95,38.96,91.91,39,53,0.00,0.00,0,0
1508120870,lo,340.66,340.66,681.32,341,341,4.00,4.00,7.99,4,4,0.00,0.00,0,0
1508120870,total,126766.23,124567.44,251333.67,124692,126893,99.90,86.91,186.81,87,100,0.00,0.00,0,0
1508120871,eth0,152.00,305.00,457.00,305,152,2.00,3.00,5.00,3,2,0.00,0.00,0,0
1508120871,s2,0.00,0.00,0.00,0,0,0.00,0.00,0.00,0,0,0.00,0.00,0,0
1508120871,s2-eth2,3855.00,96958.00,100813.00,96958,3855,47.00,43.00,90.00,43,47,0.00,0.00,0,0
1508120871,s2-eth1,91552.00,2856.00,94408.00,2856,91552,41.00,40.00,81.00,40,41,0.00,0.00,0,0
1508120871,lo,341.00,341.00,682.00,341,341,4.00,4.00,8.00,4,4,0.00,0.00,0,0
1508120871,total,95900.00,100460.00,196360.00,100460,95900,94.00,90.00,184.00,90,94,0.00,0.00,0,0
1508120872,eth0,151.85,244.76,396.60,245,152,2.00,2.00,4.00,2,2,0.00,0.00,0,0
1508120872,s2,0.00,0.00,0.00,0,0,0.00,0.00,0.00,0,0,0.00,0.00,0,0
1508120872,s2-eth2,3568.43,75620.38,79188.81,75696,3572,35.96,27.97,63.94,28,36,0.00,0.00,0,0
1508120872,s2-eth1,76078.92,2013.99,78092.91,2016,76155,30.97,29.97,60.94,30,31,0.00,0.00,0,0
1508120872,lo,512.49,512.49,1024.98,513,513,6.99,6.99,13.99,7,7,0.00,0.00,0,0
1508120872,total,80311.69,78391.61,158703.30,78470,80392,75.92,66.93,142.86,67,76,0.00,0.00,0,0
1508120873,eth0,0.00,0.00,0.00,0,0,0.00,0.00,0.00,0,0,0.00,0.00,0,0
1508120873,s2,0.00,0.00,0.00,0,0,0.00,0.00,0.00,0,0,0.00,0.00,0,0
1508120873,s2-eth2,2574.00,91822.00,94396.00,91822,2574,32.00,31.00,63.00,31,32,0.00,0.00,0,0
1508120873,s2-eth1,92196.00,1980.00,94176.00,1980,92196,33.00,30.00,63.00,30,33,0.00,0.00,0,0
1508120873,lo,0.00,0.00,0.00,0,0,0.00,0.00,0.00,0,0,0.00,0.00,0,0
1508120873,total,94770.00,93802.00,188572.00,93802,94770,65.00,61.00,126.00,61,65,0.00,0.00,0,0
1508120874,eth0,0.00,1464.00,1464.00,1464,0,0.00,4.00,4.00,4,0,0.00,0.00,0,0
1508120874,s2,0.00,0.00,0.00,0,0,0.00,0.00,0.00,0,0,0.00,0.00,0,0
1508120874,s2-eth2,2813.00,133290.00,136103.00,133290,2813,42.00,45.00,87.00,45,42,0.00,0.00,0,0
1508120874,s2-eth1,121839.00,2706.00,124545.00,2706,121839,43.00,41.00,84.00,41,43,0.00,0.00,0,0
1508120874,lo,0.00,0.00,0.00,0,0,0.00,0.00,0.00,0,0,0.00,0.00,0,0
1508120874,total,124652.00,137460.00,262112.00,137460,124652,85.00,90.00,175.00,90,85,0.00,0.00,0,0
1508120875,eth0,0.00,0.00,0.00,0,0,0.00,0.00,0.00,0,0,0.00,0.00,0,0
1508120875,s2,0.00,0.00,0.00,0,0,0.00,0.00,0.00,0,0,0.00,0.00,0,0
1508120875,s2-eth2,4875.00,165216.00,170091.00,165216,4875,65.00,68.00,133.00,68,65,0.00,0.00,0,0
1508120875,s2-eth1,162530.00,4538.00,167068.00,4538,162530,67.00,63.00,130.00,63,67,0.00,0.00,0,0
1508120875,lo,0.00,0.00,0.00,0,0,0.00,0.00,0.00,0,0,0.00,0.00,0,0
1508120875,total,167405.00,169754.00,337159.00,169754,167405,132.00,131.00,263.00,131,132,0.00,0.00,0,0
1508120876,eth0,0.00,266.00,266.00,266,0,0.00,4.00,4.00,4,0,0.00,0.00,0,0
1508120876,s2,0.00,0.00,0.00,0,0,0.00,0.00,0.00,0,0,0.00,0.00,0,0
1508120876,s2-eth2,3177.00,112556.00,115733.00,112556,3177,40.00,38.00,78.00,38,40,0.00,0.00,0,0
1508120876,s2-eth1,117032.00,2508.00,119540.00,2508,117032,40.00,38.00,78.00,38,40,0.00,0.00,0,0
1508120876,lo,0.00,0.00,0.00,0,0,0.00,0.00,0.00,0,0,0.00,0.00,0,0
1508120876,total,120209.00,115330.00,235539.00,115330,120209,80.00,80.00,160.00,80,80,0.00,0.00,0,0
1508120877,eth0,0.00,0.00,0.00,0,0,0.00,0.00,0.00,0,0,0.00,0.00,0,0
1508120877,s2,0.00,0.00,0.00,0,0,0.00,0.00,0.00,0,0,0.00,0.00,0,0
1508120877,s2-eth2,2706.00,130328.00,133034.00,130328,2706,41.00,44.00,85.00,44,41,0.00,0.00,0,0
1508120877,s2-eth1,130435.00,2706.00,133141.00,2706,130435,45.00,41.00,86.00,41,45,0.00,0.00,0,0
1508120877,lo,172.00,172.00,344.00,172,172,3.00,3.00,6.00,3,3,0.00,0.00,0,0
1508120877,total,133313.00,133206.00,266519.00,133206,133313,89.00,88.00,177.00,88,89,0.00,0.00,0,0
1508120878,eth0,59.94,59.94,119.88,60,60,1.00,1.00,2.00,1,1,0.00,0.00,0,0
1508120878,s2,0.00,0.00,0.00,0,0,0.00,0.00,0.00,0,0,0.00,0.00,0,0
1508120878,s2-eth2,2984.02,124741.27,127725.28,124866,2987,42.96,48.95,91.91,49,43,0.00,0.00,0,0
1508120878,s2-eth1,124745.26,3008.99,127754.25,3012,124870,48.95,43.96,92.91,44,49,0.00,0.00,0,0
1508120878,lo,0.00,0.00,0.00,0,0,0.00,0.00,0.00,0,0,0.00,0.00,0,0
1508120878,total,127789.21,127810.20,255599.41,127938,127917,92.91,93.91,186.81,94,93,0.00,0.00,0,0
1508120879,eth0,0.00,0.00,0.00,0,0,0.00,0.00,0.00,0,0,0.00,0.00,0,0
1508120879,s2,0.00,0.00,0.00,0,0,0.00,0.00,0.00,0,0,0.00,0.00,0,0
1508120879,s2-eth2,2764.00,96562.00,99326.00,96562,2764,40.00,37.00,77.00,37,40,0.00,0.00,0,0
1508120879,s2-eth1,89190.00,2562.00,91752.00,2562,89190,35.00,37.00,72.00,37,35,0.00,0.00,0,0
1508120879,lo,0.00,0.00,0.00,0,0,0.00,0.00,0.00,0,0,0.00,0.00,0,0
1508120879,total,91954.00,99124.00,191078.00,99124,91954,75.00,74.00,149.00,74,75,0.00,0.00,0,0
1508120880,eth0,0.00,0.00,0.00,0,0,0.00,0.00,0.00,0,0,0.00,0.00,0,0
1508120880,s2,0.00,0.00,0.00,0,0,0.00,0.00,0.00,0,0,0.00,0.00,0,0
1508120880,s2-eth2,1974.00,80238.00,82212.00,80238,1974,29.00,31.00,60.00,31,29,0.00,0.00,0,0
1508120880,s2-eth1,83200.00,1974.00,85174.00,1974,83200,32.00,29.00,61.00,29,32,0.00,0.00,0,0
1508120880,lo,0.00,0.00,0.00,0,0,0.00,0.00,0.00,0,0,0.00,0.00,0,0
1508120880,total,85174.00,82212.00,167386.00,82212,85174,61.00,60.00,121.00,60,61,0.00,0.00,0,0
1508120881,eth0,0.00,0.00,0.00,0,0,0.00,0.00,0.00,0,0,0.00,0.00,0,0
1508120881,s2,0.00,0.00,0.00,0,0,0.00,0.00,0.00,0,0,0.00,0.00,0,0
1508120881,s2-eth2,2520.00,97746.00,100266.00,97746,2520,34.00,33.00,67.00,33,34,0.00,0.00,0,0
1508120881,s2-eth1,97746.00,2178.00,99924.00,2178,97746,33.00,33.00,66.00,33,33,0.00,0.00,0,0
1508120881,lo,0.00,0.00,0.00,0,0,0.00,0.00,0.00,0,0,0.00,0.00,0,0
1508120881,total,100266.00,99924.00,200190.00,99924,100266,67.00,66.00,133.00,66,67,0.00,0.00,0,0
1508120882,eth0,0.00,0.00,0.00,0,0,0.00,0.00,0.00,0,0,0.00,0.00,0,0
1508120882,s2,0.00,0.00,0.00,0,0,0.00,0.00,0.00,0,0,0.00,0.00,0,0
1508120882,s2-eth2,2178.00,100708.00,102886.00,100708,2178,33.00,34.00,67.00,34,33,0.00,0.00,0,0
1508120882,s2-eth1,94784.00,2178.00,96962.00,2178,94784,32.00,33.00,65.00,33,32,0.00,0.00,0,0
1508120882,lo,172.00,172.00,344.00,172,172,3.00,3.00,6.00,3,3,0.00,0.00,0,0
1508120882,total,97134.00,103058.00,200192.00,103058,97134,68.00,70.00,138.00,70,68,0.00,0.00,0,0
1508120883,eth0,0.00,120.00,120.00,120,0,0.00,2.00,2.00,2,0,0.00,0.00,0,0
1508120883,s2,0.00,0.00,0.00,0,0,0.00,0.00,0.00,0,0,0.00,0.00,0,0
1508120883,s2-eth2,2508.00,112556.00,115064.00,112556,2508,38.00,38.00,76.00,38,38,0.00,0.00,0,0
1508120883,s2-eth1,118480.00,2508.00,120988.00,2508,118480,40.00,38.00,78.00,38,40,0.00,0.00,0,0
1508120883,lo,0.00,0.00,0.00,0,0,0.00,0.00,0.00,0,0,0.00,0.00,0,0
1508120883,total,120988.00,115184.00,236172.00,115184,120988,78.00,78.00,156.00,78,78,0.00,0.00,0,0
1508120884,eth0,0.00,0.00,0.00,0,0,0.00,0.00,0.00,0,0,0.00,0.00,0,0
1508120884,s2,0.00,0.00,0.00,0,0,0.00,0.00,0.00,0,0,0.00,0.00,0,0
1508120884,s2-eth2,2895.10,131908.09,134803.20,132040,2898,42.96,47.95,90.91,48,43,0.00,0.00,0,0
1508120884,s2-eth1,127304.70,2895.10,130199.80,2898,127432,43.96,42.96,86.91,43,44,0.00,0.00,0,0
1508120884,lo,0.00,0.00,0.00,0,0,0.00,0.00,0.00,0,0,0.00,0.00,0,0
1508120884,total,130199.80,134803.20,265003.00,134938,130330,86.91,90.91,177.82,91,87,0.00,0.00,0,0
1508120885,eth0,0.00,0.00,0.00,0,0,0.00,0.00,0.00,0,0,0.00,0.00,0,0
1508120885,s2,0.00,0.00,0.00,0,0,0.00,0.00,0.00,0,0,0.00,0.00,0,0
1508120885,s2-eth2,3294.00,110230.00,113524.00,110230,3294,47.00,47.00,94.00,47,47,0.00,0.00,0,0
1508120885,s2-eth1,101859.00,3294.00,105153.00,3294,101859,47.00,47.00,94.00,47,47,0.00,0.00,0,0
1508120885,lo,0.00,0.00,0.00,0,0,0.00,0.00,0.00,0,0,0.00,0.00,0,0
1508120885,total,105153.00,113524.00,218677.00,113524,105153,94.00,94.00,188.00,94,94,0.00,0.00,0,0
1508120886,eth0,0.00,0.00,0.00,0,0,0.00,0.00,0.00,0,0,0.00,0.00,0,0
1508120886,s2,0.00,0.00,0.00,0,0,0.00,0.00,0.00,0,0,0.00,0.00,0,0
1508120886,s2-eth2,1063.00,20066.00,21129.00,20066,1063,15.00,9.00,24.00,9,15,0.00,0.00,0,0
1508120886,s2-eth1,29018.00,956.00,29974.00,956,29018,13.00,14.00,27.00,14,13,0.00,0.00,0,0
1508120886,lo,0.00,0.00,0.00,0,0,0.00,0.00,0.00,0,0,0.00,0.00,0,0
1508120886,total,30081.00,21022.00,51103.00,21022,30081,28.00,23.00,51.00,23,28,0.00,0.00,0,0
1508120887,eth0,0.00,0.00,0.00,0,0,0.00,0.00,0.00,0,0,0.00,0.00,0,0
1508120887,s2,0.00,0.00,0.00,0,0,0.00,0.00,0.00,0,0,0.00,0.00,0,0
1508120887,s2-eth2,0.00,0.00,0.00,0,0,0.00,0.00,0.00,0,0,0.00,0.00,0,0
1508120887,s2-eth1,0.00,0.00,0.00,0,0,0.00,0.00,0.00,0,0,0.00,0.00,0,0
1508120887,lo,171.83,171.83,343.66,172,172,3.00,3.00,5.99,3,3,0.00,0.00,0,0
1508120887,total,171.83,171.83,343.66,172,172,3.00,3.00,5.99,3,3,0.00,0.00,0,0
1508120888,eth0,0.00,0.00,0.00,0,0,0.00,0.00,0.00,0,0,0.00,0.00,0,0
1508120888,s2,0.00,0.00,0.00,0,0,0.00,0.00,0.00,0,0,0.00,0