Page    RTT(ms) PLT: no TFO (s) PLT: TFO (s)    Improv.
httpwww.chipublib.org
    200     22689.68    3500.016    84.5744144474
    100     2821.461    2362.51     16.2664307605
    20  1928.2  1686.821    12.5183590914
httpblog.vandalog.com
    200     31834.347   3128.667    90.1720396526
    100     2243.5  1629.989    27.3461555605
    20  1219.722    921.922     24.4153995747
httpen.wikipedia.orgwikiElectronic_design_automation
    200     3231.359    2257.961    30.1234867435
    100     1804.05     1454.384    19.3822787617
    20  1164.628    651.964     44.0195495901
httpalibi.com
    200     23915.937   8379.684    64.9619247617
    100     7362.213    5188.346    29.5273581463
    20  4962.263    4151.794    16.3326490353
