1508120531,s1,0.00,0.00,0.00,0,0,0.00,0.00,0.00,0,0,0.00,0.00,0,0
1508120531,eth0,0.00,0.00,0.00,0,0,0.00,0.00,0.00,0,0,0.00,0.00,0,0
1508120531,s1-eth2,0.00,0.00,0.00,0,0,0.00,0.00,0.00,0,0,0.00,0.00,0,0
1508120531,s1-eth1,0.00,0.00,0.00,0,0,0.00,0.00,0.00,0,0,0.00,0.00,0,0
1508120531,lo,0.00,0.00,0.00,0,0,0.00,0.00,0.00,0,0,0.00,0.00,0,0
1508120531,total,0.00,0.00,0.00,0,0,0.00,0.00,0.00,0,0,0.00,0.00,0,0
1508120532,s1,0.00,0.00,0.00,0,0,0.00,0.00,0.00,0,0,0.00,0.00,0,0
1508120532,eth0,0.00,0.00,0.00,0,0,0.00,0.00,0.00,0,0,0.00,0.00,0,0
1508120532,s1-eth2,7802.20,244157.84,251960.05,244402,7810,108.89,104.90,213.79,105,109,0.00,0.00,0,0
1508120532,s1-eth1,245934.08,7802.20,253736.27,7810,246180,109.89,108.89,218.78,109,110,0.00,0.00,0,0
1508120532,lo,0.00,0.00,0.00,0,0,0.00,0.00,0.00,0,0,0.00,0.00,0,0
1508120532,total,253736.27,251960.05,505696.31,252212,253990,218.78,213.79,432.57,214,219,0.00,0.00,0,0
1508120533,s1,0.00,0.00,0.00,0,0,0.00,0.00,0.00,0,0,0.00,0.00,0,0
1508120533,eth0,0.00,0.00,0.00,0,0,0.00,0.00,0.00,0,0,0.00,0.00,0,0
1508120533,s1-eth2,5874.00,249270.00,255144.00,249270,5874,87.00,91.00,178.00,91,87,0.00,0.00,0,0
1508120533,s1-eth1,246374.00,5874.00,252248.00,5874,246374,91.00,87.00,178.00,87,91,0.00,0.00,0,0
1508120533,lo,0.00,0.00,0.00,0,0,0.00,0.00,0.00,0,0,0.00,0.00,0,0
1508120533,total,252248.00,255144.00,507392.00,255144,252248,178.00,178.00,356.00,178,178,0.00,0.00,0,0
1508120534,s1,0.00,0.00,0.00,0,0,0.00,0.00,0.00,0,0,0.00,0.00,0,0
1508120534,eth0,0.00,0.00,0.00,0,0,0.00,0.00,0.00,0,0,0.00,0.00,0,0
1508120534,s1-eth2,5460.00,254864.00,260324.00,254864,5460,82.00,88.00,170.00,88,82,0.00,0.00,0,0
1508120534,s1-eth1,245978.00,5460.00,251438.00,5460,245978,85.00,82.00,167.00,82,85,0.00,0.00,0,0
1508120534,lo,0.00,0.00,0.00,0,0,0.00,0.00,0.00,0,0,0.00,0.00,0,0
1508120534,total,251438.00,260324.00,511762.00,260324,251438,167.00,170.00,337.00,170,167,0.00,0.00,0,0
1508120535,s1,0.00,0.00,0.00,0,0,0.00,0.00,0.00,0,0,0.00,0.00,0,0
1508120535,eth0,0.00,120.00,120.00,120,0,0.00,2.00,2.00,2,0,0.00,0.00,0,0
1508120535,s1-eth2,5280.00,251770.00,257050.00,251770,5280,80.00,85.00,165.00,85,80,0.00,0.00,0,0
1508120535,s1-eth1,242884.00,5280.00,248164.00,5280,242884,82.00,80.00,162.00,80,82,0.00,0.00,0,0
1508120535,lo,172.00,172.00,344.00,172,172,3.00,3.00,6.00,3,3,0.00,0.00,0,0
1508120535,total,248336.00,257342.00,505678.00,257342,248336,165.00,170.00,335.00,170,165,0.00,0.00,0,0
1508120536,s1,0.00,0.00,0.00,0,0,0.00,0.00,0.00,0,0,0.00,0.00,0,0
1508120536,eth0,0.00,0.00,0.00,0,0,0.00,0.00,0.00,0,0,0.00,0.00,0,0
1508120536,s1-eth2,6716.00,245586.00,252302.00,245586,6716,96.00,101.00,197.00,101,96,0.00,0.00,0,0
1508120536,s1-eth1,246968.00,6716.00,253684.00,6716,246968,100.00,96.00,196.00,96,100,0.00,0.00,0,0
1508120536,lo,0.00,0.00,0.00,0,0,0.00,0.00,0.00,0,0,0.00,0.00,0,0
1508120536,total,253684.00,252302.00,505986.00,252302,253684,196.00,197.00,393.00,197,196,0.00,0.00,0,0
1508120537,s1,0.00,0.00,0.00,0,0,0.00,0.00,0.00,0,0,0.00,0.00,0,0
1508120537,eth0,0.00,0.00,0.00,0,0,0.00,0.00,0.00,0,0,0.00,0.00,0,0
1508120537,s1-eth2,6892.11,258293.72,265185.81,258552,6899,96.90,99.90,196.80,100,97,0.00,0.00,0,0
1508120537,s1-eth1,243605.41,6443.56,250048.95,6450,243849,95.90,94.91,190.81,95,96,0.00,0.00,0,0
1508120537,lo,0.00,0.00,0.00,0,0,0.00,0.00,0.00,0,0,0.00,0.00,0,0
1508120537,total,250497.52,264737.28,515234.78,265002,250748,192.81,194.81,387.61,195,193,0.00,0.00,0,0
1508120538,s1,0.00,0.00,0.00,0,0,0.00,0.00,0.00,0,0,0.00,0.00,0,0
1508120538,eth0,0.00,0.00,0.00,0,0,0.00,0.00,0.00,0,0,0.00,0.00,0,0
1508120538,s1-eth2,6178.00,255326.00,261504.00,255326,6178,91.00,95.00,186.00,95,91,0.00,0.00,0,0
1508120538,s1-eth1,246440.00,6244.00,252684.00,6244,246440,92.00,92.00,184.00,92,92,0.00,0.00,0,0
1508120538,lo,0.00,0.00,0.00,0,0,0.00,0.00,0.00,0,0,0.00,0.00,0,0
1508120538,total,252618.00,261570.00,514188.00,261570,252618,183.00,187.00,370.00,187,183,0.00,0.00,0,0
1508120539,s1,0.00,0.00,0.00,0,0,0.00,0.00,0.00,0,0,0.00,0.00,0,0
1508120539,eth0,0.00,0.00,0.00,0,0,0.00,0.00,0.00,0,0,0.00,0.00,0,0
1508120539,s1-eth2,6011.99,253492.52,259504.50,253746,6018,88.91,92.91,181.82,93,89,0.00,0.00,0,0
1508120539,s1-eth1,246061.94,5946.05,252008.00,5952,246308,89.91,87.91,177.82,88,90,0.00,0.00,0,0
1508120539,lo,0.00,0.00,0.00,0,0,0.00,0.00,0.00,0,0,0.00,0.00,0,0
1508120539,total,252073.94,259438.56,511512.50,259698,252326,178.82,180.82,359.64,181,179,0.00,0.00,0,0
1508120540,s1,0.00,0.00,0.00,0,0,0.00,0.00,0.00,0,0,0.00,0.00,0,0
1508120540,eth0,0.00,0.00,0.00,0,0,0.00,0.00,0.00,0,0,0.00,0.00,0,0
1508120540,s1-eth2,5694.00,252166.00,257860.00,252166,5694,85.00,91.00,176.00,91,85,0.00,0.00,0,0
1508120540,s1-eth1,243280.00,5694.00,248974.00,5694,243280,88.00,85.00,173.00,85,88,0.00,0.00,0,0
1508120540,lo,172.00,172.00,344.00,172,172,3.00,3.00,6.00,3,3,0.00,0.00,0,0
1508120540,total,249146.00,258032.00,507178.00,258032,249146,176.00,179.00,355.00,179,176,0.00,0.00,0,0
1508120541,s1,0.00,0.00,0.00,0,0,0.00,0.00,0.00,0,0,0.00,0.00,0,0
1508120541,eth0,0.00,0.00,0.00,0,0,0.00,0.00,0.00,0,0,0.00,0.00,0,0
1508120541,s1-eth2,6066.00,254010.00,260076.00,254010,6066,89.00,97.00,186.00,97,89,0.00,0.00,0,0
1508120541,s1-eth1,246572.00,6132.00,252704.00,6132,246572,94.00,90.00,184.00,90,94,0.00,0.00,0,0
1508120541,lo,0.00,0.00,0.00,0,0,0.00,0.00,0.00,0,0,0.00,0.00,0,0
1508120541,total,252638.00,260142.00,512780.00,260142,252638,183.00,187.00,370.00,187,183,0.00,0.00,0,0
1508120542,s1,0.00,0.00,0.00,0,0,0.00,0.00,0.00,0,0,0.00,0.00,0,0
1508120542,eth0,0.00,180.00,180.00,180,0,0.00,3.00,3.00,3,0,0.00,0.00,0,0
1508120542,s1-eth2,4776.00,204972.00,209748.00,204972,4776,70.00,78.00,148.00,78,70,0.00,0.00,0,0
1508120542,s1-eth1,193124.00,4710.00,197834.00,4710,193124,74.00,69.00,143.00,69,74,0.00,0.00,0,0
1508120542,lo,0.00,0.00,0.00,0,0,0.00,0.00,0.00,0,0,0.00,0.00,0,0
1508120542,total,197900.00,209862.00,407762.00,209862,197900,144.00,150.00,294.00,150,144,0.00,0.00,0,0
1508120543,s1,0.00,0.00,0.00,0,0,0.00,0.00,0.00,0,0,0.00,0.00,0,0
1508120543,eth0,0.00,0.00,0.00,0,0,0.00,0.00,0.00,0,0,0.00,0.00,0,0
1508120543,s1-eth2,5316.00,216886.00,222202.00,216886,5316,78.00,83.00,161.00,83,78,0.00,0.00,0,0
1508120543,s1-eth1,206486.00,5316.00,211802.00,5316,206486,79.00,78.00,157.00,78,79,0.00,0.00,0,0
1508120543,lo,0.00,0.00,0.00,0,0,0.00,0.00,0.00,0,0,0.00,0.00,0,0
1508120543,total,211802.00,222202.00,434004.00,222202,211802,157.00,161.00,318.00,161,157,0.00,0.00,0,0
1508120544,s1,0.00,0.00,0.00,0,0,0.00,0.00,0.00,0,0,0.00,0.00,0,0
1508120544,eth0,0.00,1559.00,1559.00,1559,0,0.00,5.00,5.00,5,0,0.00,0.00,0,0
1508120544,s1-eth2,5714.00,243544.00,249258.00,243544,5714,85.00,92.00,177.00,92,85,0.00,0.00,0,0
1508120544,s1-eth1,228734.00,5714.00,234448.00,5714,228734,87.00,85.00,172.00,85,87,0.00,0.00,0,0
1508120544,lo,0.00,0.00,0.00,0,0,0.00,0.00,0.00,0,0,0.00,0.00,0,0
1508120544,total,234448.00,250817.00,485265.00,250817,234448,172.00,182.00,354.00,182,172,0.00,0.00,0,0
1508120545,s1,0.00,0.00,0.00,0,0,0.00,0.00,0.00,0,0,0.00,0.00,0,0
1508120545,eth0,0.00,210.00,210.00,210,0,0.00,2.00,2.00,2,0,0.00,0.00,0,0
1508120545,s1-eth2,5672.00,252232.00,257904.00,252232,5672,84.00,92.00,176.00,92,84,0.00,0.00,0,0
1508120545,s1-eth1,243346.00,5672.00,249018.00,5672,243346,89.00,84.00,173.00,84,89,0.00,0.00,0,0
1508120545,lo,172.00,172.00,344.00,172,172,3.00,3.00,6.00,3,3,0.00,0.00,0,0
1508120545,total,249190.00,258286.00,507476.00,258286,249190,176.00,181.00,357.00,181,176,0.00,0.00,0,0
1508120546,s1,0.00,0.00,0.00,0,0,0.00,0.00,0.00,0,0,0.00,0.00,0,0
1508120546,eth0,0.00,172.00,172.00,172,0,0.00,2.00,2.00,2,0,0.00,0.00,0,0
1508120546,s1-eth2,5628.00,252034.00,257662.00,252034,5628,84.00,89.00,173.00,89,84,0.00,0.00,0,0
1508120546,s1-eth1,246110.00,5628.00,251738.00,5628,246110,87.00,84.00,171.00,84,87,0.00,0.00,0,0
1508120546,lo,0.00,0.00,0.00,0,0,0.00,0.00,0.00,0,0,0.00,0.00,0,0
1508120546,total,251738.00,257834.00,509572.00,257834,251738,171.00,175.00,346.00,175,171,0.00,0.00,0,0
1508120547,s1,0.00,0.00,0.00,0,0,0.00,0.00,0.00,0,0,0.00,0.00,0,0
1508120547,eth0,0.00,0.00,0.00,0,0,0.00,0.00,0.00,0,0,0.00,0.00,0,0
1508120547,s1-eth2,6276.00,252562.00,258838.00,252562,6276,92.00,97.00,189.00,97,92,0.00,0.00,0,0
1508120547,s1-eth1,243544.00,6276.00,249820.00,6276,243544,92.00,92.00,184.00,92,92,0.00,0.00,0,0
1508120547,lo,0.00,0.00,0.00,0,0,0.00,0.00,0.00,0,0,0.00,0.00,0,0
1508120547,total,249820.00,258838.00,508658.00,258838,249820,184.00,189.00,373.00,189,184,0.00,0.00,0,0
1508120548,s1,0.00,0.00,0.00,0,0,0.00,0.00,0.00,0,0,0.00,0.00,0,0
1508120548,eth0,0.00,95.00,95.00,95,0,0.00,1.00,1.00,1,0,0.00,0.00,0,0
1508120548,s1-eth2,7028.00,254802.00,261830.00,254802,7028,98.00,109.00,207.00,109,98,0.00,0.00,0,0
1508120548,s1-eth1,235450.00,6686.00,242136.00,6686,235450,101.00,97.00,198.00,97,101,0.00,0.00,0,0
1508120548,lo,0.00,0.00,0.00,0,0,0.00,0.00,0.00,0,0,0.00,0.00,0,0
1508120548,total,242478.00,261583.00,504061.00,261583,242478,199.00,207.00,406.00,207,199,0.00,0.00,0,0
1508120549,s1,0.00,0.00,0.00,0,0,0.00,0.00,0.00,0,0,0.00,0.00,0,0
1508120549,eth0,0.00,180.00,180.00,180,0,0.00,3.00,3.00,3,0,0.00,0.00,0,0
1508120549,s1-eth2,6150.00,255524.00,261674.00,255524,6150,91.00,98.00,189.00,98,91,0.00,0.00,0,0
1508120549,s1-eth1,243676.00,6150.00,249826.00,6150,243676,94.00,91.00,185.00,91,94,0.00,0.00,0,0
1508120549,lo,0.00,0.00,0.00,0,0,0.00,0.00,0.00,0,0,0.00,0.00,0,0
1508120549,total,249826.00,261854.00,511680.00,261854,249826,185.00,192.00,377.00,192,185,0.00,0.00,0,0
1508120550,s1,0.00,0.00,0.00,0,0,0.00,0.00,0.00,0,0,0.00,0.00,0,0
1508120550,eth0,0.00,274.00,274.00,274,0,0.00,2.00,2.00,2,0,0.00,0.00,0,0
1508120550,s1-eth2,6030.00,256840.00,262870.00,256840,6030,89.00,96.00,185.00,96,89,0.00,0.00,0,0
1508120550,s1-eth1,246782.00,6030.00,252812.00,6030,246782,93.00,89.00,182.00,89,93,0.00,0.00,0,0
1508120550,lo,172.00,172.00,344.00,172,172,3.00,3.00,6.00,3,3,0.00,0.00,0,0
1508120550,total,252984.00,263316.00,516300.00,263316,252984,185.00,190.00,375.00,190,185,0.00,0.00,0,0
1508120551,s1,0.00,0.00,0.00,0,0,0.00,0.00,0.00,0,0,0.00,0.00,0,0
1508120551,eth0,0.00,392.00,392.00,392,0,0.00,3.00,3.00,3,0,0.00,0.00,0,0
1508120551,s1-eth2,5538.00,249072.00,254610.00,249072,5538,83.00,88.00,171.00,88,83,0.00,0.00,0,0
1508120551,s1-eth1,243016.00,5538.00,248554.00,5538,243016,84.00,83.00,167.00,83,84,0.00,0.00,0,0
1508120551,lo,0.00,0.00,0.00,0,0,0.00,0.00,0.00,0,0,0.00,0.00,0,0
1508120551,total,248554.00,255002.00,503556.00,255002,248554,167.00,174.00,341.00,174,167,0.00,0.00,0,0
1508120552,s1,0.00,0.00,0.00,0,0,0.00,0.00,0.00,0,0,0.00,0.00,0,0
1508120552,eth0,0.00,0.00,0.00,0,0,0.00,0.00,0.00,0,0,0.00,0.00,0,0
1508120552,s1-eth2,5754.25,250467.55,256221.78,250718,5760,85.91,90.91,176.82,91,86,0.00,0.00,0,0
1508120552,s1-eth1,245996.02,5754.25,251750.25,5760,246242,88.91,85.91,174.83,86,89,0.00,0.00,0,0
1508120552,lo,0.00,0.00,0.00,0,0,0.00,0.00,0.00,0,0,0.00,0.00,0,0
1508120552,total,251750.25,256221.78,507972.03,256478,252002,174.83,176.82,351.65,177,175,0.00,0.00,0,0
1508120553,s1,0.00,0.00,0.00,0,0,0.00,0.00,0.00,0,0,0.00,0.00,0,0
1508120553,eth0,0.00,117.88,117.88,118,0,0.00,1.00,1.00,1,0,0.00,0.00,0,0
1508120553,s1-eth2,6406.59,255070.94,261477.53,255326,6413,93.91,94.91,188.81,95,94,0.00,0.00,0,0
1508120553,s1-eth1,246432.58,6299.70,252732.28,6306,246679,94.91,92.91,187.81,93,95,0.00,0.00,0,0
1508120553,lo,0.00,0.00,0.00,0,0,0.00,0.00,0.00,0,0,0.00,0.00,0,0
1508120553,total,252839.17,261488.52,514327.69,261750,253092,188.81,188.81,377.62,189,189,0.00,0.00,0,0
1508120554,s1,0.00,0.00,0.00,0,0,0.00,0.00,0.00,0,0,0.00,0.00,0,0
1508120554,eth0,0.00,156.00,156.00,156,0,0.00,1.00,1.00,1,0,0.00,0.00,0,0
1508120554,s1-eth2,5640.00,252166.00,257806.00,252166,5640,84.00,91.00,175.00,91,84,0.00,0.00,0,0
1508120554,s1-eth1,243280.00,5640.00,248920.00,5640,243280,88.00,84.00,172.00,84,88,0.00,0.00,0,0
1508120554,lo,0.00,0.00,0.00,0,0,0.00,0.00,0.00,0,0,0.00,0.00,0,0
1508120554,total,248920.00,257962.00,506882.00,257962,248920,172.00,176.00,348.00,176,172,0.00,0.00,0,0
1508120555,s1,0.00,0.00,0.00,0,0,0.00,0.00,0.00,0,0,0.00,0.00,0,0
1508120555,eth0,0.00,0.00,0.00,0,0,0.00,0.00,0.00,0,0,0.00,0.00,0,0
1508120555,s1-eth2,5706.00,246242.00,251948.00,246242,5706,85.00,89.00,174.00,89,85,0.00,0.00,0,0
1508120555,s1-eth1,244662.00,5706.00,250368.00,5706,244662,87.00,85.00,172.00,85,87,0.00,0.00,0,0
1508120555,lo,172.00,172.00,344.00,172,172,3.00,3.00,6.00,3,3,0.00,0.00,0,0
1508120555,total,250540.00,252120.00,502660.00,252120,250540,175.00,177.00,352.00,177,175,0.00,0.00,0,0
1508120556,s1,0.00,0.00,0.00,0,0,0.00,0.00,0.00,0,0,0.00,0.00,0,0
1508120556,eth0,0.00,297.70,297.70,298,0,0.00,4.00,4.00,4,0,0.00,0.00,0,0
1508120556,s1-eth2,5538.46,254477.53,260015.98,254732,5544,83.92,85.91,169.83,86,84,0.00,0.00,0,0
1508120556,s1-eth1,244219.78,5538.46,249758.25,5544,244464,83.92,83.92,167.83,84,84,0.00,0.00,0,0
1508120556,lo,0.00,0.00,0.00,0,0,0.00,0.00,0.00,0,0,0.00,0.00,0,0
1508120556,total,249758.25,260313.69,510071.94,260574,250008,167.83,173.83,341.66,174,168,0.00,0.00,0,0
1508120557,s1,0.00,0.00,0.00,0,0,0.00,0.00,0.00,0,0,0.00,0.00,0,0
1508120557,eth0,0.00,94.91,94.91,95,0,0.00,1.00,1.00,1,0,0.00,0.00,0,0
1508120557,s1-eth2,5466.53,245864.14,251330.67,246110,5472,81.92,86.91,168.83,87,82,0.00,0.00,0,0
1508120557,s1-eth1,245864.14,5532.47,251396.61,5538,246110,86.91,82.92,169.83,83,87,0.00,0.00,0,0
1508120557,lo,0.00,0.00,0.00,0,0,0.00,0.00,0.00,0,0,0.00,0.00,0,0
1508120557,total,251330.67,251491.52,502822.19,251743,251582,168.83,170.83,339.66,171,169,0.00,0.00,0,0
1508120558,s1,0.00,0.00,0.00,0,0,0.00,0.00,0.00,0,0,0.00,0.00,0,0
1508120558,eth0,0.00,0.00,0.00,0,0,0.00,0.00,0.00,0,0,0.00,0.00,0,0
1508120558,s1-eth2,5472.53,251518.48,256991.02,251770,5478,82.92,84.92,167.83,85,83,0.00,0.00,0,0
1508120558,s1-eth1,245600.41,5406.59,251007.00,5412,245846,82.92,81.92,164.84,82,83,0.00,0.00,0,0
1508120558,lo,0.00,0.00,0.00,0,0,0.00,0.00,0.00,0,0,0.00,0.00,0,0
1508120558,total,251072.94,256925.08,507998.03,257182,251324,165.83,166.83,332.67,167,166,0.00,0.00,0,0
1508120559,s1,0.00,0.00,0.00,0,0,0.00,0.00,0.00,0,0,0.00,0.00,0,0
1508120559,eth0,0.00,0.00,0.00,0,0,0.00,0.00,0.00,0,0,0.00,0.00,0,0
1508120559,s1-eth2,6504.00,251312.00,257816.00,251312,6504,94.00,100.00,194.00,100,94,0.00,0.00,0,0
1508120559,s1-eth1,243874.00,6504.00,250378.00,6504,243874,97.00,94.00,191.00,94,97,0.00,0.00,0,0
1508120559,lo,0.00,0.00,0.00,0,0,0.00,0.00,0.00,0,0,0.00,0.00,0,0
1508120559,total,250378.00,257816.00,508194.00,257816,250378,191.00,194.00,385.00,194,191,0.00,0.00,0,0
1508120560,s1,0.00,0.00,0.00,0,0,0.00,0.00,0.00,0,0,0.00,0.00,0,0
1508120560,eth0,0.00,118.00,118.00,118,0,0.00,1.00,1.00,1,0,0.00,0.00,0,0
1508120560,s1-eth2,6030.00,246440.00,252470.00,246440,6030,89.00,92.00,181.00,92,89,0.00,0.00,0,0
1508120560,s1-eth1,246782.00,6030.00,252812.00,6030,246782,93.00,89.00,182.00,89,93,0.00,0.00,0,0
1508120560,lo,172.00,172.00,344.00,172,172,3.00,3.00,6.00,3,3,0.00,0.00,0,0
1508120560,total,252984.00,252760.00,505744.00,252760,252984,185.00,185.00,370.00,185,185,0.00,0.00,0,0
1508120561,s1,0.00,0.00,0.00,0,0,0.00,0.00,0.00,0,0,0.00,0.00,0,0
1508120561,eth0,0.00,0.00,0.00,0,0,0.00,0.00,0.00,0,0,0.00,0.00,0,0
1508120561,s1-eth2,5598.40,256187.81,261786.22,256444,5604,83.92,89.91,173.83,90,84,0.00,0.00,0,0
1508120561,s1-eth1,245798.20,5598.40,251396.61,5604,246044,85.91,83.92,169.83,84,86,0.00,0.00,0,0
1508120561,lo,0.00,0.00,0.00,0,0,0.00,0.00,0.00,0,0,0.00,0.00,0,0
1508120561,total,251396.61,261786.22,513182.84,262048,251648,169.83,173.83,343.66,174,170,0.00,0.00,0,0
1508120562,s1,0.00,0.00,0.00,0,0,0.00,0.00,0.00,0,0,0.00,0.00,0,0
1508120562,eth0,0.00,0.00,0.00,0,0,0.00,0.00,0.00,0,0,0.00,0.00,0,0
1508120562,s1-eth2,6126.00,246374.00,252500.00,246374,6126,91.00,91.00,182.00,91,91,0.00,0.00,0,0
1508120562,s1-eth1,243412.00,6126.00,249538.00,6126,243412,90.00,91.00,181.00,91,90,0.00,0.00,0,0
1508120562,lo,0.00,0.00,0.00,0,0,0.00,0.00,0.00,0,0,0.00,0.00,0,0
1508120562,total,249538.00,252500.00,502038.00,252500,249538,181.00,182.00,363.00,182,181,0.00,0.00,0,0
1508120563,s1,0.00,0.00,0.00,0,0,0.00,0.00,0.00,0,0,0.00,0.00,0,0
1508120563,eth0,0.00,276.00,276.00,276,0,0.00,3.00,3.00,3,0,0.00,0.00,0,0
1508120563,s1-eth2,6066.00,252430.00,258496.00,252430,6066,89.00,95.00,184.00,95,89,0.00,0.00,0,0
1508120563,s1-eth1,246440.00,6066.00,252506.00,6066,246440,92.00,89.00,181.00,89,92,0.00,0.00,0,0
1508120563,lo,0.00,0.00,0.00,0,0,0.00,0.00,0.00,0,0,0.00,0.00,0,0
1508120563,total,252506.00,258772.00,511278.00,258772,252506,181.00,187.00,368.00,187,181,0.00,0.00,0,0
1508120564,s1,0.00,0.00,0.00,0,0,0.00,0.00,0.00,0,0,0.00,0.00,0,0
1508120564,eth0,0.00,0.00,0.00,0,0,0.00,0.00,0.00,0,0,0.00,0.00,0,0
1508120564,s1-eth2,5574.00,255062.00,260636.00,255062,5574,83.00,91.00,174.00,91,83,0.00,0.00,0,0
1508120564,s1-eth1,243214.00,5574.00,248788.00,5574,243214,87.00,83.00,170.00,83,87,0.00,0.00,0,0
1508120564,lo,0.00,0.00,0.00,0,0,0.00,0.00,0.00,0,0,0.00,0.00,0,0
1508120564,total,248788.00,260636.00,509424.00,260636,248788,170.00,174.00,344.00,174,170,0.00,0.00,0,0
1508120565,s1,0.00,0.00,0.00,0,0,0.00,0.00,0.00,0,0,0.00,0.00,0,0
1508120565,eth0,0.00,0.00,0.00,0,0,0.00,0.00,0.00,0,0,0.00,0.00,0,0
1508120565,s1-eth2,5676.00,249270.00,254946.00,249270,5676,84.00,91.00,175.00,91,84,0.00,0.00,0,0
1508120565,s1-eth1,246308.00,5676.00,251984.00,5676,246308,90.00,84.00,174.00,84,90,0.00,0.00,0,0
1508120565,lo,172.00,172.00,344.00,172,172,3.00,3.00,6.00,3,3,0.00,0.00,0,0
1508120565,total,252156.00,255118.00,507274.00,255118,252156,177.00,178.00,355.00,178,177,0.00,0.00,0,0
1508120566,s1,0.00,0.00,0.00,0,0,0.00,0.00,0.00,0,0,0.00,0.00,0,0
1508120566,eth0,0.00,0.00,0.00,0,0,0.00,0.00,0.00,0,0,0.00,0.00,0,0
1508120566,s1-eth2,5280.00,254732.00,260012.00,254732,5280,80.00,86.00,166.00,86,80,0.00,0.00,0,0
1508120566,s1-eth1,242884.00,5280.00,248164.00,5280,242884,82.00,80.00,162.00,80,82,0.00,0.00,0,0
1508120566,lo,0.00,0.00,0.00,0,0,0.00,0.00,0.00,0,0,0.00,0.00,0,0
1508120566,total,248164.00,260012.00,508176.00,260012,248164,162.00,166.00,328.00,166,162,0.00,0.00,0,0
1508120567,s1,0.00,0.00,0.00,0,0,0.00,0.00,0.00,0,0,0.00,0.00,0,0
1508120567,eth0,0.00,0.00,0.00,0,0,0.00,0.00,0.00,0,0,0.00,0.00,0,0
1508120567,s1-eth2,6000.00,239002.00,245002.00,239002,6000,88.00,89.00,177.00,89,88,0.00,0.00,0,0
1508120567,s1-eth1,246374.00,6066.00,252440.00,6066,246374,91.00,89.00,180.00,89,91,0.00,0.00,0,0
1508120567,lo,0.00,0.00,0.00,0,0,0.00,0.00,0.00,0,0,0.00,0.00,0,0
1508120567,total,252374.00,245068.00,497442.00,245068,252374,179.00,178.00,357.00,178,179,0.00,0.00,0,0
1508120568,s1,0.00,0.00,0.00,0,0,0.00,0.00,0.00,0,0,0.00,0.00,0,0
1508120568,eth0,728.00,706.00,1434.00,706,728,8.00,6.00,14.00,6,8,0.00,0.00,0,0
1508120568,s1-eth2,7040.00,264674.00,271714.00,264674,7040,98.00,105.00,203.00,105,98,0.00,0.00,0,0
1508120568,s1-eth1,247288.00,6522.00,253810.00,6522,247288,100.00,95.00,195.00,95,100,0.00,0.00,0,0
1508120568,lo,682.00,682.00,1364.00,682,682,8.00,8.00,16.00,8,8,0.00,0.00,0,0
1508120568,total,255738.00,272584.00,528322.00,272584,255738,214.00,214.00,428.00,214,214,0.00,0.00,0,0
1508120569,s1,0.00,0.00,0.00,0,0,0.00,0.00,0.00,0,0,0.00,0.00,0,0
1508120569,eth0,152.00,245.00,397.00,245,152,2.00,2.00,4.00,2,2,0.00,0.00,0,0
1508120569,s1-eth2,5870.00,249072.00,254942.00,249072,5870,87.00,88.00,175.00,88,87,0.00,0.00,0,0
1508120569,s1-eth1,243258.00,5682.00,248940.00,5682,243258,87.00,85.00,172.00,85,87,0.00,0.00,0,0
1508120569,lo,341.00,341.00,682.00,341,341,4.00,4.00,8.00,4,4,0.00,0.00,0,0
1508120569,total,249621.00,255340.00,504961.00,255340,249621,180.00,179.00,359.00,179,180,0.00,0.00,0,0
1508120570,s1,0.00,0.00,0.00,0,0,0.00,0.00,0.00,0,0,0.00,0.00,0,0
1508120570,eth0,304.00,670.00,974.00,670,304,4.00,7.00,11.00,7,4,0.00,0.00,0,0
1508120570,s1-eth2,7677.00,252166.00,259843.00,252166,7677,97.00,91.00,188.00,91,97,0.00,0.00,0,0
1508120570,s1-eth1,244624.00,5898.00,250522.00,5898,244624,96.00,87.00,183.00,87,96,0.00,0.00,0,0
1508120570,lo,854.00,854.00,1708.00,854,854,11.00,11.00,22.00,11,11,0.00,0.00,0,0
1508120570,total,253459.00,259588.00,513047.00,259588,253459,208.00,196.00,404.00,196,208,0.00,0.00,0,0
1508120571,s1,0.00,0.00,0.00,0,0,0.00,0.00,0.00,0,0,0.00,0.00,0,0
1508120571,eth0,152.00,245.00,397.00,245,152,2.00,2.00,4.00,2,2,0.00,0.00,0,0
1508120571,s1-eth2,7173.00,256972.00,264145.00,256972,7173,95.00,98.00,193.00,98,95,0.00,0.00,0,0
1508120571,s1-eth1,244942.00,6210.00,251152.00,6210,244942,98.00,91.00,189.00,91,98,0.00,0.00,0,0
1508120571,lo,341.00,341.00,682.00,341,341,4.00,4.00,8.00,4,4,0.00,0.00,0,0
1508120571,total,252608.00,263768.00,516376.00,263768,252608,199.00,195.00,394.00,195,199,0.00,0.00,0,0
1508120572,s1,0.00,0.00,0.00,0,0,0.00,0.00,0.00,0,0,0.00,0.00,0,0
1508120572,eth0,0.00,0.00,0.00,0,0,0.00,0.00,0.00,0,0,0.00,0.00,0,0
1508120572,s1-eth2,6255.00,255260.00,261515.00,255260,6255,89.00,94.00,183.00,94,89,0.00,0.00,0,0
1508120572,s1-eth1,246767.00,5928.00,252695.00,5928,246767,93.00,88.00,181.00,88,93,0.00,0.00,0,0
1508120572,lo,0.00,0.00,0.00,0,0,0.00,0.00,0.00,0,0,0.00,0.00,0,0
1508120572,total,253022.00,261188.00,514210.00,261188,253022,182.00,182.00,364.00,182,182,0.00,0.00,0,0
1508120573,s1,0.00,0.00,0.00,0,0,0.00,0.00,0.00,0,0,0.00,0.00,0,0
1508120573,eth0,60.00,60.00,120.00,60,60,1.00,1.00,2.00,1,1,0.00,0.00,0,0
1508120573,s1-eth2,6110.00,253548.00,259658.00,253548,6110,88.00,90.00,178.00,90,88,0.00,0.00,0,0
1508120573,s1-eth1,243522.00,5736.00,249258.00,5736,243522,88.00,86.00,174.00,86,88,0.00,0.00,0,0
1508120573,lo,0.00,0.00,0.00,0,0,0.00,0.00,0.00,0,0,0.00,0.00,0,0
1508120573,total,249692.00,259344.00,509036.00,259344,249692,177.00,177.00,354.00,177,177,0.00,0.00,0,0
1508120574,s1,0.00,0.00,0.00,0,0,0.00,0.00,0.00,0,0,0.00,0.00,0,0
1508120574,eth0,0.00,1464.00,1464.00,1464,0,0.00,4.00,4.00,4,0,0.00,0.00,0,0
1508120574,s1-eth2,6637.00,250916.00,257553.00,250916,6637,90.00,94.00,184.00,94,90,0.00,0.00,0,0
1508120574,s1-eth1,246903.00,5898.00,252801.00,5898,246903,95.00,87.00,182.00,87,95,0.00,0.00,0,0
1508120574,lo,0.00,0.00,0.00,0,0,0.00,0.00,0.00,0,0,0.00,0.00,0,0
1508120574,total,253540.00,258278.00,511818.00,258278,253540,185.00,185.00,370.00,185,185,0.00,0.00,0,0
1508120575,s1,0.00,0.00,0.00,0,0,0.00,0.00,0.00,0,0,0.00,0.00,0,0
1508120575,eth0,0.00,0.00,0.00,0,0,0.00,0.00,0.00,0,0,0.00,0.00,0,0
1508120575,s1-eth2,6144.00,254010.00,260154.00,254010,6144,90.00,97.00,187.00,97,90,0.00,0.00,0,0
1508120575,s1-eth1,243610.00,6144.00,249754.00,6144,243610,93.00,90.00,183.00,90,93,0.00,0.00,0,0
1508120575,lo,172.00,172.00,344.00,172,172,3.00,3.00,6.00,3,3,0.00,0.00,0,0
1508120575,total,249926.00,260326.00,510252.00,260326,249926,186.00,190.00,376.00,190,186,0.00,0.00,0,0
1508120576,s1,0.00,0.00,0.00,0,0,0.00,0.00,0.00,0,0,0.00,0.00,0,0
1508120576,eth0,0.00,86.00,86.00,86,0,0.00,1.00,1.00,1,0,0.00,0.00,0,0
1508120576,s1-eth2,5802.00,252142.00,257944.00,252142,5802,87.00,91.00,178.00,91,87,0.00,0.00,0,0
1508120576,s1-eth1,246218.00,5868.00,252086.00,5868,246218,89.00,88.00,177.00,88,89,0.00,0.00,0,0
1508120576,lo,296.00,296.00,592.00,296,296,3.00,3.00,6.00,3,3,0.00,0.00,0,0
1508120576,total,252316.00,258392.00,510708.00,258392,252316,179.00,183.00,362.00,183,179,0.00,0.00,0,0
1508120577,s1,0.00,0.00,0.00,0,0,0.00,0.00,0.00,0,0,0.00,0.00,0,0
1508120577,eth0,0.00,0.00,0.00,0,0,0.00,0.00,0.00,0,0,0.00,0.00,0,0
1508120577,s1-eth2,5831.17,254939.06,260770.23,255194,5837,85.91,92.91,178.82,93,86,0.00,0.00,0,0
1508120577,s1-eth1,246168.84,5658.34,251827.17,5664,246415,90.91,83.92,174.83,84,91,0.00,0.00,0,0
1508120577,lo,0.00,0.00,0.00,0,0,0.00,0.00,0.00,0,0,0.00,0.00,0,0
1508120577,total,252000.00,260597.41,512597.41,260858,252252,176.82,176.82,353.65,177,177,0.00,0.00,0,0
1508120578,s1,0.00,0.00,0.00,0,0,0.00,0.00,0.00,0,0,0.00,0.00,0,0
1508120578,eth0,0.00,120.00,120.00,120,0,0.00,2.00,2.00,2,0,0.00,0.00,0,0
1508120578,s1-eth2,5866.00,256708.00,262574.00,256708,5866,87.00,94.00,181.00,94,87,0.00,0.00,0,0
1508120578,s1-eth1,243416.00,5796.00,249212.00,5796,243416,90.00,86.00,176.00,86,90,0.00,0.00,0,0
1508120578,lo,0.00,0.00,0.00,0,0,0.00,0.00,0.00,0,0,0.00,0.00,0,0
1508120578,total,249282.00,262624.00,511906.00,262624,249282,177.00,182.00,359.00,182,177,0.00,0.00,0,0
1508120579,s1,0.00,0.00,0.00,0,0,0.00,0.00,0.00,0,0,0.00,0.00,0,0
1508120579,eth0,0.00,0.00,0.00,0,0,0.00,0.00,0.00,0,0,0.00,0.00,0,0
1508120579,s1-eth2,6564.00,254010.00,260574.00,254010,6564,92.00,97.00,189.00,97,92,0.00,0.00,0,0
1508120579,s1-eth1,246572.00,6222.00,252794.00,6222,246572,94.00,91.00,185.00,91,94,0.00,0.00,0,0
1508120579,lo,0.00,0.00,0.00,0,0,0.00,0.00,0.00,0,0,0.00,0.00,0,0
1508120579,total,253136.00,260232.00,513368.00,260232,253136,186.00,188.00,374.00,188,186,0.00,0.00,0,0
1508120580,s1,0.00,0.00,0.00,0,0,0.00,0.00,0.00,0,0,0.00,0.00,0,0
1508120580,eth0,0.00,0.00,0.00,0,0,0.00,0.00,0.00,0,0,0.00,0.00,0,0
1508120580,s1-eth2,5826.00,255062.00,260888.00,255062,5826,87.00,91.00,178.00,91,87,0.00,0.00,0,0
1508120580,s1-eth1,243556.00,5826.00,249382.00,5826,243556,88.00,87.00,175.00,87,88,0.00,0.00,0,0
1508120580,lo,0.00,0.00,0.00,0,0,0.00,0.00,0.00,0,0,0.00,0.00,0,0
1508120580,total,249382.00,260888.00,510270.00,260888,249382,175.00,178.00,353.00,178,175,0.00,0.00,0,0
1508120581,s1,0.00,0.00,0.00,0,0,0.00,0.00,0.00,0,0,0.00,0.00,0,0
1508120581,eth0,0.00,0.00,0.00,0,0,0.00,0.00,0.00,0,0,0.00,0.00,0,0
1508120581,s1-eth2,5496.00,249138.00,254634.00,249138,5496,82.00,89.00,171.00,89,82,0.00,0.00,0,0
1508120581,s1-eth1,246176.00,5496.00,251672.00,5496,246176,88.00,82.00,170.00,82,88,0.00,0.00,0,0
1508120581,lo,172.00,172.00,344.00,172,172,3.00,3.00,6.00,3,3,0.00,0.00,0,0
1508120581,total,251844.00,254806.00,506650.00,254806,251844,173.00,174.00,347.00,174,173,0.00,0.00,0,0
1508120582,s1,0.00,0.00,0.00,0,0,0.00,0.00,0.00,0,0,0.00,0.00,0,0
1508120582,eth0,0.00,0.00,0.00,0,0,0.00,0.00,0.00,0,0,0.00,0.00,0,0
1508120582,s1-eth2,6006.00,255326.00,261332.00,255326,6006,89.00,95.00,184.00,95,89,0.00,0.00,0,0
1508120582,s1-eth1,246440.00,6006.00,252446.00,6006,246440,92.00,89.00,181.00,89,92,0.00,0.00,0,0
1508120582,lo,0.00,0.00,0.00,0,0,0.00,0.00,0.00,0,0,0.00,0.00,0,0
1508120582,total,252446.00,261332.00,513778.00,261332,252446,181.00,184.00,365.00,184,181,0.00,0.00,0,0
1508120583,s1,0.00,0.00,0.00,0,0,0.00,0.00,0.00,0,0,0.00,0.00,0,0
1508120583,eth0,0.00,0.00,0.00,0,0,0.00,0.00,0.00,0,0,0.00,0.00,0,0
1508120583,s1-eth2,5214.00,248808.00,254022.00,248808,5214,79.00,84.00,163.00,84,79,0.00,0.00,0,0
1508120583,s1-eth1,242884.00,5280.00,248164.00,5280,242884,82.00,80.00,162.00,80,82,0.00,0.00,0,0
1508120583,lo,0.00,0.00,0.00,0,0,0.00,0.00,0.00,0,0,0.00,0.00,0,0
1508120583,total,248098.00,254088.00,502186.00,254088,248098,161.00,164.00,325.00,164,161,0.00,0.00,0,0
1508120584,s1,0.00,0.00,0.00,0,0,0.00,0.00,0.00,0,0,0.00,0.00,0,0
1508120584,eth0,0.00,0.00,0.00,0,0,0.00,0.00,0.00,0,0,0.00,0.00,0,0
1508120584,s1-eth2,6078.00,250916.00,256994.00,250916,6078,89.00,94.00,183.00,94,89,0.00,0.00,0,0
1508120584,s1-eth1,246440.00,6012.00,252452.00,6012,246440,92.00,88.00,180.00,88,92,0.00,0.00,0,0
1508120584,lo,0.00,0.00,0.00,0,0,0.00,0.00,0.00,0,0,0.00,0.00,0,0
1508120584,total,252518.00,256928.00,509446.00,256928,252518,181.00,182.00,363.00,182,181,0.00,0.00,0,0
1508120585,s1,0.00,0.00,0.00,0,0,0.00,0.00,0.00,0,0,0.00,0.00,0,0
1508120585,eth0,0.00,0.00,0.00,0,0,0.00,0.00,0.00,0,0,0.00,0.00,0,0
1508120585,s1-eth2,6407.00,254208.00,260615.00,254208,6407,93.00,100.00,193.00,100,93,0.00,0.00,0,0
1508120585,s1-eth1,243849.00,6300.00,250149.00,6300,243849,96.00,92.00,188.00,92,96,0.00,0.00,0,0
1508120585,lo,0.00,0.00,0.00,0,0,0.00,0.00,0.00,0,0,0.00,0.00,0,0
1508120585,total,250256.00,260508.00,510764.00,260508,250256,189.00,192.00,381.00,192,189,0.00,0.00,0,0
1508120586,s1,0.00,0.00,0.00,0,0,0.00,0.00,0.00,0,0,0.00,0.00,0,0
1508120586,eth0,0.00,0.00,0.00,0,0,0.00,0.00,0.00,0,0,0.00,0.00,0,0
1508120586,s1-eth2,5514.00,251902.00,257416.00,251902,5514,83.00,87.00,170.00,87,83,0.00,0.00,0,0
1508120586,s1-eth1,246044.00,5514.00,251558.00,5514,246044,86.00,83.00,169.00,83,86,0.00,0.00,0,0
1508120586,lo,172.00,172.00,344.00,172,172,3.00,3.00,6.00,3,3,0.00,0.00,0,0
1508120586,total,251730.00,257588.00,509318.00,257588,251730,172.00,173.00,345.00,173,172,0.00,0.00,0,0
1508120587,s1,0.00,0.00,0.00,0,0,0.00,0.00,0.00,0,0,0.00,0.00,0,0
1508120587,eth0,0.00,0.00,0.00,0,0,0.00,0.00,0.00,0,0,0.00,0.00,0,0
1508120587,s1-eth2,5746.00,255062.00,260808.00,255062,5746,85.00,91.00,176.00,91,85,0.00,0.00,0,0
1508120587,s1-eth1,246176.00,5746.00,251922.00,5746,246176,88.00,85.00,173.00,85,88,0.00,0.00,0,0
1508120587,lo,0.00,0.00,0.00,0,0,0.00,0.00,0.00,0,0,0.00,0.00,0,0
1508120587,total,251922.00,260808.00,512730.00,260808,251922,173.00,176.00,349.00,176,173,0.00,0.00,0,0
1508120588,s1,0.00,0.00,0.00,0,0,0.00,0.00,0.00,0,0,0.00,0.00,0,0
1508120588,eth0,0.00,0.00,0.00,0,0,0.00,0.00,0.00,0,0,0.00,0.00,0,0
1508120588,s1-eth2,5346.00,245846.00,251192.00,245846,5346,81.00,83.00,164.00,83,81,0.00,0.00,0,0
1508120588,s1-eth1,242884.00,5346.00,248230.00,5346,242884,82.00,81.00,163.00,81,82,0.00,0.00,0,0
1508120588,lo,0.00,0.00,0.00,0,0,0.00,0.00,0.00,0,0,0.00,0.00,0,0
1508120588,total,248230.00,251192.00,499422.00,251192,248230,163.00,164.00,327.00,164,163,0.00,0.00,0,0
1508120589,s1,0.00,0.00,0.00,0,0,0.00,0.00,0.00,0,0,0.00,0.00,0,0
1508120589,eth0,0.00,0.00,0.00,0,0,0.00,0.00,0.00,0,0,0.00,0.00,0,0
1508120589,s1-eth2,5856.00,252562.00,258418.00,252562,5856,86.00,97.00,183.00,97,86,0.00,0.00,0,0
1508120589,s1-eth1,246638.00,5856.00,252494.00,5856,246638,95.00,86.00,181.00,86,95,0.00,0.00,0,0
1508120589,lo,0.00,0.00,0.00,0,0,0.00,0.00,0.00,0,0,0.00,0.00,0,0
1508120589,total,252494.00,258418.00,510912.00,258418,252494,181.00,183.00,364.00,183,181,0.00,0.00,0,0
1508120590,s1,0.00,0.00,0.00,0,0,0.00,0.00,0.00,0,0,0.00,0.00,0,0
1508120590,eth0,0.00,0.00,0.00,0,0,0.00,0.00,0.00,0,0,0.00,0.00,0,0
1508120590,s1-eth2,5850.00,249204.00,255054.00,249204,5850,87.00,90.00,177.00,90,87,0.00,0.00,0,0
1508120590,s1-eth1,243280.00,5850.00,249130.00,5850,243280,88.00,87.00,175.00,87,88,0.00,0.00,0,0
1508120590,lo,0.00,0.00,0.00,0,0,0.00,0.00,0.00,0,0,0.00,0.00,0,0
1508120590,total,249130.00,255054.00,504184.00,255054,249130,175.00,177.00,352.00,177,175,0.00,0.00,0,0
1508120591,s1,0.00,0.00,0.00,0,0,0.00,0.00,0.00,0,0,0.00,0.00,0,0
1508120591,eth0,0.00,0.00,0.00,0,0,0.00,0.00,0.00,0,0,0.00,0.00,0,0
1508120591,s1-eth2,6132.00,250982.00,257114.00,250982,6132,90.00,95.00,185.00,95,90,0.00,0.00,0,0
1508120591,s1-eth1,246506.00,6132.00,252638.00,6132,246506,93.00,90.00,183.00,90,93,0.00,0.00,0,0
1508120591,lo,172.00,172.00,344.00,172,172,3.00,3.00,6.00,3,3,0.00,0.00,0,0
1508120591,total,252810.00,257286.00,510096.00,257286,252810,186.00,188.00,374.00,188,186,0.00,0.00,0,0
1508120592,s1,0.00,0.00,0.00,0,0,0.00,0.00,0.00,0,0,0.00,0.00,0,0
1508120592,eth0,0.00,180.00,180.00,180,0,0.00,3.00,3.00,3,0,0.00,0.00,0,0
1508120592,s1-eth2,2862.00,103356.00,106218.00,103356,2862,39.00,38.00,77.00,38,39,0.00,0.00,0,0
1508120592,s1-eth1,104870.00,2520.00,107390.00,2520,104870,39.00,38.00,77.00,38,39,0.00,0.00,0,0
1508120592,lo,0.00,0.00,0.00,0,0,0.00,0.00,0.00,0,0,0.00,0.00,0,0
1508120592,total,107732.00,106056.00,213788.00,106056,107732,78.00,79.00,157.00,79,78,0.00,0.00,0,0
1508120593,s1,0.00,0.00,0.00,0,0,0.00,0.00,0.00,0,0,0.00,0.00,0,0
1508120593,eth0,0.00,0.00,0.00,0,0,0.00,0.00,0.00,0,0,0.00,0.00,0,0
1508120593,s1-eth2,0.00,0.00,0.00,0,0,0.00,0.00,0.00,0,0,0.00,0.00,0,0
1508120593,s1-eth1,342.00,0.00,342.00,0,342,1.00,0.00,1.00,0,1,0.00,0.00,0,0
1508120593,lo,0.00,0.00,0.00,0,0,0.00,0.00,0.00,0,0,0.00,0.00,0,0
1508120593,total,342.00,0.00,342.00,0,342,1.00,0.00,1.00,0,1,0.00,0.00,0,0
1508120594,s1,0.00,0.00,0.00,0,0,0.00,0.00,0.00,0,0,0.00,0.00,0,0
1508120594,eth0,0.00,0.00,0.00,0,0,0.00,0.00,0.00,0,0,0.00,0.00,0,0
1508120594,s1-eth2,0.00,0.00,0.00,0,0,0.00,0.00,0.00,0,0,0.00,0.00,0,0
1508120594,s1-eth1,0.00,0.00,0.00,0,0,0.00,0.00,0.00,0,0,0.00,0.00,0,0
1508120594,lo,0.00,0.00,0.00,0,0,0.00,0.00,0.00,0,0,0.00,0.00,0,0
1508120594,total,0.00,0.00,0.00,0,0,0.00,0.00,0.00,0,0,0.00,0.00,0,0
1508120595,s1,0.00,0.00,0.00,0,0,0.00,0.00,0.00,0,0,0.00,0.00,0,0
1508120595,eth0,0.00,0.00,0.00,0,0,0.00,0.00,0.00,0,0,0.00,0.00,0,0
1508120595,s1-eth2,0.00,0.00,0.00,0,0,0.00,0.00,0.00,0,0,0.00,0.00,0,0
1508120595,s1-eth1,0.00,0.00,0.00,0,0,0.00,0.00,0.00,0,0,0.00,0.00,0,0
1508120595,lo,0.00,0.00,0.00,0,0,0.00,0.00,0.00,0,0,0.00,0.00,0,0
1508120595,total,0.00,0.00,0.00,0,0,0.00,0.00,0.00,0,0,0.00,0.00,0,0
1508120596,s1,0.00,0.00,0.00,0,0,0.00,0.00,0.00,0,0,0.00,0.00,0,0
1508120596,eth0,0.00,0.00,0.00,0,0,0.00,0.00,0.00,0,0,0.00,0.00,0,0
1508120596,s1-eth2,0.00,0.00,0.00,0,0,0.00,0.00,0.00,0,0,0.00,0.00,0,0
1508120596,s1-eth1,0.00,0.00,0.00,0,0,0.00,0.00,0.00,0,0,0.0