1508201699,s1,0.00,0.00,0.00,0,0,0.00,0.00,0.00,0,0,0.00,0.00,0,0
1508201699,eth0,0.00,0.00,0.00,0,0,0.00,0.00,0.00,0,0,0.00,0.00,0,0
1508201699,s2,0.00,0.00,0.00,0,0,0.00,0.00,0.00,0,0,0.00,0.00,0,0
1508201699,s1-eth2,0.00,0.00,0.00,0,0,0.00,0.00,0.00,0,0,0.00,0.00,0,0
1508201699,s1-eth1,0.00,0.00,0.00,0,0,0.00,0.00,0.00,0,0,0.00,0.00,0,0
1508201699,s2-eth2,0.00,0.00,0.00,0,0,0.00,0.00,0.00,0,0,0.00,0.00,0,0
1508201699,s2-eth1,0.00,0.00,0.00,0,0,0.00,0.00,0.00,0,0,0.00,0.00,0,0
1508201699,lo,0.00,0.00,0.00,0,0,0.00,0.00,0.00,0,0,0.00,0.00,0,0
1508201699,total,0.00,0.00,0.00,0,0,0.00,0.00,0.00,0,0,0.00,0.00,0,0
1508201700,s1,0.00,42.00,42.00,42,0,0.00,1.00,1.00,1,0,0.00,0.00,0,0
1508201700,eth0,0.00,0.00,0.00,0,0,0.00,0.00,0.00,0,0,0.00,0.00,0,0
1508201700,s2,0.00,42.00,42.00,42,0,0.00,1.00,1.00,1,0,0.00,0.00,0,0
1508201700,s1-eth2,12202.00,255908.00,268110.00,255908,12202,161.00,170.00,331.00,170,161,0.00,0.00,0,0
1508201700,s1-eth1,249852.00,12202.00,262054.00,12202,249852,166.00,161.00,327.00,161,166,0.00,0.00,0,0
1508201700,s2-eth2,9924.00,213516.00,223440.00,213516,9924,120.00,142.00,262.00,142,120,0.00,0.00,0,0
1508201700,s2-eth1,201404.00,9656.00,211060.00,9656,201404,134.00,120.00,254.00,120,134,0.00,0.00,0,0
1508201700,lo,480.00,480.00,960.00,480,480,6.00,6.00,12.00,6,6,0.00,0.00,0,0
1508201700,total,473862.00,491846.00,965708.00,491846,473862,587.00,601.00,1188.00,601,587,0.00,0.00,0,0
1508201701,s1,0.00,41.96,41.96,42,0,0.00,1.00,1.00,1,0,0.00,0.00,0,0
1508201701,eth0,0.00,0.00,0.00,0,0,0.00,0.00,0.00,0,0,0.00,0.00,0,0
1508201701,s2,0.00,41.96,41.96,42,0,0.00,1.00,1.00,1,0,0.00,0.00,0,0
1508201701,s1-eth2,12407.59,249602.41,262010.00,249852,12420,161.84,165.83,327.67,166,162,0.00,0.00,0,0
1508201701,s1-eth1,249602.41,12407.59,262010.00,12420,249852,165.83,161.84,327.67,162,166,0.00,0.00,0,0
1508201701,s2-eth2,10137.86,219352.66,229490.52,219572,10148,123.88,145.85,269.73,146,124,0.00,0.00,0,0
1508201701,s2-eth1,224231.78,10063.94,234295.70,10074,224456,149.85,122.88,272.73,123,150,0.00,0.00,0,0
1508201701,lo,479.52,479.52,959.04,480,480,5.99,5.99,11.99,6,6,0.00,0.00,0,0
1508201701,total,496859.16,491990.03,988849.19,492482,497356,607.39,604.40,1211.79,605,608,0.00,0.00,0,0
1508201702,s1,0.00,42.00,42.00,42,0,0.00,1.00,1.00,1,0,0.00,0.00,0,0
1508201702,eth0,0.00,0.00,0.00,0,0,0.00,0.00,0.00,0,0,0.00,0.00,0,0
1508201702,s2,0.00,42.00,42.00,42,0,0.00,1.00,1.00,1,0,0.00,0.00,0,0
1508201702,s1-eth2,11934.00,257422.00,269356.00,257422,11934,157.00,171.00,328.00,171,157,0.00,0.00,0,0
1508201702,s1-eth1,249852.00,12008.00,261860.00,12008,249852,166.00,158.00,324.00,158,166,0.00,0.00,0,0
1508201702,s2-eth2,5626.00,116620.00,122246.00,116620,5626,71.00,78.00,149.00,78,71,0.00,0.00,0,0
1508201702,s2-eth1,118134.00,5626.00,123760.00,5626,118134,79.00,71.00,150.00,71,79,0.00,0.00,0,0
1508201702,lo,480.00,480.00,960.00,480,480,6.00,6.00,12.00,6,6,0.00,0.00,0,0
1508201702,total,386026.00,392240.00,778266.00,392240,386026,479.00,486.00,965.00,486,479,0.00,0.00,0,0
1508201703,s1,0.00,42.00,42.00,42,0,0.00,1.00,1.00,1,0,0.00,0.00,0,0
1508201703,eth0,0.00,0.00,0.00,0,0,0.00,0.00,0.00,0,0,0.00,0.00,0,0
1508201703,s2,0.00,42.00,42.00,42,0,0.00,1.00,1.00,1,0,0.00,0.00,0,0
1508201703,s1-eth2,11996.00,257422.00,269418.00,257422,11996,160.00,171.00,331.00,171,160,0.00,0.00,0,0
1508201703,s1-eth1,251366.00,11922.00,263288.00,11922,251366,167.00,159.00,326.00,159,167,0.00,0.00,0,0
1508201703,s2-eth2,4460.00,115106.00,119566.00,115106,4460,58.00,77.00,135.00,77,58,0.00,0.00,0,0
1508201703,s2-eth1,115106.00,4460.00,119566.00,4460,115106,77.00,58.00,135.00,58,77,0.00,0.00,0,0
1508201703,lo,480.00,480.00,960.00,480,480,6.00,6.00,12.00,6,6,0.00,0.00,0,0
1508201703,total,383408.00,389474.00,772882.00,389474,383408,468.00,473.00,941.00,473,468,0.00,0.00,0,0
1508201704,s1,0.00,42.00,42.00,42,0,0.00,1.00,1.00,1,0,0.00,0.00,0,0
1508201704,eth0,0.00,0.00,0.00,0,0,0.00,0.00,0.00,0,0,0.00,0.00,0,0
1508201704,s2,0.00,42.00,42.00,42,0,0.00,1.00,1.00,1,0,0.00,0.00,0,0
1508201704,s1-eth2,12317.00,246824.00,259141.00,246824,12317,160.00,164.00,324.00,164,160,0.00,0.00,0,0
1508201704,s1-eth1,249959.00,12210.00,262169.00,12210,249959,167.00,159.00,326.00,159,167,0.00,0.00,0,0
1508201704,s2-eth2,4547.00,121162.00,125709.00,121162,4547,61.00,81.00,142.00,81,61,0.00,0.00,0,0
1508201704,s2-eth1,118134.00,4440.00,122574.00,4440,118134,79.00,60.00,139.00,60,79,0.00,0.00,0,0
1508201704,lo,480.00,480.00,960.00,480,480,6.00,6.00,12.00,6,6,0.00,0.00,0,0
1508201704,total,385437.00,385200.00,770637.00,385200,385437,473.00,472.00,945.00,472,473,0.00,0.00,0,0
1508201705,s1,0.00,0.00,0.00,0,0,0.00,0.00,0.00,0,0,0.00,0.00,0,0
1508201705,eth0,0.00,0.00,0.00,0,0,0.00,0.00,0.00,0,0,0.00,0.00,0,0
1508201705,s2,0.00,0.00,0.00,0,0,0.00,0.00,0.00,0,0,0.00,0.00,0,0
1508201705,s1-eth2,12186.00,260408.00,272594.00,260408,12186,159.00,172.00,331.00,172,159,0.00,0.00,0,0
1508201705,s1-eth1,250152.00,12186.00,262338.00,12186,250152,166.00,159.00,325.00,159,166,0.00,0.00,0,0
1508201705,s2-eth2,4440.00,127176.00,131616.00,127176,4440,60.00,84.00,144.00,84,60,0.00,0.00,0,0
1508201705,s2-eth1,130311.00,4440.00,134751.00,4440,130311,87.00,60.00,147.00,60,87,0.00,0.00,0,0
1508201705,lo,0.00,0.00,0.00,0,0,0.00,0.00,0.00,0,0,0.00,0.00,0,0
1508201705,total,397089.00,404210.00,801299.00,404210,397089,472.00,475.00,947.00,475,472,0.00,0.00,0,0
1508201706,s1,0.00,0.00,0.00,0,0,0.00,0.00,0.00,0,0,0.00,0.00,0,0
1508201706,eth0,0.00,0.00,0.00,0,0,0.00,0.00,0.00,0,0,0.00,0.00,0,0
1508201706,s2,0.00,0.00,0.00,0,0,0.00,0.00,0.00,0,0,0.00,0.00,0,0
1508201706,s1-eth2,11996.00,257380.00,269376.00,257380,11996,160.00,170.00,330.00,170,160,0.00,0.00,0,0
1508201706,s1-eth1,249810.00,11996.00,261806.00,11996,249810,165.00,160.00,325.00,160,165,0.00,0.00,0,0
1508201706,s2-eth2,5496.00,110522.00,116018.00,110522,5496,68.00,73.00,141.00,73,68,0.00,0.00,0,0
1508201706,s2-eth1,105980.00,5496.00,111476.00,5496,105980,70.00,68.00,138.00,68,70,0.00,0.00,0,0
1508201706,lo,0.00,0.00,0.00,0,0,0.00,0.00,0.00,0,0,0.00,0.00,0,0
1508201706,total,373282.00,385394.00,758676.00,385394,373282,463.00,471.00,934.00,471,463,0.00,0.00,0,0
1508201707,s1,0.00,0.00,0.00,0,0,0.00,0.00,0.00,0,0,0.00,0.00,0,0
1508201707,eth0,0.00,0.00,0.00,0,0,0.00,0.00,0.00,0,0,0.00,0.00,0,0
1508201707,s2,0.00,0.00,0.00,0,0,0.00,0.00,0.00,0,0,0.00,0.00,0,0
1508201707,s1-eth2,12450.00,249810.00,262260.00,249810,12450,161.00,165.00,326.00,165,161,0.00,0.00,0,0
1508201707,s1-eth1,249810.00,12450.00,262260.00,12450,249810,165.00,161.00,326.00,161,165,0.00,0.00,0,0
1508201707,s2-eth2,4064.00,77214.00,81278.00,77214,4064,52.00,51.00,103.00,51,52,0.00,0.00,0,0
1508201707,s2-eth1,77214.00,4064.00,81278.00,4064,77214,51.00,52.00,103.00,52,51,0.00,0.00,0,0
1508201707,lo,0.00,0.00,0.00,0,0,0.00,0.00,0.00,0,0,0.00,0.00,0,0
1508201707,total,343538.00,343538.00,687076.00,343538,343538,429.00,429.00,858.00,429,429,0.00,0.00,0,0
1508201708,s1,0.00,0.00,0.00,0,0,0.00,0.00,0.00,0,0,0.00,0.00,0,0
1508201708,eth0,0.00,0.00,0.00,0,0,0.00,0.00,0.00,0,0,0.00,0.00,0,0
1508201708,s2,0.00,0.00,0.00,0,0,0.00,0.00,0.00,0,0,0.00,0.00,0,0
1508201708,s1-eth2,12160.00,260408.00,272568.00,260408,12160,160.00,172.00,332.00,172,160,0.00,0.00,0,0
1508201708,s1-eth1,249810.00,12160.00,261970.00,12160,249810,165.00,160.00,325.00,160,165,0.00,0.00,0,0
1508201708,s2-eth2,3400.00,78728.00,82128.00,78728,3400,44.00,52.00,96.00,52,44,0.00,0.00,0,0
1508201708,s2-eth1,72672.00,3400.00,76072.00,3400,72672,48.00,44.00,92.00,44,48,0.00,0.00,0,0
1508201708,lo,0.00,0.00,0.00,0,0,0.00,0.00,0.00,0,0,0.00,0.00,0,0
1508201708,total,338042.00,354696.00,692738.00,354696,338042,417.00,428.00,845.00,428,417,0.00,0.00,0,0
1508201709,s1,0.00,0.00,0.00,0,0,0.00,0.00,0.00,0,0,0.00,0.00,0,0
1508201709,eth0,0.00,0.00,0.00,0,0,0.00,0.00,0.00,0,0,0.00,0.00,0,0
1508201709,s2,0.00,0.00,0.00,0,0,0.00,0.00,0.00,0,0,0.00,0.00,0,0
1508201709,s1-eth2,12454.00,254352.00,266806.00,254352,12454,161.00,168.00,329.00,168,161,0.00,0.00,0,0
1508201709,s1-eth1,251324.00,12454.00,263778.00,12454,251324,166.00,161.00,327.00,161,166,0.00,0.00,0,0
1508201709,s2-eth2,3648.00,75742.00,79390.00,75742,3648,44.00,51.00,95.00,51,44,0.00,0.00,0,0
1508201709,s2-eth1,74228.00,3392.00,77620.00,3392,74228,50.00,44.00,94.00,44,50,0.00,0.00,0,0
1508201709,lo,936.00,936.00,1872.00,936,936,12.00,12.00,24.00,12,12,0.00,0.00,0,0
1508201709,total,342590.00,346876.00,689466.00,346876,342590,433.00,436.00,869.00,436,433,0.00,0.00,0,0
1508201710,s1,0.00,0.00,0.00,0,0,0.00,0.00,0.00,0,0,0.00,0.00,0,0
1508201710,eth0,0.00,0.00,0.00,0,0,0.00,0.00,0.00,0,0,0.00,0.00,0,0
1508201710,s2,0.00,0.00,0.00,0,0,0.00,0.00,0.00,0,0,0.00,0.00,0,0
1508201710,s1-eth2,11750.00,257380.00,269130.00,257380,11750,157.00,170.00,327.00,170,157,0.00,0.00,0,0
1508201710,s1-eth1,248296.00,11824.00,260120.00,11824,248296,164.00,158.00,322.00,158,164,0.00,0.00,0,0
1508201710,s2-eth2,3488.00,78728.00,82216.00,78728,3488,46.00,52.00,98.00,52,46,0.00,0.00,0,0
1508201710,s2-eth1,83270.00,3402.00,86672.00,3402,83270,55.00,45.00,100.00,45,55,0.00,0.00,0,0
1508201710,lo,0.00,0.00,0.00,0,0,0.00,0.00,0.00,0,0,0.00,0.00,0,0
1508201710,total,346804.00,351334.00,698138.00,351334,346804,422.00,425.00,847.00,425,422,0.00,0.00,0,0
1508201711,s1,0.00,0.00,0.00,0,0,0.00,0.00,0.00,0,0,0.00,0.00,0,0
1508201711,eth0,0.00,86.00,86.00,86,0,0.00,1.00,1.00,1,0,0.00,0.00,0,0
1508201711,s2,0.00,0.00,0.00,0,0,0.00,0.00,0.00,0,0,0.00,0.00,0,0
1508201711,s1-eth2,12386.00,252838.00,265224.00,252838,12386,163.00,167.00,330.00,167,163,0.00,0.00,0,0
1508201711,s1-eth1,251324.00,12312.00,263636.00,12312,251324,166.00,162.00,328.00,162,166,0.00,0.00,0,0
1508201711,s2-eth2,3546.00,75700.00,79246.00,75700,3546,45.00,50.00,95.00,50,45,0.00,0.00,0,0
1508201711,s2-eth1,65102.00,3546.00,68648.00,3546,65102,43.00,45.00,88.00,45,43,0.00,0.00,0,0
1508201711,lo,0.00,0.00,0.00,0,0,0.00,0.00,0.00,0,0,0.00,0.00,0,0
1508201711,total,332358.00,344482.00,676840.00,344482,332358,417.00,425.00,842.00,425,417,0.00,0.00,0,0
1508201712,s1,0.00,0.00,0.00,0,0,0.00,0.00,0.00,0,0,0.00,0.00,0,0
1508201712,eth0,0.00,0.00,0.00,0,0,0.00,0.00,0.00,0,0,0.00,0.00,0,0
1508201712,s2,0.00,0.00,0.00,0,0,0.00,0.00,0.00,0,0,0.00,0.00,0,0
1508201712,s1-eth2,12086.00,255866.00,267952.00,255866,12086,155.00,169.00,324.00,169,155,0.00,0.00,0,0
1508201712,s1-eth1,249810.00,12086.00,261896.00,12086,249810,165.00,155.00,320.00,155,165,0.00,0.00,0,0
1508201712,s2-eth2,3626.00,80242.00,83868.00,80242,3626,49.00,53.00,102.00,53,49,0.00,0.00,0,0
1508201712,s2-eth1,89326.00,3626.00,92952.00,3626,89326,59.00,49.00,108.00,49,59,0.00,0.00,0,0
1508201712,lo,0.00,0.00,0.00,0,0,0.00,0.00,0.00,0,0,0.00,0.00,0,0
1508201712,total,354848.00,351820.00,706668.00,351820,354848,428.00,426.00,854.00,426,428,0.00,0.00,0,0
1508201713,s1,0.00,0.00,0.00,0,0,0.00,0.00,0.00,0,0,0.00,0.00,0,0
1508201713,eth0,0.00,0.00,0.00,0,0,0.00,0.00,0.00,0,0,0.00,0.00,0,0
1508201713,s2,0.00,0.00,0.00,0,0,0.00,0.00,0.00,0,0,0.00,0.00,0,0
1508201713,s1-eth2,12508.00,260408.00,272916.00,260408,12508,160.00,172.00,332.00,172,160,0.00,0.00,0,0
1508201713,s1-eth1,249810.00,12166.00,261976.00,12166,249810,165.00,159.00,324.00,159,165,0.00,0.00,0,0
1508201713,s2-eth2,4122.00,98410.00,102532.00,98410,4122,53.00,65.00,118.00,65,53,0.00,0.00,0,0
1508201713,s2-eth1,80242.00,4122.00,84364.00,4122,80242,53.00,53.00,106.00,53,53,0.00,0.00,0,0
1508201713,lo,0.00,0.00,0.00,0,0,0.00,0.00,0.00,0,0,0.00,0.00,0,0
1508201713,total,346682.00,375106.00,721788.00,375106,346682,431.00,449.00,880.00,449,431,0.00,0.00,0,0
1508201714,s1,0.00,0.00,0.00,0,0,0.00,0.00,0.00,0,0,0.00,0.00,0,0
1508201714,eth0,0.00,118.00,118.00,118,0,0.00,1.00,1.00,1,0,0.00,0.00,0,0
1508201714,s2,0.00,0.00,0.00,0,0,0.00,0.00,0.00,0,0,0.00,0.00,0,0
1508201714,s1-eth2,12354.00,261922.00,274276.00,261922,12354,163.00,173.00,336.00,173,163,0.00,0.00,0,0
1508201714,s1-eth1,249810.00,12354.00,262164.00,12354,249810,165.00,163.00,328.00,163,165,0.00,0.00,0,0
1508201714,s2-eth2,3144.00,95382.00,98526.00,95382,3144,42.00,63.00,105.00,63,42,0.00,0.00,0,0
1508201714,s2-eth1,109008.00,3144.00,112152.00,3144,109008,72.00,42.00,114.00,42,72,0.00,0.00,0,0
1508201714,lo,344.00,344.00,688.00,344,344,6.00,6.00,12.00,6,6,0.00,0.00,0,0
1508201714,total,374660.00,373264.00,747924.00,373264,374660,448.00,448.00,896.00,448,448,0.00,0.00,0,0
1508201715,s1,0.00,0.00,0.00,0,0,0.00,0.00,0.00,0,0,0.00,0.00,0,0
1508201715,eth0,0.00,0.00,0.00,0,0,0.00,0.00,0.00,0,0,0.00,0.00,0,0
1508201715,s2,0.00,0.00,0.00,0,0,0.00,0.00,0.00,0,0,0.00,0.00,0,0
1508201715,s1-eth2,12388.00,254352.00,266740.00,254352,12388,158.00,168.00,326.00,168,158,0.00,0.00,0,0
1508201715,s1-eth1,249810.00,12388.00,262198.00,12388,249810,165.00,158.00,323.00,158,165,0.00,0.00,0,0
1508201715,s2-eth2,4178.00,98410.00,102588.00,98410,4178,55.00,65.00,120.00,65,55,0.00,0.00,0,0
1508201715,s2-eth1,87812.00,4178.00,91990.00,4178,87812,58.00,55.00,113.00,55,58,0.00,0.00,0,0
1508201715,lo,0.00,0.00,0.00,0,0,0.00,0.00,0.00,0,0,0.00,0.00,0,0
1508201715,total,354188.00,369328.00,723516.00,369328,354188,436.00,446.00,882.00,446,436,0.00,0.00,0,0
1508201716,s1,0.00,0.00,0.00,0,0,0.00,0.00,0.00,0,0,0.00,0.00,0,0
1508201716,eth0,0.00,0.00,0.00,0,0,0.00,0.00,0.00,0,0,0.00,0.00,0,0
1508201716,s2,0.00,0.00,0.00,0,0,0.00,0.00,0.00,0,0,0.00,0.00,0,0
1508201716,s1-eth2,12471.53,261660.34,274131.88,261922,12484,161.84,172.83,334.67,173,162,0.00,0.00,0,0
1508201716,s1-eth1,249560.45,12545.46,262105.91,12558,249810,164.84,162.84,327.67,163,165,0.00,0.00,0,0
1508201716,s2-eth2,3566.43,66549.45,70115.88,66616,3570,44.96,43.96,88.91,44,45,0.00,0.00,0,0
1508201716,s2-eth1,69574.43,3566.43,73140.86,3570,69644,45.95,44.96,90.91,45,46,0.00,0.00,0,0
1508201716,lo,0.00,0.00,0.00,0,0,0.00,0.00,0.00,0,0,0.00,0.00,0,0
1508201716,total,335172.84,344321.69,679494.50,344666,335508,417.58,424.58,842.16,425,418,0.00,0.00,0,0
1508201717,s1,0.00,0.00,0.00,0,0,0.00,0.00,0.00,0,0,0.00,0.00,0,0
1508201717,eth0,0.00,0.00,0.00,0,0,0.00,0.00,0.00,0,0,0.00,0.00,0,0
1508201717,s2,0.00,0.00,0.00,0,0,0.00,0.00,0.00,0,0,0.00,0.00,0,0
1508201717,s1-eth2,12388.00,255866.00,268254.00,255866,12388,160.00,169.00,329.00,169,160,0.00,0.00,0,0
1508201717,s1-eth1,250152.00,12314.00,262466.00,12314,250152,166.00,159.00,325.00,159,166,0.00,0.00,0,0
1508201717,s2-eth2,2046.00,72672.00,74718.00,72672,2046,27.00,48.00,75.00,48,27,0.00,0.00,0,0
1508201717,s2-eth1,68130.00,2046.00,70176.00,2046,68130,45.00,27.00,72.00,27,45,0.00,0.00,0,0
1508201717,lo,0.00,0.00,0.00,0,0,0.00,0.00,0.00,0,0,0.00,0.00,0,0
1508201717,total,332716.00,342898.00,675614.00,342898,332716,398.00,403.00,801.00,403,398,0.00,0.00,0,0
1508201718,s1,0.00,0.00,0.00,0,0,0.00,0.00,0.00,0,0,0.00,0.00,0,0
1508201718,eth0,0.00,0.00,0.00,0,0,0.00,0.00,0.00,0,0,0.00,0.00,0,0
1508201718,s2,0.00,0.00,0.00,0,0,0.00,0.00,0.00,0,0,0.00,0.00,0,0
1508201718,s1-eth2,12176.00,257380.00,269556.00,257380,12176,160.00,170.00,330.00,170,160,0.00,0.00,0,0
1508201718,s1-eth1,251324.00,12176.00,263500.00,12176,251324,166.00,160.00,326.00,160,166,0.00,0.00,0,0
1508201718,s2-eth2,3178.00,60560.00,63738.00,60560,3178,41.00,40.00,81.00,40,41,0.00,0.00,0,0
1508201718,s2-eth1,63588.00,3178.00,66766.00,3178,63588,42.00,41.00,83.00,41,42,0.00,0.00,0,0
1508201718,lo,0.00,0.00,0.00,0,0,0.00,0.00,0.00,0,0,0.00,0.00,0,0
1508201718,total,330266.00,333294.00,663560.00,333294,330266,409.00,411.00,820.00,411,409,0.00,0.00,0,0
1508201719,s1,0.00,0.00,0.00,0,0,0.00,0.00,0.00,0,0,0.00,0.00,0,0
1508201719,eth0,0.00,0.00,0.00,0,0,0.00,0.00,0.00,0,0,0.00,0.00,0,0
1508201719,s2,0.00,0.00,0.00,0,0,0.00,0.00,0.00,0,0,0.00,0.00,0,0
1508201719,s1-eth2,11988.00,249810.00,261798.00,249810,11988,156.00,165.00,321.00,165,156,0.00,0.00,0,0
1508201719,s1-eth1,249810.00,11988.00,261798.00,11988,249810,165.00,156.00,321.00,156,165,0.00,0.00,0,0
1508201719,s2-eth2,2976.00,63588.00,66564.00,63588,2976,38.00,42.00,80.00,42,38,0.00,0.00,0,0
1508201719,s2-eth1,54504.00,2976.00,57480.00,2976,54504,36.00,38.00,74.00,38,36,0.00,0.00,0,0
1508201719,lo,344.00,344.00,688.00,344,344,6.00,6.00,12.00,6,6,0.00,0.00,0,0
1508201719,total,319622.00,328706.00,648328.00,328706,319622,401.00,407.00,808.00,407,401,0.00,0.00,0,0
1508201720,s1,0.00,0.00,0.00,0,0,0.00,0.00,0.00,0,0,0.00,0.00,0,0
1508201720,eth0,0.00,0.00,0.00,0,0,0.00,0.00,0.00,0,0,0.00,0.00,0,0
1508201720,s2,0.00,0.00,0.00,0,0,0.00,0.00,0.00,0,0,0.00,0.00,0,0
1508201720,s1-eth2,12131.00,260408.00,272539.00,260408,12131,161.00,172.00,333.00,172,161,0.00,0.00,0,0
1508201720,s1-eth1,249917.00,12024.00,261941.00,12024,249917,166.00,160.00,326.00,160,166,0.00,0.00,0,0
1508201720,s2-eth2,2105.00,72672.00,74777.00,72672,2105,28.00,48.00,76.00,48,28,0.00,0.00,0,0
1508201720,s2-eth1,75700.00,1998.00,77698.00,1998,75700,50.00,27.00,77.00,27,50,0.00,0.00,0,0
1508201720,lo,0.00,0.00,0.00,0,0,0.00,0.00,0.00,0,0,0.00,0.00,0,0
1508201720,total,339853.00,347102.00,686955.00,347102,339853,405.00,407.00,812.00,407,405,0.00,0.00,0,0
1508201721,s1,0.00,0.00,0.00,0,0,0.00,0.00,0.00,0,0,0.00,0.00,0,0
1508201721,eth0,0.00,0.00,0.00,0,0,0.00,0.00,0.00,0,0,0.00,0.00,0,0
1508201721,s2,0.00,0.00,0.00,0,0,0.00,0.00,0.00,0,0,0.00,0.00,0,0
1508201721,s1-eth2,12632.00,257380.00,270012.00,257380,12632,162.00,170.00,332.00,170,162,0.00,0.00,0,0
1508201721,s1-eth1,249810.00,12632.00,262442.00,12632,249810,165.00,162.00,327.00,162,165,0.00,0.00,0,0
1508201721,s2-eth2,3906.00,87812.00,91718.00,87812,3906,51.00,58.00,109.00,58,51,0.00,0.00,0,0
1508201721,s2-eth1,85233.00,3906.00,89139.00,3906,85233,58.00,51.00,109.00,51,58,0.00,0.00,0,0
1508201721,lo,0.00,0.00,0.00,0,0,0.00,0.00,0.00,0,0,0.00,0.00,0,0
1508201721,total,351581.00,361730.00,713311.00,361730,351581,436.00,441.00,877.00,441,436,0.00,0.00,0,0
1508201722,s1,0.00,0.00,0.00,0,0,0.00,0.00,0.00,0,0,0.00,0.00,0,0
1508201722,eth0,0.00,0.00,0.00,0,0,0.00,0.00,0.00,0,0,0.00,0.00,0,0
1508201722,s2,0.00,0.00,0.00,0,0,0.00,0.00,0.00,0,0,0.00,0.00,0,0
1508201722,s1-eth2,12298.00,258894.00,271192.00,258894,12298,161.00,171.00,332.00,171,161,0.00,0.00,0,0
1508201722,s1-eth1,251324.00,12372.00,263696.00,12372,251324,166.00,162.00,328.00,162,166,0.00,0.00,0,0
1508201722,s2-eth2,4178.00,89326.00,93504.00,89326,4178,55.00,59.00,114.00,59,55,0.00,0.00,0,0
1508201722,s2-eth1,92354.00,4178.00,96532.00,4178,92354,61.00,55.00,116.00,55,61,0.00,0.00,0,0
1508201722,lo,0.00,0.00,0.00,0,0,0.00,0.00,0.00,0,0,0.00,0.00,0,0
1508201722,total,360154.00,364770.00,724924.00,364770,360154,443.00,447.00,890.00,447,443,0.00,0.00,0,0
1508201723,s1,0.00,0.00,0.00,0,0,0.00,0.00,0.00,0,0,0.00,0.00,0,0
1508201723,eth0,0.00,0.00,0.00,0,0,0.00,0.00,0.00,0,0,0.00,0.00,0,0
1508201723,s2,0.00,0.00,0.00,0,0,0.00,0.00,0.00,0,0,0.00,0.00,0,0
1508201723,s1-eth2,12107.89,261660.34,273768.25,261922,12120,161.84,172.83,334.67,173,162,0.00,0.00,0,0
1508201723,s1-eth1,249560.45,12033.97,261594.41,12046,249810,164.84,160.84,325.67,161,165,0.00,0.00,0,0
1508201723,s2-eth2,2747.25,90749.25,93496.51,90840,2750,36.96,59.94,96.90,60,37,0.00,0.00,0,0
1508201723,s2-eth1,81674.33,2747.25,84421.58,2750,81756,53.95,36.96,90.91,37,54,0.00,0.00,0,0
1508201723,lo,0.00,0.00,0.00,0,0,0.00,0.00,0.00,0,0,0.00,0.00,0,0
1508201723,total,346089.91,367190.81,713280.75,367558,346436,417.58,430.57,848.15,431,418,0.00,0.00,0,0
1508201724,s1,0.00,0.00,0.00,0,0,0.00,0.00,0.00,0,0,0.00,0.00,0,0
1508201724,eth0,0.00,0.00,0.00,0,0,0.00,0.00,0.00,0,0,0.00,0.00,0,0
1508201724,s2,0.00,0.00,0.00,0,0,0.00,0.00,0.00,0,0,0.00,0.00,0,0
1508201724,s1-eth2,12076.00,248296.00,260372.00,248296,12076,158.00,164.00,322.00,164,158,0.00,0.00,0,0
1508201724,s1-eth1,249810.00,12076.00,261886.00,12076,249810,165.00,158.00,323.00,158,165,0.00,0.00,0,0
1508201724,s2-eth2,3680.00,83270.00,86950.00,83270,3680,44.00,55.00,99.00,55,44,0.00,0.00,0,0
1508201724,s2-eth1,89326.00,3338.00,92664.00,3338,89326,59.00,43.00,102.00,43,59,0.00,0.00,0,0
1508201724,lo,344.00,344.00,688.00,344,344,6.00,6.00,12.00,6,6,0.00,0.00,0,0
1508201724,total,355236.00,347324.00,702560.00,347324,355236,432.00,426.00,858.00,426,432,0.00,0.00,0,0
1508201725,s1,0.00,0.00,0.00,0,0,0.00,0.00,0.00,0,0,0.00,0.00,0,0
1508201725,eth0,0.00,0.00,0.00,0,0,0.00,0.00,0.00,0,0,0.00,0.00,0,0
1508201725,s2,0.00,0.00,0.00,0,0,0.00,0.00,0.00,0,0,0.00,0.00,0,0
1508201725,s1-eth2,12384.00,255866.00,268250.00,255866,12384,162.00,169.00,331.00,169,162,0.00,0.00,0,0
1508201725,s1-eth1,249810.00,12384.00,262194.00,12384,249810,165.00,162.00,327.00,162,165,0.00,0.00,0,0
1508201725,s2-eth2,2930.00,56018.00,58948.00,56018,2930,37.00,37.00,74.00,37,37,0.00,0.00,0,0
1508201725,s2-eth1,49962.00,2930.00,52892.00,2930,49962,33.00,37.00,70.00,37,33,0.00,0.00,0,0
1508201725,lo,0.00,0.00,0.00,0,0,0.00,0.00,0.00,0,0,0.00,0.00,0,0
1508201725,total,315086.00,327198.00,642284.00,327198,315086,397.00,405.00,802.00,405,397,0.00,0.00,0,0
1508201726,s1,0.00,0.00,0.00,0,0,0.00,0.00,0.00,0,0,0.00,0.00,0,0
1508201726,eth0,0.00,0.00,0.00,0,0,0.00,0.00,0.00,0,0,0.00,0.00,0,0
1508201726,s2,0.00,0.00,0.00,0,0,0.00,0.00,0.00,0,0,0.00,0.00,0,0
1508201726,s1-eth2,12808.00,254352.00,267160.00,254352,12808,162.00,168.00,330.00,168,162,0.00,0.00,0,0
1508201726,s1-eth1,249810.00,12552.00,262362.00,12552,249810,165.00,162.00,327.00,162,165,0.00,0.00,0,0
1508201726,s2-eth2,3108.00,74186.00,77294.00,74186,3108,42.00,49.00,91.00,49,42,0.00,0.00,0,0
1508201726,s2-eth1,77214.00,3108.00,80322.00,3108,77214,51.00,42.00,93.00,42,51,0.00,0.00,0,0
1508201726,lo,0.00,0.00,0.00,0,0,0.00,0.00,0.00,0,0,0.00,0.00,0,0
1508201726,total,342940.00,344198.00,687138.00,344198,342940,420.00,421.00,841.00,421,420,0.00,0.00,0,0
1508201727,s1,0.00,0.00,0.00,0,0,0.00,0.00,0.00,0,0,0.00,0.00,0,0
1508201727,eth0,0.00,0.00,0.00,0,0,0.00,0.00,0.00,0,0,0.00,0.00,0,0
1508201727,s2,0.00,0.00,0.00,0,0,0.00,0.00,0.00,0,0,0.00,0.00,0,0
1508201727,s1-eth2,12617.38,263172.84,275790.22,263436,12630,162.84,173.83,336.66,174,163,0.00,0.00,0,0
1508201727,s1-eth1,251072.94,12531.47,263604.41,12544,251324,165.83,161.84,327.67,162,166,0.00,0.00,0,0
1508201727,s2-eth2,3272.73,78649.35,81922.08,78728,3276,41.96,51.95,93.91,52,42,0.00,0.00,0,0
1508201727,s2-eth1,72599.41,3272.73,75872.13,3276,72672,47.95,41.96,89.91,42,48,0.00,0.00,0,0
1508201727,lo,0.00,0.00,0.00,0,0,0.00,0.00,0.00,0,0,0.00,0.00,0,0
1508201727,total,339562.44,357626.38,697188.81,357984,339902,418.58,429.57,848.15,430,419,0.00,0.00,0,0
1508201728,s1,0.00,0.00,0.00,0,0,0.00,0.00,0.00,0,0,0.00,0.00,0,0
1508201728,eth0,0.00,0.00,0.00,0,0,0.00,0.00,0.00,0,0,0.00,0.00,0,0
1508201728,s2,0.00,0.00,0.00,0,0,0.00,0.00,0.00,0,0,0.00,0.00,0,0
1508201728,s1-eth2,12160.00,249810.00,261970.00,249810,12160,156.00,165.00,321.00,165,156,0.00,0.00,0,0
1508201728,s1-eth1,245268.00,12160.00,257428.00,12160,245268,162.00,156.00,318.00,156,162,0.00,0.00,0,0
1508201728,s2-eth2,2606.00,52990.00,55596.00,52990,2606,33.00,35.00,68.00,35,33,0.00,0.00,0,0
1508201728,s2-eth1,57532.00,2606.00,60138.00,2606,57532,38.00,33.00,71.00,33,38,0.00,0.00,0,0
1508201728,lo,0.00,0.00,0.00,0,0,0.00,0.00,0.00,0,0,0.00,0.00,0,0
1508201728,total,317566.00,317566.00,635132.00,317566,317566,389.00,389.00,778.00,389,389,0.00,0.00,0,0
1508201729,s1,0.00,0.00,0.00,0,0,0.00,0.00,0.00,0,0,0.00,0.00,0,0
1508201729,eth0,0.00,0.00,0.00,0,0,0.00,0.00,0.00,0,0,0.00,0.00,0,0
1508201729,s2,0.00,0.00,0.00,0,0,0.00,0.00,0.00,0,0,0.00,0.00,0,0
1508201729,s1-eth2,11882.00,260408.00,272290.00,260408,11882,153.00,172.00,325.00,172,153,0.00,0.00,0,0
1508201729,s1-eth1,240726.00,11882.00,252608.00,11882,240726,159.00,153.00,312.00,153,159,0.00,0.00,0,0
1508201729,s2-eth2,2230.00,60560.00,62790.00,60560,2230,29.00,40.00,69.00,40,29,0.00,0.00,0,0
1508201729,s2-eth1,52990.00,2230.00,55220.00,2230,52990,35.00,29.00,64.00,29,35,0.00,0.00,0,0
1508201729,lo,344.00,344.00,688.00,344,344,6.00,6.00,12.00,6,6,0.00,0.00,0,0
1508201729,total,308172.00,335424.00,643596.00,335424,308172,382.00,400.00,782.00,400,382,0.00,0.00,0,0
1508201730,s1,0.00,0.00,0.00,0,0,0.00,0.00,0.00,0,0,0.00,0.00,0,0
1508201730,eth0,0.00,0.00,0.00,0,0,0.00,0.00,0.00,0,0,0.00,0.00,0,0
1508201730,s2,0.00,0.00,0.00,0,0,0.00,0.00,0.00,0,0,0.00,0.00,0,0
1508201730,s1-eth2,11716.00,263436.00,275152.00,263436,11716,156.00,174.00,330.00,174,156,0.00,0.00,0,0
1508201730,s1-eth1,248296.00,11716.00,260012.00,11716,248296,164.00,156.00,320.00,156,164,0.00,0.00,0,0
1508201730,s2-eth2,1760.00,40878.00,42638.00,40878,1760,22.00,27.00,49.00,27,22,0.00,0.00,0,0
1508201730,s2-eth1,39364.00,1760.00,41124.00,1760,39364,26.00,22.00,48.00,22,26,0.00,0.00,0,0
1508201730,lo,0.00,0.00,0.00,0,0,0.00,0.00,0.00,0,0,0.00,0.00,0,0
1508201730,total,301136.00,317790.00,618926.00,317790,301136,368.00,379.00,747.00,379,368,0.00,0.00,0,0
1508201731,s1,0.00,0.00,0.00,0,0,0.00,0.00,0.00,0,0,0.00,0.00,0,0
1508201731,eth0,0.00,0.00,0.00,0,0,0.00,0.00,0.00,0,0,0.00,0.00,0,0
1508201731,s2,0.00,0.00,0.00,0,0,0.00,0.00,0.00,0,0,0.00,0.00,0,0
1508201731,s1-eth2,12160.00,248296.00,260456.00,248296,12160,158.00,164.00,322.00,164,158,0.00,0.00,0,0
1508201731,s1-eth1,250152.00,12160.00,262312.00,12160,250152,166.00,158.00,324.00,158,166,0.00,0.00,0,0
1508201731,s2-eth2,1332.00,36336.00,37668.00,36336,1332,18.00,24.00,42.00,24,18,0.00,0.00,0,0
1508201731,s2-eth1,40878.00,1332.00,42210.00,1332,40878,27.00,18.00,45.00,18,27,0.00,0.00,0,0
1508201731,lo,0.00,0.00,0.00,0,0,0.00,0.00,0.00,0,0,0.00,0.00,0,0
1508201731,total,304522.00,298124.00,602646.00,298124,304522,369.00,364.00,733.00,364,369,0.00,0.00,0,0
1508201732,s1,0.00,0.00,0.00,0,0,0.00,0.00,0.00,0,0,0.00,0.00,0,0
1508201732,eth0,0.00,0.00,0.00,0,0,0.00,0.00,0.00,0,0,0.00,0.00,0,0
1508201732,s2,0.00,0.00,0.00,0,0,0.00,0.00,0.00,0,0,0.00,0.00,0,0
1508201732,s1-eth2,12190.00,257380.00,269570.00,257380,12190,161.00,170.00,331.00,170,161,0.00,0.00,0,0
1508201732,s1-eth1,249810.00,12190.00,262000.00,12190,249810,165.00,161.00,326.00,161,165,0.00,0.00,0,0
1508201732,s2-eth2,2366.00,54504.00,56870.00,54504,2366,31.00,36.00,67.00,36,31,0.00,0.00,0,0
1508201732,s2-eth1,45420.00,2366.00,47786.00,2366,45420,30.00,31.00,61.00,31,30,0.00,0.00,0,0
1508201732,lo,0.00,0.00,0.00,0,0,0.00,0.00,0.00,0,0,0.00,0.00,0,0
1508201732,total,309786.00,326440.00,636226.00,326440,309786,387.00,398.00,785.00,398,387,0.00,0.00,0,0
1508201733,s1,0.00,0.00,0.00,0,0,0.00,0.00,0.00,0,0,0.00,0.00,0,0
1508201733,eth0,0.00,0.00,0.00,0,0,0.00,0.00,0.00,0,0,0.00,0.00,0,0
1508201733,s2,0.00,0.00,0.00,0,0,0.00,0.00,0.00,0,0,0.00,0.00,0,0
1508201733,s1-eth2,12074.00,254352.00,266426.00,254352,12074,157.00,168.00,325.00,168,157,0.00,0.00,0,0
1508201733,s1-eth1,251324.00,12074.00,263398.00,12074,251324,166.00,157.00,323.00,157,166,0.00,0.00,0,0
1508201733,s2-eth2,2742.00,60560.00,63302.00,60560,2742,35.00,40.00,75.00,40,35,0.00,0.00,0,0
1508201733,s2-eth1,63588.00,2742.00,66330.00,2742,63588,42.00,35.00,77.00,35,42,0.00,0.00,0,0
1508201733,lo,0.00,0.00,0.00,0,0,0.00,0.00,0.00,0,0,0.00,0.00,0,0
1508201733,total,329728.00,329728.00,659456.00,329728,329728,400.00,400.00,800.00,400,400,0.00,0.00,0,0
1508201734,s1,0.00,0.00,0.00,0,0,0.00,0.00,0.00,0,0,0.00,0.00,0,0
1508201734,eth0,0.00,0.00,0.00,0,0,0.00,0.00,0.00,0,0,0.00,0.00,0,0
1508201734,s2,0.00,0.00,0.00,0,0,0.00,0.00,0.00,0,0,0.00,0.00,0,0
1508201734,s1-eth2,12302.00,258894.00,271196.00,258894,12302,161.00,171.00,332.00,171,161,0.00,0.00,0,0
1508201734,s1-eth1,249810.00,12302.00,262112.00,12302,249810,165.00,161.00,326.00,161,165,0.00,0.00,0,0
1508201734,s2-eth2,3182.00,80242.00,83424.00,80242,3182,43.00,53.00,96.00,53,43,0.00,0.00,0,0
1508201734,s2-eth1,71158.00,3182.00,74340.00,3182,71158,47.00,43.00,90.00,43,47,0.00,0.00,0,0
1508201734,lo,344.00,344.00,688.00,344,344,6.00,6.00,12.00,6,6,0.00,0.00,0,0
1508201734,total,336796.00,354964.00,691760.00,354964,336796,422.00,434.00,856.00,434,422,0.00,0.00,0,0
1508201735,s1,0.00,0.00,0.00,0,0,0.00,0.00,0.00,0,0,0.00,0.00,0,0
1508201735,eth0,0.00,0.00,0.00,0,0,0.00,0.00,0.00,0,0,0.00,0.00,0,0
1508201735,s2,0.00,0.00,0.00,0,0,0.00,0.00,0.00,0,0,0.00,0.00,0,0
1508201735,s1-eth2,12005.99,260147.86,272153.84,260408,12018,158.84,171.83,330.67,172,159,0.00,0.00,0,0
1508201735,s1-eth1,249560.45,12005.99,261566.44,12018,249810,164.84,158.84,323.68,159,165,0.00,0.00,0,0
1508201735,s2-eth2,3024.98,58987.02,62011.99,59046,3028,37.96,38.96,76.92,39,38,0.00,0.00,0,0
1508201735,s2-eth1,65036.96,3024.98,68061.94,3028,65102,42.96,37.96,80.92,38,43,0.00,0.00,0,0
1508201735,lo,0.00,0.00,0.00,0,0,0.00,0.00,0.00,0,0,0.00,0.00,0,0
1508201735,total,329628.38,334165.84,663794.25,334500,329958,404.60,407.59,812.19,408,405,0.00,0.00,0,0
1508201736,s1,0.00,0.00,0.00,0,0,0.00,0.00,0.00,0,0,0.00,0.00,0,0
1508201736,eth0,456.00,706.00,1162.00,706,456,6.00,6.00,12.00,6,6,0.00,0.00,0,0
1508201736,s2,0.00,0.00,0.00,0,0,0.00,0.00,0.00,0,0,0.00,0.00,0,0
1508201736,s1-eth2,12246.00,245268.00,257514.00,245268,12246,159.00,162.00,321.00,162,159,0.00,0.00,0,0
1508201736,s1-eth1,247422.00,12246.00,259668.00,12246,247422,167.00,159.00,326.00,159,167,0.00,0.00,0,0
1508201736,s2-eth2,3330.00,78728.00,82058.00,78728,3330,45.00,52.00,97.00,52,45,0.00,0.00,0,0
1508201736,s2-eth1,69644.00,3330.00,72974.00,3330,69644,46.00,45.00,91.00,45,46,0.00,0.00,0,0
1508201736,lo,682.00,682.00,1364.00,682,682,8.00,8.00,16.00,8,8,0.00,0.00,0,0
1508201736,total,333780.00,340960.00,674740.00,340960,333780,431.00,432.00,863.00,432,431,0.00,0.00,0,0
1508201737,s1,0.00,0.00,0.00,0,0,0.00,0.00,0.00,0,0,0.00,0.00,0,0
1508201737,eth0,608.00,980.00,1588.00,980,608,8.00,8.00,16.00,8,8,0.00,0.00,0,0
1508201737,s2,0.00,0.00,0.00,0,0,0.00,0.00,0.00,0,0,0.00,0.00,0,0
1508201737,s1-eth2,12788.00,251324.00,264112.00,251324,12788,162.00,166.00,328.00,166,162,0.00,0.00,0,0
1508201737,s1-eth1,249295.00,12234.00,261529.00,12234,249295,171.00,159.00,330.00,159,171,0.00,0.00,0,0
1508201737,s2-eth2,4398.00,86298.00,90696.00,86298,4398,53.00,57.00,110.00,57,53,0.00,0.00,0,0
1508201737,s2-eth1,88452.00,3758.00,92210.00,3758,88452,62.00,49.00,111.00,49,62,0.00,0.00,0,0
1508201737,lo,1364.00,1364.00,2728.00,1364,1364,16.00,16.00,32.00,16,16,0.00,0.00,0,0
1508201737,total,356905.00,355958.00,712863.00,355958,356905,472.00,455.00,927.00,455,472,0.00,0.00,0,0
1508201738,s1,0.00,0.00,0.00,0,0,0.00,0.00,0.00,0,0,0.00,0.00,0,0
1508201738,eth0,456.00,735.00,1191.00,735,456,6.00,6.00,12.00,6,6,0.00,0.00,0,0
1508201738,s2,0.00,0.00,0.00,0,0,0.00,0.00,0.00,0,0,0.00,0.00,0,0
1508201738,s1-eth2,13919.00,258894.00,272813.00,258894,13919,166.00,171.00,337.00,171,166,0.00,0.00,0,0
1508201738,s1-eth1,247996.00,12054.00,260050.00,12054,247996,168.00,155.00,323.00,155,168,0.00,0.00,0,0
1508201738,s2-eth2,4443.00,95382.00,99825.00,95382,4443,46.00,63.00,109.00,63,46,0.00,0.00,0,0
1508201738,s2-eth1,96381.00,2664.00,99045.00,2664,96381,70.00,36.00,106.00,36,70,0.00,0.00,0,0
1508201738,lo,1023.00,1023.00,2046.00,1023,1023,12.00,12.00,24.00,12,12,0.00,0.00,0,0
1508201738,total,364218.00,370752.00,734970.00,370752,364218,468.00,443.00,911.00,443,468,0.00,0.00,0,0
1508201739,s1,0.00,0.00,0.00,0,0,0.00,0.00,0.00,0,0,0.00,0.00,0,0
1508201739,eth0,152.00,245.00,397.00,245,152,2.00,2.00,4.00,2,2,0.00,0.00,0,0
1508201739,s2,0.00,0.00,0.00,0,0,0.00,0.00,0.00,0,0,0.00,0.00,0,0
1508201739,s1-eth2,10155.00,196862.00,207017.00,196862,10155,124.00,131.00,255.00,131,124,0.00,0.00,0,0
1508201739,s1-eth1,185606.00,9192.00,194798.00,9192,185606,126.00,120.00,246.00,120,126,0.00,0.00,0,0
1508201739,s2-eth2,4795.00,95382.00,100177.00,95382,4795,54.00,63.00,117.00,63,54,0.00,0.00,0,0
1508201739,s2-eth1,86233.00,3832.00,90065.00,3832,86233,61.00,50.00,111.00,50,61,0.00,0.00,0,0
1508201739,lo,981.00,981.00,1962.00,981,981,13.00,13.00,26.00,13,13,0.00,0.00,0,0
1508201739,total,287922.00,306494.00,594416.00,306494,287922,380.00,379.00,759.00,379,380,0.00,0.00,0,0
1508201740,s1,0.00,0.00,0.00,0,0,0.00,0.00,0.00,0,0,0.00,0.00,0,0
1508201740,eth0,0.00,0.00,0.00,0,0,0.00,0.00,0.00,0,0,0.00,0.00,0,0
1508201740,s2,0.00,0.00,0.00,0,0,0.00,0.00,0.00,0,0,0.00,0.00,0,0
1508201740,s1-eth2,12625.00,255866.00,268491.00,255866,12625,162.00,169.00,331.00,169,162,0.00,0.00,0,0
1508201740,s1-eth1,249917.00,12298.00,262215.00,12298,249917,166.00,161.00,327.00,161,166,0.00,0.00,0,0
1508201740,s2-eth2,3505.00,84784.00,88289.00,84784,3505,42.00,56.00,98.00,56,42,0.00,0.00,0,0
1508201740,s2-eth1,98924.00,3178.00,102102.00,3178,98924,67.00,41.00,108.00,41,67,0.00,0.00,0,0
1508201740,lo,0.00,0.00,0.00,0,0,0.00,0.00,0.00,0,0,0.00,0.00,0,0
1508201740,total,364971.00,356126.00,721097.00,356126,364971,437.00,427.00,864.00,427,437,0.00,0.00,0,0
1508201741,s1,0.00,0.00,0.00,0,0,0.00,0.00,0.00,0,0,0.00,0.00,0,0
1508201741,eth0,60.00,146.00,206.00,146,60,1.00,2.00,3.00,2,1,0.00,0.00,0,0
1508201741,s2,0.00,0.00,0.00,0,0,0.00,0.00,0.00,0,0,0.00,0.00,0,0
1508201741,s1-eth2,12676.00,261922.00,274598.00,261922,12676,163.00,173.00,336.00,173,163,0.00,0.00,0,0
1508201741,s1-eth1,248960.00,12376.00,261336.00,12376,248960,167.00,162.00,329.00,162,167,0.00,0.00,0,0
1508201741,s2-eth2,4070.00,98410.00,102480.00,98410,4070,50.00,65.00,115.00,65,50,0.00,0.00,0,0
1508201741,s2-eth1,90947.00,3696.00,94643.00,3696,90947,61.00,48.00,109.00,48,61,0.00,0.00,0,0
1508201741,lo,0.00,0.00,0.00,0,0,0.00,0.00,0.00,0,0,0.00,0.00,0,0
1508201741,total,356713.00,376550.00,733263.00,376550,356713,442.00,450.00,892.00,450,442,0.00,0.00,0,0
1508201742,s1,0.00,0.00,0.00,0,0,0.00,0.00,0.00,0,0,0.00,0.00,0,0
1508201742,eth0,0.00,0.00,0.00,0,0,0.00,0.00,0.00,0,0,0.00,0.00,0,0
1508201742,s2,0.00,0.00,0.00,0,0,0.00,0.00,0.00,0,0,0.00,0.00,0,0
1508201742,s1-eth2,12917.00,249810.00,262727.00,249810,12917,166.00,165.00,331.00,165,166,0.00,0.00,0,0
1508201742,s1-eth1,251324.00,12446.00,263770.00,12446,251324,166.00,163.00,329.00,163,166,0.00,0.00,0,0
1508201742,s2-eth2,3653.00,98410.00,102063.00,98410,3653,46.00,65.00,111.00,65,46,0.00,0.00,0,0
1508201742,s2-eth1,100588.00,3256.00,103844.00,3256,100588,69.00,44.00,113.00,44,69,0.00,0.00,0,0
1508201742,lo,0.00,0.00,0.00,0,0,0.00,0.00,0.00,0,0,0.00,0.00,0,0
1508201742,total,368482.00,363922.00,732404.00,363922,368482,447.00,437.00,884.00,437,447,0.00,0.00,0,0
1508201743,s1,0.00,0.00,0.00,0,0,0.00,0.00,0.00,0,0,0.00,0.00,0,0
1508201743,eth0,0.00,0.00,0.00,0,0,0.00,0.00,0.00,0,0,0.00,0.00,0,0
1508201743,s2,0.00,0.00,0.00,0,0,0.00,0.00,0.00,0,0,0.00,0.00,0,0
1508201743,s1-eth2,12610.00,260408.00,273018.00,260408,12610,161.00,172.00,333.00,172,161,0.00,0.00,0,0
1508201743,s1-eth1,249810.00,12268.00,262078.00,12268,249810,165.00,160.00,325.00,160,165,0.00,0.00,0,0
1508201743,s2-eth2,3262.00,62074.00,65336.00,62074,3262,41.00,41.00,82.00,41,41,0.00,0.00,0,0
1508201743,s2-eth1,57532.00,3262.00,60794.00,3262,57532,38.00,41.00,79.00,41,38,0.00,0.00,0,0
1508201743,lo,0.00,0.00,0.00,0,0,0.00,0.00,0.00,0,0,0.00,0.00,0,0
1508201743,total,323214.00,338012.00,661226.00,338012,323214,405.00,414.00,819.00,414,405,0.00,0.00,0,0
1508201744,s1,0.00,0.00,0.00,0,0,0.00,0.00,0.00,0,0,0.00,0.00,0,0
1508201744,eth0,0.00,0.00,0.00,0,0,0.00,0.00,0.00,0,0,0.00,0.00,0,0
1508201744,s2,0.00,0.00,0.00,0,0,0.00,0.00,0.00,0,0,0.00,0.00,0,0
1508201744,s1-eth2,12186.00,254352.00,266538.00,254352,12186,159.00,168.00,327.00,168,159,0.00,0.00,0,0
1508201744,s1-eth1,249917.00,12186.00,262103.00,12186,249917,166.00,159.00,325.00,159,166,0.00,0.00,0,0
1508201744,s2-eth2,2834.00,60560.00,63394.00,60560,2834,37.00,40.00,77.00,40,37,0.00,0.00,0,0
1508201744,s2-eth1,60560.00,2834.00,63394.00,2834,60560,40.00,37.00,77.00,37,40,0.00,0.00,0,0
1508201744,lo,344.00,344.00,688.00,344,344,6.00,6.00,12.00,6,6,0.00,0.00,0,0
1508201744,total,325841.00,330276.00,656117.00,330276,325841,408.00,410.00,818.00,410,408,0.00,0.00,0,0
1508201745,s1,0.00,0.00,0.00,0,0,0.00,0.00,0.00,0,0,0.00,0.00,0,0
1508201745,eth0,0.00,0.00,0.00,0,0,0.00,0.00,0.00,0,0,0.00,0.00,0,0
1508201745,s2,0.00,0.00,0.00,0,0,0.00,0.00,0.00,0,0,0.00,0.00,0,0
1508201745,s1-eth2,12362.64,258635.38,270998.00,258894,12375,160.84,170.83,331.67,171,161,0.00,0.00,0,0
1508201745,s1-eth1,249630.38,12329.67,261960.05,12342,249880,165.83,160.84,326.67,161,166,0.00,0.00,0,0
1508201745,s2-eth2,3211.79,78649.35,81861.14,78728,3215,42.96,51.95,94.91,52,43,0.00,0.00,0,0
1508201745,s2-eth1,74560.45,3104.90,77665.34,3108,74635,50.95,41.96,92.91,42,51,0.00,0.00,0,0
1508201745,lo,0.00,0.00,0.00,0,0,0.00,0.00,0.00,0,0,0.00,0.00,0,0
1508201745,total,339765.25,352719.28,692484.56,353072,340105,420.58,425.57,846.15,426,421,0.00,0.00,0,0
1508201746,s1,0.00,0.00,0.00,0,0,0.00,0.00,0.00,0,0,0.00,0.00,0,0
1508201746,eth0,0.00,0.00,0.00,0,0,0.00,0.00,0.00,0,0,0.00,0.00,0,0
1508201746,s2,0.00,0.00,0.00,0,0,0.00,0.00,0.00,0,0,0.00,0.00,0,0
1508201746,s1-eth2,11392.00,239212.00,250604.00,239212,11392,148.00,158.00,306.00,158,148,0.00,0.00,0,0
1508201746,s1-eth1,230470.00,11248.00,241718.00,11248,230470,153.00,146.00,299.00,146,153,0.00,0.00,0,0
1508201746,s2-eth2,3270.00,66616.00,69886.00,66616,3270,41.00,44.00,85.00,44,41,0.00,0.00,0,0
1508201746,s2-eth1,69714.00,3200.00,72914.00,3200,69714,47.00,40.00,87.00,40,47,0.00,0.00,0,0
1508201746,lo,0.00,0.00,0.00,0,0,0.00,0.00,0.00,0,0,0.00,0.00,0,0
1508201746,total,314846.00,320276.00,635122.00,320276,314846,389.00,388.00,777.00,388,389,0.00,0.00,0,0
1508201747,s1,0.00,0.00,0.00,0,0,0.00,0.00,0.00,0,0,0.00,0.00,0,0
1508201747,eth0,0.00,0.00,0.00,0,0,0.00,0.00,0.00,0,0,0.00,0.00,0,0
1508201747,s2,0.00,0.00,0.00,0,0,0.00,0.00,0.00,0,0,0.00,0.00,0,0
1508201747,s1-eth2,12124.00,251324.00,263448.00,251324,12124,158.00,166.00,324.00,166,158,0.00,0.00,0,0
1508201747,s1-eth1,251324.00,12210.00,263534.00,12210,251324,166.00,159.00,325.00,159,166,0.00,0.00,0,0
1508201747,s2-eth2,4242.00,81798.00,86040.00,81798,4242,53.00,55.00,108.00,55,53,0.00,0.00,0,0
1508201747,s2-eth1,80284.00,3986.00,84270.00,3986,80284,54.00,53.00,107.00,53,54,0.00,0.00,0,0
1508201747,lo,0.00,0.00,0.00,0,0,0.00,0.00,0.00,0,0,0.00,0.00,0,0
1508201747,total,347974.00,349318.00,697292.00,349318,347974,431.00,433.00,864.00,433,431,0.00,0.00,0,0
1508201748,s1,0.00,0.00,0.00,0,0,0.00,0.00,0.00,0,0,0.00,0.00,0,0
1508201748,eth0,0.00,0.00,0.00,0,0,0.00,0.00,0.00,0,0,0.00,0.00,0,0
1508201748,s2,0.00,0.00,0.00,0,0,0.00,0.00,0.00,0,0,0.00,0.00,0,0
1508201748,s1-eth2,12918.00,269492.00,282410.00,269492,12918,165.00,178.00,343.00,178,165,0.00,0.00,0,0
1508201748,s1-eth1,249810.00,12490.00,262300.00,12490,249810,165.00,163.00,328.00,163,165,0.00,0.00,0,0
1508201748,s2-eth2,3018.00,66616.00,69634.00,66616,3018,39.00,44.00,83.00,44,39,0.00,0.00,0,0
1508201748,s2-eth1,59046.00,2932.00,61978.00,2932,59046,39.00,38.00,77.00,38,39,0.00,0.00,0,0
1508201748,lo,0.00,0.00,0.00,0,0,0.00,0.00,0.00,0,0,0.00,0.00,0,0
1508201748,total,324792.00,351530.00,676322.00,351530,324792,408.00,423.00,831.00,423,408,0.00,0.00,0,0
1508201749,s1,0.00,0.00,0.00,0,0,0.00,0.00,0.00,0,0,0.00,0.00,0,0
1508201749,eth0,0.00,0.00,0.00,0,0,0.00,0.00,0.00,0,0,0.00,0.00,0,0
1508201749,s2,0.00,0.00,0.00,0,0,0.00,0.00,0.00,0,0,0.00,0.00,0,0
1508201749,s1-eth2,12572.00,261922.00,274494.00,261922,12572,160.00,173.00,333.00,173,160,0.00,0.00,0,0
1508201749,s1-eth1,249810.00,12572.00,262382.00,12572,249810,165.00,160.00,325.00,160,165,0.00,0.00,0,0
1508201749,s2-eth2,2516.00,75700.00,78216.00,75700,2516,34.00,50.00,84.00,50,34,0.00,0.00,0,0
1508201749,s2-eth1,81756.00,2516.00,84272.00,2516,81756,54.00,34.00,88.00,34,54,0.00,0.00,0,0
1508201749,lo,344.00,344.00,688.00,344,344,6.00,6.00,12.00,6,6,0.00,0.00,0,0
1508201749,total,346998.00,353054.00,700052.00,353054,346998,419.00,423.00,842.00,423,419,0.00,0.00,0,0
1508201750,s1,0.00,0.00,0.00,0,0,0.00,0.00,0.00,0,0,0.00,0.00,0,0
1508201750,eth0,0.00,0.00,0.00,0,0,0.00,0.00,0.00,0,0,0.00,0.00,0,0
1508201750,s2,0.00,0.00,0.00,0,0,0.00,0.00,0.00,0,0,0.00,0.00,0,0
1508201750,s1-eth2,11976.00,257380.00,269356.00,257380,11976,156.00,170.00,326.00,170,156,0.00,0.00,0,0
1508201750,s1-eth1,249810.00,11976.00,261786.00,11976,249810,165.00,156.00,321.00,156,165,0.00,0.00,0,0
1508201750,s2-eth2,3108.00,96896.00,100004.00,96896,3108,42.00,64.00,106.00,64,42,0.00,0.00,0,0
1508201750,s2-eth1,90840.00,3108.00,93948.00,3108,90840,60.00,42.00,102.00,42,60,0.00,0.00,0,0
1508201750,lo,0.00,0.00,0.00,0,0,0.00,0.00,0.00,0,0,0.00,0.00,0,0
1508201750,total,355734.00,369360.00,725094.00,369360,355734,423.00,432.00,855.00,432,423,0.00,0.00,0,0
1508201751,s1,0.00,0.00,0.00,0,0,0.00,0.00,0.00,0,0,0.00,0.00,0,0
1508201751,eth0,0.00,0.00,0.00,0,0,0.00,0.00,0.00,0,0,0.00,0.00,0,0
1508201751,s2,0.00,0.00,0.00,0,0,0.00,0.00,0.00,0,0,0.00,0.00,0,0
1508201751,s1-eth2,12236.00,255866.00,268102.00,255866,12236,160.00,169.00,329.00,169,160,0.00,0.00,0,0
1508201751,s1-eth1,249810.00,12236.00,262046.00,12236,249810,165.00,160.00,325.00,160,165,0.00,0.00,0,0
1508201751,s2-eth2,3558.00,87812.00,91370.00,87812,3558,45.00,58.00,103.00,58,45,0.00,0.00,0,0
1508201751,s2-eth1,84784.00,3558.00,88342.00,3558,84784,56.00,45.00,101.00,45,56,0.00,0.00,0,0
1508201751,lo,0.00,0.00,0.00,0,0,0.00,0.00,0.00,0,0,0.00,0.00,0,0
1508201751,total,350388.00,359472.00,709860.00,359472,350388,426.00,432.00,858.00,432,426,0.00,0.00,0,0
1508201752,s1,0.00,0.00,0.00,0,0,0.00,0.00,0.00,0,0,0.00,0.00,0,0
1508201752,eth0,0.00,0.00,0.00,0,0,0.00,0.00,0.00,0,0,0.00,0.00,0,0
1508201752,s2,0.00,0.00,0.00,0,0,0.00,0.00,0.00,0,0,0.00,0.00,0,0
1508201752,s1-eth2,12388.00,258894.00,271282.00,258894,12388,160.00,171.00,331.00,171,160,0.00,0.00,0,0
1508201752,s1-eth1,249917.00,12388.00,262305.00,12388,249917,166.00,160.00,326.00,160,166,0.00,0.00,0,0
1508201752,s2-eth2,3808.00,92354.00,96162.00,92354,3808,50.00,61.00,111.00,61,50,0.00,0.00,0,0
1508201752,s2-eth1,92696.00,3808.00,96504.00,3808,92696,62.00,50.00,112.00,50,62,0.00,0.00,0,0
1508201752,lo,0.00,0.00,0.00,0,0,0.00,0.00,0.00,0,0,0.00,0.00,0,0
1508201752,total,358809.00,367444.00,726253.00,367444,358809,438.00,442.00,880.00,442,438,0.00,0.00,0,0
1508201753,s1,0.00,0.00,0.00,0,0,0.00,0.00,0.00,0,0,0.00,0.00,0,0
1508201753,eth0,0.00,0.00,0.00,0,0,0.00,0.00,0.00,0,0,0.00,0.00,0,0
1508201753,s2,0.00,0.00,0.00,0,0,0.00,0.00,0.00,0,0,0.00,0.00,0,0
1508201753,s1-eth2,12333.00,264950.00,277283.00,264950,12333,162.00,175.00,337.00,175,162,0.00,0.00,0,0
1508201753,s1-eth1,249810.00,12226.00,262036.00,12226,249810,165.00,161.00,326.00,161,165,0.00,0.00,0,0
1508201753,s2-eth2,3923.00,92354.00,96277.00,92354,3923,47.00,61.00,108.00,61,47,0.00,0.00,0,0
1508201753,s2-eth1,92461.00,3474.00,95935.00,3474,92461,62.00,45.00,107.00,45,62,0.00,0.00,0,0
1508201753,lo,0.00,0.00,0.00,0,0,0.00,0.00,0.00,0,0,0.00,0.00,0,0
1508201753,total,358527.00,373004.00,731531.00,373004,358527,436.00,442.00,878.00,442,436,0.00,0.00,0,0
1508201754,s1,0.00,0.00,0.00,0,0,0.00,0.00,0.00,0,0,0.00,0.00,0,0
1508201754,eth0,0.00,0.00,0.00,0,0,0.00,0.00,0.00,0,0,0.00,0.00,0,0
1508201754,s2,0.00,0.00,0.00,0,0,0.00,0.00,0.00,0,0,0.00,0.00,0,0
1508201754,s1-eth2,12446.00,254352.00,266798.00,254352,12446,159.00,168.00,327.00,168,159,0.00,0.00,0,0
1508201754,s1-eth1,249810.00,12446.00,262256.00,12446,249810,165.00,159.00,324.00,159,165,0.00,0.00,0,0
1508201754,s2-eth2,4060.00,92354.00,96414.00,92354,4060,52.00,61.00,113.00,61,52,0.00,0.00,0,0
1508201754,s2-eth1,86298.00,4060.00,90358.00,4060,86298,57.00,52.00,109.00,52,57,0.00,0.00,0,0
1508201754,lo,344.00,344.00,688.00,344,344,6.00,6.00,12.00,6,6,0.00,0.00,0,0
1508201754,total,352958.00,363556.00,716514.00,363556,352958,439.00,446.00,885.00,446,439,0.00,0.00,0,0
1508201755,s1,0.00,0.00,0.00,0,0,0.00,0.00,0.00,0,0,0.00,0.00,0,0
1508201755,eth0,0.00,0.00,0.00,0,0,0.00,0.00,0.00,0,0,0.00,0.00,0,0
1508201755,s2,0.00,0.00,0.00,0,0,0.00,0.00,0.00,0,0,0.00,0.00,0,0
1508201755,s1-eth2,12152.00,258894.00,271046.00,258894,12152,160.00,171.00,331.00,171,160,0.00,0.00,0,0
1508201755,s1-eth1,249810.00,12152.00,261962.00,12152,249810,165.00,160.00,325.00,160,165,0.00,0.00,0,0
1508201755,s2-eth2,3906.00,81756.00,85662.00,81756,3906,51.00,54.00,105.00,54,51,0.00,0.00,0,0
1508201755,s2-eth1,84784.00,3906.00,88690.00,3906,84784,56.00,51.00,107.00,51,56,0.00,0.00,0,0
1508201755,lo,0.00,0.00,0.00,0,0,0.00,0.00,0.00,0,0,0.00,0.00,0,0
1508201755,total,350652.00,356708.00,707360.00,356708,350652,432.00,436.00,868.00,436,432,0.00,0.00,0,0
1508201756,s1,0.00,0.00,0.00,0,0,0.00,0.00,0.00,0,0,0.00,0.00,0,0
1508201756,eth0,0.00,0.00,0.00,0,0,0.00,0.00,0.00,0,0,0.00,0.00,0,0
1508201756,s2,0.00,0.00,0.00,0,0,0.00,0.00,0.00,0,0,0.00,0.00,0,0
1508201756,s1-eth2,12210.00,257380.00,269590.00,257380,12210,159.00,170.00,329.00,170,159,0.00,0.00,0,0
1508201756,s1-eth1,249810.00,12210.00,262020.00,12210,249810,165.00,159.00,324.00,159,165,0.00,0.00,0,0
1508201756,s2-eth2,4446.00,87812.00,92258.00,87812,4446,57.00,58.00,115.00,58,57,0.00,0.00,0,0
1508201756,s2-eth1,86298.00,4618.00,90916.00,4618,86298,57.00,59.00,116.00,59,57,0.00,0.00,0,0
1508201756,lo,0.00,0.00,0.00,0,0,0.00,0.00,0.00,0,0,0.00,0.00,0,0
1508201756,total,352764.00,362020.00,714784.00,362020,352764,438.00,446.00,884.00,446,438,0.00,0.00,0,0
1508201757,s1,0.00,0.00,0.00,0,0,0.00,0.00,0.00,0,0,0.00,0.00,0,0
1508201757,eth0,0.00,0.00,0.00,0,0,0.00,0.00,0.00,0,0,0.00,0.00,0,0
1508201757,s2,0.00,0.00,0.00,0,0,0.00,0.00,0.00,0,0,0.00,0.00,0,0
1508201757,s1-eth2,12479.52,257122.89,269602.41,257380,12492,161.84,169.83,331.67,170,162,0.00,0.00,0,0
1508201757,s1-eth1,251072.94,12565.43,263638.38,12578,251324,165.83,162.84,328.67,163,166,0.00,0.00,0,0
1508201757,s2-eth2,2709.29,81674.33,84383.62,81756,2712,35.96,53.95,89.91,54,36,0.00,0.00,0,0
1508201757,s2-eth1,75624.38,2537.46,78161.84,2540,75700,49.95,33.97,83.92,34,50,0.00,0.00,0,0
1508201757,lo,0.00,0.00,0.00,0,0,0.00,0.00,0.00,0,0,0.00,0.00,0,0
1508201757,total,341886.12,353900.12,695786.25,354254,342228,413.59,420.58,834.17,421,414,0.00,0.00,0,0
1508201758,s1,0.00,0.00,0.00,0,0,0.00,0.00,0.00,0,0,0.00,0.00,0,0
1508201758,eth0,0.00,0.00,0.00,0,0,0.00,0.00,0.00,0,0,0.00,0.00,0,0
1508201758,s2,0.00,0.00,0.00,0,0,0.00,0.00,0.00,0,0,0.00,0.00,0,0
1508201758,s1-eth2,12364.00,257380.00,269744.00,257380,12364,160.00,170.00,330.00,170,160,0.00,0.00,0,0
1508201758,s1-eth1,249810.00,12278.00,262088.00,12278,249810,165.00,159.00,324.00,159,165,0.00,0.00,0,0
1508201758,s2-eth2,3524.00,75700.00,79224.00,75700,3524,46.00,50.00,96.00,50,46,0.00,0.00,0,0
1508201758,s2-eth1,80242.00,3524.00,83766.00,3524,80242,53.00,46.00,99.00,46,53,0.00,0.00,0,0
1508201758,lo,0.00,0.00,0.00,0,0,0.00,0.00,0.00,0,0,0.00,0.00,0,0
1508201758,total,345940.00,348882.00,694822.00,348882,345940,424.00,425.00,849.00,425,424,0.00,0.00,0,0
1508201759,s1,0.00,0.00,0.00,0,0,0.00,0.00,0.00,0,0,0.00,0.00,0,0
1508201759,eth0,0.00,0.00,0.00,0,0,0.00,0.00,0.00,0,0,0.00,0.00,0,0
1508201759,s2,0.00,0.00,0.00,0,0,0.00,0.00,0.00,0,0,0.00,0.00,0,0
1508201759,s1-eth2,12554.00,260408.00,272962.00,260408,12554,159.00,172.00,331.00,172,159,0.00,0.00,0,0
1508201759,s1-eth1,249810.00,12212.00,262022.00,12212,249810,165.00,158.00,323.00,158,165,0.00,0.00,0,0
1508201759,s2-eth2,2636.00,84784.00,87420.00,84784,2636,34.00,56.00,90.00,56,34,0.00,0.00,0,0
1508201759,s2-eth1,80242.00,2710.00,82952.00,2710,80242,53.00,35.00,88.00,35,53,0.00,0.00,0,0
1508201759,lo,344.00,344.00,688.00,344,344,6.00,6.00,12.00,6,6,0.00,0.00,0,0
1508201759,total,345586.00,360458.00,706044.00,360458,345586,417.00,427.00,844.00,427,417,0.00,0.00,0,0
1508201760,s1,0.00,0.00,0.00,0,0,0.00,0.00,0.00,0,0,0.00,0.00,0,0
1508201760,eth0,0.00,0.00,0.00,0,0,0.00,0.00,0.00,0,0,0.00,0.00,0,0
1508201760,s2,0.00,0.00,0.00,0,0,0.00,0.00,0.00,0,0,0.00,0.00,0,0
1508201760,s1-eth2,5046.95,92293.71,97340.66,92386,5052,65.93,62.94,128.87,63,66,0.00,0.00,0,0
1508201760,s1-eth1,95244.76,5046.95,100291.71,5052,95340,63.94,65.93,129.87,66,64,0.00,0.00,0,0
1508201760,s2-eth2,1700.30,31836.16,33536.46,31868,1702,22.98,21.98,44.96,22,23,0.00,0.00,0,0
1508201760,s2-eth1,36715.29,1626.37,38341.66,1628,36752,25.97,21.98,47.95,22,26,0.00,0.00,0,0
1508201760,lo,0.00,0.00,0.00,0,0,0.00,0.00,0.00,0,0,0.00,0.00,0,0
1508201760,total,138707.30,130803.20,269510.50,130934,138846,178.82,172.83,351.65,173,179,0.00,0.00,0,0
1508201761,s1,0.00,0.00,0.00,0,0,0.00,0.00,0.00,0,0,0.00,0.00,0,0
1508201761,eth0,0.00,0.00,0.00,0,0,0.00,0.00,0.00,0,0,0.00,0.00,0,0
1508201761,s2,0.00,0.00,0.00,0,0,0.00,0.00,0.00,0,0,0.00,0.00,0,0
1508201761,s1-eth2,159.84,147.85,307.69,148,160,2.00,2.00,4.00,2,2,0.00,0.00,0,0
1508201761,s1-eth1,489.51,159.84,649.35,160,490,3.00,2.00,5.00,2,3,0.00,0.00,0,0
1508201761,s2-eth2,73.93,73.93,147.85,74,74,1.00,1.00,2.00,1,1,0.00,0.00,0,0
1508201761,s2-eth1,73.93,73.93,147.85,74,74,1.00,1.00,2.00,1,1,0.00,0.00,0,0
1508201761,lo,0.00,0.00,0.00,0,0,0.00,0.00,0.00,0,0,0.00,0.00,0,0
1508201761,total,797.20,455.54,1252.75,456,798,6.99,5.99,12.99,6,7,0.00,0.00,0,0
1508201762,s1,0.00,0.00,0.00,0,0,0.00,0.00,0.00,0,0,0.00,0.00,0,0
1508201762,eth0,0.00,0.00,0.00,0,0,0.00,0.00,0.00,0,0,0.00,0.00,0,0
1508201762,s2,0.00,0.00,0.00,0,0,0.00,0.00,0.00,0,0,0.00,0.00,0,0
1508201762,s1-eth2,0.00,0.00,0.00,0,0,0.00,0.00,0.00,0,0,0.00,0.00,0,0
1508201762,s1-eth1,0.00,0.00,0.00,0,0,0.00,0.00,0.00,0,0,0.00,0.00,0,0
1508201762,s2-eth2,0.00,0.00,0.00,0,0,0.00,0.00,0.00,0,0,0.00,0.00,0,0
1508201762,s2-eth1,0.00,0.00,0.00,0,0,0.00,0.00,0.00,0,0,0.00,0.00,0,0
1508201762,lo,0.00,0.00,0.00,0,0,0.00,0.00,0.00,0,0,0.00,0.00,0,0
1508201762,total,0.00,0.00,0.00,0,0,0.00,0.00,0.00,0,0,0.00,0.00,0,0
1508201763,s1,0.00,0.00,0.00,0,0,0.00,0.00,0.00,0,0,0.00,0.00,0,0
1508201763,et