1508120603,s1,0.00,0.00,0.00,0,0,0.00,0.00,0.00,0,0,0.00,0.00,0,0
1508120603,eth0,0.00,0.00,0.00,0,0,0.00,0.00,0.00,0,0,0.00,0.00,0,0
1508120603,s1-eth2,0.00,0.00,0.00,0,0,0.00,0.00,0.00,0,0,0.00,0.00,0,0
1508120603,s1-eth1,0.00,0.00,0.00,0,0,0.00,0.00,0.00,0,0,0.00,0.00,0,0
1508120603,lo,0.00,0.00,0.00,0,0,0.00,0.00,0.00,0,0,0.00,0.00,0,0
1508120603,total,0.00,0.00,0.00,0,0,0.00,0.00,0.00,0,0,0.00,0.00,0,0
1508120604,s1,160.00,250.00,410.00,250,160,2.00,3.00,5.00,3,2,0.00,0.00,0,0
1508120604,eth0,304.00,1588.00,1892.00,1588,304,4.00,7.00,11.00,7,4,0.00,0.00,0,0
1508120604,s1-eth2,7907.00,228328.00,236235.00,228328,7907,105.00,102.00,207.00,102,105,0.00,0.00,0,0
1508120604,s1-eth1,246421.00,6858.00,253279.00,6858,246421,114.00,97.00,211.00,97,114,0.00,0.00,0,0
1508120604,lo,2082.00,2082.00,4164.00,2082,2082,23.00,23.00,46.00,23,23,0.00,0.00,0,0
1508120604,total,256874.00,239106.00,495980.00,239106,256874,248.00,232.00,480.00,232,248,0.00,0.00,0,0
1508120605,s1,90.00,0.00,90.00,0,90,1.00,0.00,1.00,0,1,0.00,0.00,0,0
1508120605,eth0,152.00,245.00,397.00,245,152,2.00,2.00,4.00,2,2,0.00,0.00,0,0
1508120605,s1-eth2,8422.00,240780.00,249202.00,240780,8422,105.00,94.00,199.00,94,105,0.00,0.00,0,0
1508120605,s1-eth1,244795.00,6666.00,251461.00,6666,244795,103.00,97.00,200.00,97,103,0.00,0.00,0,0
1508120605,lo,629.00,629.00,1258.00,629,629,7.00,7.00,14.00,7,7,0.00,0.00,0,0
1508120605,total,254088.00,248320.00,502408.00,248320,254088,218.00,200.00,418.00,200,218,0.00,0.00,0,0
1508120606,s1,0.00,0.00,0.00,0,0,0.00,0.00,0.00,0,0,0.00,0.00,0,0
1508120606,eth0,0.00,292.00,292.00,292,0,0.00,4.00,4.00,4,0,0.00,0.00,0,0
1508120606,s1-eth2,7338.00,248614.00,255952.00,248614,7338,100.00,103.00,203.00,103,100,0.00,0.00,0,0
1508120606,s1-eth1,244506.00,6744.00,251250.00,6744,244506,102.00,98.00,200.00,98,102,0.00,0.00,0,0
1508120606,lo,0.00,0.00,0.00,0,0,0.00,0.00,0.00,0,0,0.00,0.00,0,0
1508120606,total,251844.00,255650.00,507494.00,255650,251844,202.00,205.00,407.00,205,202,0.00,0.00,0,0
1508120607,s1,0.00,70.00,70.00,70,0,0.00,1.00,1.00,1,0,0.00,0.00,0,0
1508120607,eth0,0.00,0.00,0.00,0,0,0.00,0.00,0.00,0,0,0.00,0.00,0,0
1508120607,s1-eth2,6405.00,258552.00,264957.00,258552,6405,94.00,100.00,194.00,100,94,0.00,0.00,0,0
1508120607,s1-eth1,244079.00,6298.00,250377.00,6298,244079,97.00,93.00,190.00,93,97,0.00,0.00,0,0
1508120607,lo,268.00,268.00,536.00,268,268,3.00,3.00,6.00,3,3,0.00,0.00,0,0
1508120607,total,250752.00,265188.00,515940.00,265188,250752,194.00,197.00,391.00,197,194,0.00,0.00,0,0
1508120608,s1,69.93,69.93,139.86,70,70,1.00,1.00,2.00,1,1,0.00,0.00,0,0
1508120608,eth0,0.00,0.00,0.00,0,0,0.00,0.00,0.00,0,0,0.00,0.00,0,0
1508120608,s1-eth2,7163.84,255932.08,263095.91,256188,7171,100.90,107.89,208.79,108,101,0.00,0.00,0,0
1508120608,s1-eth1,238850.16,6757.24,245607.41,6764,239089,103.90,97.90,201.80,98,104,0.00,0.00,0,0
1508120608,lo,535.46,535.46,1070.93,536,536,5.99,5.99,11.99,6,6,0.00,0.00,0,0
1508120608,total,246619.39,263294.72,509914.09,263558,246866,211.79,212.79,424.58,213,212,0.00,0.00,0,0
1508120609,s1,0.00,0.00,0.00,0,0,0.00,0.00,0.00,0,0,0.00,0.00,0,0
1508120609,eth0,0.00,0.00,0.00,0,0,0.00,0.00,0.00,0,0,0.00,0.00,0,0
1508120609,s1-eth2,6021.00,253548.00,259569.00,253548,6021,86.00,90.00,176.00,90,86,0.00,0.00,0,0
1508120609,s1-eth1,246110.00,5760.00,251870.00,5760,246110,87.00,86.00,173.00,86,87,0.00,0.00,0,0
1508120609,lo,0.00,0.00,0.00,0,0,0.00,0.00,0.00,0,0,0.00,0.00,0,0
1508120609,total,252131.00,259308.00,511439.00,259308,252131,173.00,176.00,349.00,176,173,0.00,0.00,0,0
1508120610,s1,0.00,0.00,0.00,0,0,0.00,0.00,0.00,0,0,0.00,0.00,0,0
1508120610,eth0,0.00,0.00,0.00,0,0,0.00,0.00,0.00,0,0,0.00,0.00,0,0
1508120610,s1-eth2,6018.00,252298.00,258316.00,252298,6018,89.00,93.00,182.00,93,89,0.00,0.00,0,0
1508120610,s1-eth1,246481.00,5952.00,252433.00,5952,246481,92.00,88.00,180.00,88,92,0.00,0.00,0,0
1508120610,lo,0.00,0.00,0.00,0,0,0.00,0.00,0.00,0,0,0.00,0.00,0,0
1508120610,total,252499.00,258250.00,510749.00,258250,252499,181.00,181.00,362.00,181,181,0.00,0.00,0,0
1508120611,s1,0.00,70.00,70.00,70,0,0.00,1.00,1.00,1,0,0.00,0.00,0,0
1508120611,eth0,60.00,60.00,120.00,60,60,1.00,1.00,2.00,1,1,0.00,0.00,0,0
1508120611,s1-eth2,6717.00,257236.00,263953.00,257236,6717,98.00,102.00,200.00,102,98,0.00,0.00,0,0
1508120611,s1-eth1,243944.00,6610.00,250554.00,6610,243944,98.00,97.00,195.00,97,98,0.00,0.00,0,0
1508120611,lo,268.00,268.00,536.00,268,268,3.00,3.00,6.00,3,3,0.00,0.00,0,0
1508120611,total,250989.00,264244.00,515233.00,264244,250989,200.00,204.00,404.00,204,200,0.00,0.00,0,0
1508120612,s1,70.00,70.00,140.00,70,70,1.00,1.00,2.00,1,1,0.00,0.00,0,0
1508120612,eth0,0.00,0.00,0.00,0,0,0.00,0.00,0.00,0,0,0.00,0.00,0,0
1508120612,s1-eth2,5828.00,251840.00,257668.00,251840,5828,84.00,86.00,170.00,86,84,0.00,0.00,0,0
1508120612,s1-eth1,245986.00,5346.00,251332.00,5346,245986,85.00,81.00,166.00,81,85,0.00,0.00,0,0
1508120612,lo,536.00,536.00,1072.00,536,536,6.00,6.00,12.00,6,6,0.00,0.00,0,0
1508120612,total,252420.00,257792.00,510212.00,257792,252420,176.00,174.00,350.00,174,176,0.00,0.00,0,0
1508120613,s1,0.00,0.00,0.00,0,0,0.00,0.00,0.00,0,0,0.00,0.00,0,0
1508120613,eth0,0.00,119.88,119.88,120,0,0.00,2.00,2.00,2,0,0.00,0.00,0,0
1508120613,s1-eth2,6137.86,253690.31,259828.17,253944,6144,89.91,95.90,185.81,96,90,0.00,0.00,0,0
1508120613,s1-eth1,243300.70,6137.86,249438.56,6144,243544,91.91,89.91,181.82,90,92,0.00,0.00,0,0
1508120613,lo,0.00,0.00,0.00,0,0,0.00,0.00,0.00,0,0,0.00,0.00,0,0
1508120613,total,249438.56,259948.06,509386.62,260208,249688,181.82,187.81,369.63,188,182,0.00,0.00,0,0
1508120614,s1,0.00,0.00,0.00,0,0,0.00,0.00,0.00,0,0,0.00,0.00,0,0
1508120614,eth0,0.00,0.00,0.00,0,0,0.00,0.00,0.00,0,0,0.00,0.00,0,0
1508120614,s1-eth2,5868.13,246061.94,251930.08,246308,5874,86.91,89.91,176.82,90,87,0.00,0.00,0,0
1508120614,s1-eth1,246403.61,5934.07,252337.67,5940,246650,90.91,87.91,178.82,88,91,0.00,0.00,0,0
1508120614,lo,0.00,0.00,0.00,0,0,0.00,0.00,0.00,0,0,0.00,0.00,0,0
1508120614,total,252271.73,251996.02,504267.75,252248,252524,177.82,177.82,355.64,178,178,0.00,0.00,0,0
1508120615,s1,0.00,0.00,0.00,0,0,0.00,0.00,0.00,0,0,0.00,0.00,0,0
1508120615,eth0,0.00,0.00,0.00,0,0,0.00,0.00,0.00,0,0,0.00,0.00,0,0
1508120615,s1-eth2,5382.00,254798.00,260180.00,254798,5382,81.00,87.00,168.00,87,81,0.00,0.00,0,0
1508120615,s1-eth1,245912.00,5316.00,251228.00,5316,245912,84.00,80.00,164.00,80,84,0.00,0.00,0,0
1508120615,lo,0.00,0.00,0.00,0,0,0.00,0.00,0.00,0,0,0.00,0.00,0,0
1508120615,total,251294.00,260114.00,511408.00,260114,251294,165.00,167.00,332.00,167,165,0.00,0.00,0,0
1508120616,s1,0.00,0.00,0.00,0,0,0.00,0.00,0.00,0,0,0.00,0.00,0,0
1508120616,eth0,0.00,0.00,0.00,0,0,0.00,0.00,0.00,0,0,0.00,0.00,0,0
1508120616,s1-eth2,5706.00,247756.00,253462.00,247756,5706,85.00,90.00,175.00,90,85,0.00,0.00,0,0
1508120616,s1-eth1,243214.00,5706.00,248920.00,5706,243214,87.00,85.00,172.00,85,87,0.00,0.00,0,0
1508120616,lo,172.00,172.00,344.00,172,172,3.00,3.00,6.00,3,3,0.00,0.00,0,0
1508120616,total,249092.00,253634.00,502726.00,253634,249092,175.00,178.00,353.00,178,175,0.00,0.00,0,0
1508120617,s1,0.00,0.00,0.00,0,0,0.00,0.00,0.00,0,0,0.00,0.00,0,0
1508120617,eth0,0.00,0.00,0.00,0,0,0.00,0.00,0.00,0,0,0.00,0.00,0,0
1508120617,s1-eth2,5604.00,253482.00,259086.00,253482,5604,84.00,89.00,173.00,89,84,0.00,0.00,0,0
1508120617,s1-eth1,246176.00,5604.00,251780.00,5604,246176,88.00,84.00,172.00,84,88,0.00,0.00,0,0
1508120617,lo,0.00,0.00,0.00,0,0,0.00,0.00,0.00,0,0,0.00,0.00,0,0
1508120617,total,251780.00,259086.00,510866.00,259086,251780,172.00,173.00,345.00,173,172,0.00,0.00,0,0
1508120618,s1,0.00,0.00,0.00,0,0,0.00,0.00,0.00,0,0,0.00,0.00,0,0
1508120618,eth0,0.00,0.00,0.00,0,0,0.00,0.00,0.00,0,0,0.00,0.00,0,0
1508120618,s1-eth2,5676.32,248757.25,254433.58,249006,5682,84.92,86.91,171.83,87,85,0.00,0.00,0,0
1508120618,s1-eth1,242946.06,5676.32,248622.39,5682,243189,85.91,84.92,170.83,85,86,0.00,0.00,0,0
1508120618,lo,0.00,0.00,0.00,0,0,0.00,0.00,0.00,0,0,0.00,0.00,0,0
1508120618,total,248622.39,254433.58,503055.97,254688,248871,170.83,171.83,342.66,172,171,0.00,0.00,0,0
1508120619,s1,0.00,0.00,0.00,0,0,0.00,0.00,0.00,0,0,0.00,0.00,0,0
1508120619,eth0,0.00,0.00,0.00,0,0,0.00,0.00,0.00,0,0,0.00,0.00,0,0
1508120619,s1-eth2,5321.00,248808.00,254129.00,248808,5321,80.00,84.00,164.00,84,80,0.00,0.00,0,0
1508120619,s1-eth1,245846.00,5214.00,251060.00,5214,245846,83.00,79.00,162.00,79,83,0.00,0.00,0,0
1508120619,lo,0.00,0.00,0.00,0,0,0.00,0.00,0.00,0,0,0.00,0.00,0,0
1508120619,total,251167.00,254022.00,505189.00,254022,251167,163.00,163.00,326.00,163,163,0.00,0.00,0,0
1508120620,s1,0.00,0.00,0.00,0,0,0.00,0.00,0.00,0,0,0.00,0.00,0,0
1508120620,eth0,0.00,180.00,180.00,180,0,0.00,3.00,3.00,3,0,0.00,0.00,0,0
1508120620,s1-eth2,6246.00,244992.00,251238.00,244992,6246,91.00,92.00,183.00,92,91,0.00,0.00,0,0
1508120620,s1-eth1,246440.00,6246.00,252686.00,6246,246440,92.00,91.00,183.00,91,92,0.00,0.00,0,0
1508120620,lo,0.00,0.00,0.00,0,0,0.00,0.00,0.00,0,0,0.00,0.00,0,0
1508120620,total,252686.00,251418.00,504104.00,251418,252686,183.00,186.00,369.00,186,183,0.00,0.00,0,0
1508120621,s1,0.00,0.00,0.00,0,0,0.00,0.00,0.00,0,0,0.00,0.00,0,0
1508120621,eth0,0.00,0.00,0.00,0,0,0.00,0.00,0.00,0,0,0.00,0.00,0,0
1508120621,s1-eth2,5784.00,252166.00,257950.00,252166,5784,86.00,91.00,177.00,91,86,0.00,0.00,0,0
1508120621,s1-eth1,243280.00,5784.00,249064.00,5784,243280,88.00,86.00,174.00,86,88,0.00,0.00,0,0
1508120621,lo,172.00,172.00,344.00,172,172,3.00,3.00,6.00,3,3,0.00,0.00,0,0
1508120621,total,249236.00,258122.00,507358.00,258122,249236,177.00,180.00,357.00,180,177,0.00,0.00,0,0
1508120622,s1,0.00,0.00,0.00,0,0,0.00,0.00,0.00,0,0,0.00,0.00,0,0
1508120622,eth0,0.00,0.00,0.00,0,0,0.00,0.00,0.00,0,0,0.00,0.00,0,0
1508120622,s1-eth2,5616.38,248559.45,254175.83,248808,5622,80.92,83.92,164.84,84,81,0.00,0.00,0,0
1508120622,s1-eth1,245600.41,5274.73,250875.12,5280,245846,82.92,79.92,162.84,80,83,0.00,0.00,0,0
1508120622,lo,0.00,0.00,0.00,0,0,0.00,0.00,0.00,0,0,0.00,0.00,0,0
1508120622,total,251216.80,253834.17,505050.97,254088,251468,163.84,163.84,327.67,164,164,0.00,0.00,0,0
1508120623,s1,0.00,0.00,0.00,0,0,0.00,0.00,0.00,0,0,0.00,0.00,0,0
1508120623,eth0,0.00,0.00,0.00,0,0,0.00,0.00,0.00,0,0,0.00,0.00,0,0
1508120623,s1-eth2,6474.00,249600.00,256074.00,249600,6474,95.00,96.00,191.00,96,95,0.00,0.00,0,0
1508120623,s1-eth1,243676.00,6474.00,250150.00,6474,243676,94.00,95.00,189.00,95,94,0.00,0.00,0,0
1508120623,lo,0.00,0.00,0.00,0,0,0.00,0.00,0.00,0,0,0.00,0.00,0,0
1508120623,total,250150.00,256074.00,506224.00,256074,250150,189.00,191.00,380.00,191,189,0.00,0.00,0,0
1508120624,s1,0.00,0.00,0.00,0,0,0.00,0.00,0.00,0,0,0.00,0.00,0,0
1508120624,eth0,0.00,0.00,0.00,0,0,0.00,0.00,0.00,0,0,0.00,0.00,0,0
1508120624,s1-eth2,5706.00,249204.00,254910.00,249204,5706,85.00,90.00,175.00,90,85,0.00,0.00,0,0
1508120624,s1-eth1,246584.00,5706.00,252290.00,5706,246584,90.00,85.00,175.00,85,90,0.00,0.00,0,0
1508120624,lo,0.00,0.00,0.00,0,0,0.00,0.00,0.00,0,0,0.00,0.00,0,0
1508120624,total,252290.00,254910.00,507200.00,254910,252290,175.00,175.00,350.00,175,175,0.00,0.00,0,0
1508120625,s1,0.00,0.00,0.00,0,0,0.00,0.00,0.00,0,0,0.00,0.00,0,0
1508120625,eth0,0.00,0.00,0.00,0,0,0.00,0.00,0.00,0,0,0.00,0.00,0,0
1508120625,s1-eth2,5346.00,251770.00,257116.00,251770,5346,81.00,85.00,166.00,85,81,0.00,0.00,0,0
1508120625,s1-eth1,245846.00,5346.00,251192.00,5346,245846,83.00,81.00,164.00,81,83,0.00,0.00,0,0
1508120625,lo,0.00,0.00,0.00,0,0,0.00,0.00,0.00,0,0,0.00,0.00,0,0
1508120625,total,251192.00,257116.00,508308.00,257116,251192,164.00,166.00,330.00,166,164,0.00,0.00,0,0
1508120626,s1,0.00,0.00,0.00,0,0,0.00,0.00,0.00,0,0,0.00,0.00,0,0
1508120626,eth0,0.00,0.00,0.00,0,0,0.00,0.00,0.00,0,0,0.00,0.00,0,0
1508120626,s1-eth2,5442.00,246044.00,251486.00,246044,5442,81.00,86.00,167.00,86,81,0.00,0.00,0,0
1508120626,s1-eth1,243082.00,5442.00,248524.00,5442,243082,85.00,81.00,166.00,81,85,0.00,0.00,0,0
1508120626,lo,172.00,172.00,344.00,172,172,3.00,3.00,6.00,3,3,0.00,0.00,0,0
1508120626,total,248696.00,251658.00,500354.00,251658,248696,169.00,170.00,339.00,170,169,0.00,0.00,0,0
1508120627,s1,0.00,0.00,0.00,0,0,0.00,0.00,0.00,0,0,0.00,0.00,0,0
1508120627,eth0,0.00,180.00,180.00,180,0,0.00,3.00,3.00,3,0,0.00,0.00,0,0
1508120627,s1-eth2,5508.00,249006.00,254514.00,249006,5508,82.00,87.00,169.00,87,82,0.00,0.00,0,0
1508120627,s1-eth1,246044.00,5508.00,251552.00,5508,246044,86.00,82.00,168.00,82,86,0.00,0.00,0,0
1508120627,lo,0.00,0.00,0.00,0,0,0.00,0.00,0.00,0,0,0.00,0.00,0,0
1508120627,total,251552.00,254694.00,506246.00,254694,251552,168.00,172.00,340.00,172,168,0.00,0.00,0,0
1508120628,s1,0.00,0.00,0.00,0,0,0.00,0.00,0.00,0,0,0.00,0.00,0,0
1508120628,eth0,0.00,0.00,0.00,0,0,0.00,0.00,0.00,0,0,0.00,0.00,0,0
1508120628,s1-eth2,6606.00,252826.00,259432.00,252826,6606,95.00,101.00,196.00,101,95,0.00,0.00,0,0
1508120628,s1-eth1,243874.00,6606.00,250480.00,6606,243874,97.00,95.00,192.00,95,97,0.00,0.00,0,0
1508120628,lo,0.00,0.00,0.00,0,0,0.00,0.00,0.00,0,0,0.00,0.00,0,0
1508120628,total,250480.00,259432.00,509912.00,259432,250480,192.00,196.00,388.00,196,192,0.00,0.00,0,0
1508120629,s1,0.00,0.00,0.00,0,0,0.00,0.00,0.00,0,0,0.00,0.00,0,0
1508120629,eth0,0.00,0.00,0.00,0,0,0.00,0.00,0.00,0,0,0.00,0.00,0,0
1508120629,s1-eth2,5832.00,250916.00,256748.00,250916,5832,86.00,94.00,180.00,94,86,0.00,0.00,0,0
1508120629,s1-eth1,246440.00,5832.00,252272.00,5832,246440,92.00,86.00,178.00,86,92,0.00,0.00,0,0
1508120629,lo,0.00,0.00,0.00,0,0,0.00,0.00,0.00,0,0,0.00,0.00,0,0
1508120629,total,252272.00,256748.00,509020.00,256748,252272,178.00,180.00,358.00,180,178,0.00,0.00,0,0
1508120630,s1,0.00,0.00,0.00,0,0,0.00,0.00,0.00,0,0,0.00,0.00,0,0
1508120630,eth0,0.00,0.00,0.00,0,0,0.00,0.00,0.00,0,0,0.00,0.00,0,0
1508120630,s1-eth2,6155.84,256583.42,262739.28,256840,6162,90.91,95.90,186.81,96,91,0.00,0.00,0,0
1508120630,s1-eth1,246193.81,6155.84,252349.66,6162,246440,91.91,90.91,182.82,91,92,0.00,0.00,0,0
1508120630,lo,0.00,0.00,0.00,0,0,0.00,0.00,0.00,0,0,0.00,0.00,0,0
1508120630,total,252349.66,262739.28,515088.94,263002,252602,182.82,186.81,369.63,187,183,0.00,0.00,0,0
1508120631,s1,0.00,0.00,0.00,0,0,0.00,0.00,0.00,0,0,0.00,0.00,0,0
1508120631,eth0,0.00,0.00,0.00,0,0,0.00,0.00,0.00,0,0,0.00,0.00,0,0
1508120631,s1-eth2,5340.66,254477.53,259818.19,254732,5346,80.92,85.91,166.83,86,81,0.00,0.00,0,0
1508120631,s1-eth1,242641.36,5340.66,247982.03,5346,242884,81.92,80.92,162.84,81,82,0.00,0.00,0,0
1508120631,lo,171.83,171.83,343.66,172,172,3.00,3.00,5.99,3,3,0.00,0.00,0,0
1508120631,total,248153.86,259990.02,508143.88,260250,248402,165.83,169.83,335.66,170,166,0.00,0.00,0,0
1508120632,s1,0.00,0.00,0.00,0,0,0.00,0.00,0.00,0,0,0.00,0.00,0,0
1508120632,eth0,0.00,0.00,0.00,0,0,0.00,0.00,0.00,0,0,0.00,0.00,0,0
1508120632,s1-eth2,6816.00,255920.00,262736.00,255920,6816,98.00,104.00,202.00,104,98,0.00,0.00,0,0
1508120632,s1-eth1,247034.00,6816.00,253850.00,6816,247034,101.00,98.00,199.00,98,101,0.00,0.00,0,0
1508120632,lo,0.00,0.00,0.00,0,0,0.00,0.00,0.00,0,0,0.00,0.00,0,0
1508120632,total,253850.00,262736.00,516586.00,262736,253850,199.00,202.00,401.00,202,199,0.00,0.00,0,0
1508120633,s1,0.00,0.00,0.00,0,0,0.00,0.00,0.00,0,0,0.00,0.00,0,0
1508120633,eth0,0.00,0.00,0.00,0,0,0.00,0.00,0.00,0,0,0.00,0.00,0,0
1508120633,s1-eth2,5616.38,255005.00,260621.39,255260,5622,82.92,93.91,176.82,94,83,0.00,0.00,0,0
1508120633,s1-eth1,246127.88,5616.38,251744.27,5622,246374,90.91,82.92,173.83,83,91,0.00,0.00,0,0
1508120633,lo,0.00,0.00,0.00,0,0,0.00,0.00,0.00,0,0,0.00,0.00,0,0
1508120633,total,251744.27,260621.39,512365.66,260882,251996,173.83,176.82,350.65,177,174,0.00,0.00,0,0
1508120634,s1,0.00,0.00,0.00,0,0,0.00,0.00,0.00,0,0,0.00,0.00,0,0
1508120634,eth0,0.00,1218.00,1218.00,1218,0,0.00,5.00,5.00,5,0,0.00,0.00,0,0
1508120634,s1-eth2,6162.00,256906.00,263068.00,256906,6162,91.00,97.00,188.00,97,91,0.00,0.00,0,0
1508120634,s1-eth1,243651.00,6228.00,249879.00,6228,243651,93.00,92.00,185.00,92,93,0.00,0.00,0,0
1508120634,lo,0.00,0.00,0.00,0,0,0.00,0.00,0.00,0,0,0.00,0.00,0,0
1508120634,total,249563.44,264087.91,513651.38,264352,249813,183.82,193.81,377.62,194,184,0.00,0.00,0,0
1508120635,s1,0.00,0.00,0.00,0,0,0.00,0.00,0.00,0,0,0.00,0.00,0,0
1508120635,eth0,0.00,0.00,0.00,0,0,0.00,0.00,0.00,0,0,0.00,0.00,0,0
1508120635,s1-eth2,6540.46,246787.22,253327.67,247034,6547,94.91,100.90,195.80,101,95,0.00,0.00,0,0
1508120635,s1-eth1,235226.78,6433.57,241660.34,6440,235462,96.90,93.91,190.81,94,97,0.00,0.00,0,0
1508120635,lo,0.00,0.00,0.00,0,0,0.00,0.00,0.00,0,0,0.00,0.00,0,0
1508120635,total,242009.00,253474.00,495483.00,253474,242009,192.00,195.00,387.00,195,192,0.00,0.00,0,0
1508120636,s1,0.00,0.00,0.00,0,0,0.00,0.00,0.00,0,0,0.00,0.00,0,0
1508120636,eth0,0.00,172.00,172.00,172,0,0.00,2.00,2.00,2,0,0.00,0.00,0,0
1508120636,s1-eth2,4950.00,193694.00,198644.00,193694,4950,73.00,83.00,156.00,83,73,0.00,0.00,0,0
1508120636,s1-eth1,175856.00,4884.00,180740.00,4884,175856,76.00,72.00,148.00,72,76,0.00,0.00,0,0
1508120636,lo,296.00,296.00,592.00,296,296,3.00,3.00,6.00,3,3,0.00,0.00,0,0
1508120636,total,181102.00,199046.00,380148.00,199046,181102,152.00,160.00,312.00,160,152,0.00,0.00,0,0
1508120637,s1,0.00,0.00,0.00,0,0,0.00,0.00,0.00,0,0,0.00,0.00,0,0
1508120637,eth0,0.00,59.94,59.94,60,0,0.00,1.00,1.00,1,0,0.00,0.00,0,0
1508120637,s1-eth2,5682.32,257436.58,263118.88,257694,5688,81.92,86.91,168.83,87,82,0.00,0.00,0,0
1508120637,s1-eth1,245600.41,5340.66,250941.06,5346,245846,82.92,80.92,163.84,81,83,0.00,0.00,0,0
1508120637,lo,0.00,0.00,0.00,0,0,0.00,0.00,0.00,0,0,0.00,0.00,0,0
1508120637,total,251282.72,262837.16,514119.91,263100,251534,164.84,168.83,333.67,169,165,0.00,0.00,0,0
1508120638,s1,0.00,0.00,0.00,0,0,0.00,0.00,0.00,0,0,0.00,0.00,0,0
1508120638,eth0,0.00,0.00,0.00,0,0,0.00,0.00,0.00,0,0,0.00,0.00,0,0
1508120638,s1-eth2,5766.00,249138.00,254904.00,249138,5766,85.00,89.00,174.00,89,85,0.00,0.00,0,0
1508120638,s1-eth1,243214.00,5766.00,248980.00,5766,243214,87.00,85.00,172.00,85,87,0.00,0.00,0,0
1508120638,lo,0.00,0.00,0.00,0,0,0.00,0.00,0.00,0,0,0.00,0.00,0,0
1508120638,total,248980.00,254904.00,503884.00,254904,248980,172.00,174.00,346.00,174,172,0.00,0.00,0,0
1508120639,s1,0.00,0.00,0.00,0,0,0.00,0.00,0.00,0,0,0.00,0.00,0,0
1508120639,eth0,0.00,119.88,119.88,120,0,0.00,2.00,2.00,2,0,0.00,0.00,0,0
1508120639,s1-eth2,5904.10,246127.88,252031.97,246374,5910,86.91,90.91,177.82,91,87,0.00,0.00,0,0
1508120639,s1-eth1,246127.88,5904.10,252031.97,5910,246374,90.91,86.91,177.82,87,91,0.00,0.00,0,0
1508120639,lo,0.00,0.00,0.00,0,0,0.00,0.00,0.00,0,0,0.00,0.00,0,0
1508120639,total,252031.97,252151.86,504183.84,252404,252284,177.82,179.82,357.64,180,178,0.00,0.00,0,0
1508120640,s1,0.00,0.00,0.00,0,0,0.00,0.00,0.00,0,0,0.00,0.00,0,0
1508120640,eth0,0.00,0.00,0.00,0,0,0.00,0.00,0.00,0,0,0.00,0.00,0,0
1508120640,s1-eth2,5628.00,251968.00,257596.00,251968,5628,84.00,88.00,172.00,88,84,0.00,0.00,0,0
1508120640,s1-eth1,243082.00,5628.00,248710.00,5628,243082,85.00,84.00,169.00,84,85,0.00,0.00,0,0
1508120640,lo,172.00,172.00,344.00,172,172,3.00,3.00,6.00,3,3,0.00,0.00,0,0
1508120640,total,248882.00,257768.00,506650.00,257768,248882,172.00,175.00,347.00,175,172,0.00,0.00,0,0
1508120641,s1,0.00,0.00,0.00,0,0,0.00,0.00,0.00,0,0,0.00,0.00,0,0
1508120641,eth0,0.00,120.00,120.00,120,0,0.00,2.00,2.00,2,0,0.00,0.00,0,0
1508120641,s1-eth2,6866.00,252958.00,259824.00,252958,6866,99.00,103.00,202.00,103,99,0.00,0.00,0,0
1508120641,s1-eth1,246968.00,6866.00,253834.00,6866,246968,100.00,99.00,199.00,99,100,0.00,0.00,0,0
1508120641,lo,0.00,0.00,0.00,0,0,0.00,0.00,0.00,0,0,0.00,0.00,0,0
1508120641,total,253834.00,259944.00,513778.00,259944,253834,199.00,204.00,403.00,204,199,0.00,0.00,0,0
1508120642,s1,0.00,0.00,0.00,0,0,0.00,0.00,0.00,0,0,0.00,0.00,0,0
1508120642,eth0,0.00,0.00,0.00,0,0,0.00,0.00,0.00,0,0,0.00,0.00,0,0
1508120642,s1-eth2,5214.00,251770.00,256984.00,251770,5214,79.00,85.00,164.00,85,79,0.00,0.00,0,0
1508120642,s1-eth1,245846.00,5214.00,251060.00,5214,245846,83.00,79.00,162.00,79,83,0.00,0.00,0,0
1508120642,lo,0.00,0.00,0.00,0,0,0.00,0.00,0.00,0,0,0.00,0.00,0,0
1508120642,total,251060.00,256984.00,508044.00,256984,251060,162.00,164.00,326.00,164,162,0.00,0.00,0,0
1508120643,s1,0.00,0.00,0.00,0,0,0.00,0.00,0.00,0,0,0.00,0.00,0,0
1508120643,eth0,0.00,0.00,0.00,0,0,0.00,0.00,0.00,0,0,0.00,0.00,0,0
1508120643,s1-eth2,6119.88,249152.86,255272.73,249402,6126,90.91,92.91,183.82,93,91,0.00,0.00,0,0
1508120643,s1-eth1,243234.77,6119.88,249354.66,6126,243478,90.91,90.91,181.82,91,91,0.00,0.00,0,0
1508120643,lo,0.00,0.00,0.00,0,0,0.00,0.00,0.00,0,0,0.00,0.00,0,0
1508120643,total,249354.66,255272.73,504627.38,255528,249604,181.82,183.82,365.63,184,182,0.00,0.00,0,0
1508120644,s1,0.00,0.00,0.00,0,0,0.00,0.00,0.00,0,0,0.00,0.00,0,0
1508120644,eth0,0.00,0.00,0.00,0,0,0.00,0.00,0.00,0,0,0.00,0.00,0,0
1508120644,s1-eth2,5910.00,253812.00,259722.00,253812,5910,87.00,94.00,181.00,94,87,0.00,0.00,0,0
1508120644,s1-eth1,246374.00,5910.00,252284.00,5910,246374,91.00,87.00,178.00,87,91,0.00,0.00,0,0
1508120644,lo,0.00,0.00,0.00,0,0,0.00,0.00,0.00,0,0,0.00,0.00,0,0
1508120644,total,252284.00,259722.00,512006.00,259722,252284,178.00,181.00,359.00,181,178,0.00,0.00,0,0
1508120645,s1,0.00,0.00,0.00,0,0,0.00,0.00,0.00,0,0,0.00,0.00,0,0
1508120645,eth0,0.00,0.00,0.00,0,0,0.00,0.00,0.00,0,0,0.00,0.00,0,0
1508120645,s1-eth2,6018.00,252298.00,258316.00,252298,6018,89.00,93.00,182.00,93,89,0.00,0.00,0,0
1508120645,s1-eth1,243412.00,6018.00,249430.00,6018,243412,90.00,89.00,179.00,89,90,0.00,0.00,0,0
1508120645,lo,172.00,172.00,344.00,172,172,3.00,3.00,6.00,3,3,0.00,0.00,0,0
1508120645,total,249602.00,258488.00,508090.00,258488,249602,182.00,185.00,367.00,185,182,0.00,0.00,0,0
1508120646,s1,0.00,0.00,0.00,0,0,0.00,0.00,0.00,0,0,0.00,0.00,0,0
1508120646,eth0,0.00,0.00,0.00,0,0,0.00,0.00,0.00,0,0,0.00,0.00,0,0
1508120646,s1-eth2,5520.00,250652.00,256172.00,250652,5520,82.00,90.00,172.00,90,82,0.00,0.00,0,0
1508120646,s1-eth1,246176.00,5520.00,251696.00,5520,246176,88.00,82.00,170.00,82,88,0.00,0.00,0,0
1508120646,lo,0.00,0.00,0.00,0,0,0.00,0.00,0.00,0,0,0.00,0.00,0,0
1508120646,total,251696.00,256172.00,507868.00,256172,251696,170.00,172.00,342.00,172,170,0.00,0.00,0,0
1508120647,s1,0.00,0.00,0.00,0,0,0.00,0.00,0.00,0,0,0.00,0.00,0,0
1508120647,eth0,0.00,0.00,0.00,0,0,0.00,0.00,0.00,0,0,0.00,0.00,0,0
1508120647,s1-eth2,5820.00,255260.00,261080.00,255260,5820,86.00,94.00,180.00,94,86,0.00,0.00,0,0
1508120647,s1-eth1,246308.00,5820.00,252128.00,5820,246308,90.00,86.00,176.00,86,90,0.00,0.00,0,0
1508120647,lo,0.00,0.00,0.00,0,0,0.00,0.00,0.00,0,0,0.00,0.00,0,0
1508120647,total,252128.00,261080.00,513208.00,261080,252128,176.00,180.00,356.00,180,176,0.00,0.00,0,0
1508120648,s1,0.00,0.00,0.00,0,0,0.00,0.00,0.00,0,0,0.00,0.00,0,0
1508120648,eth0,0.00,0.00,0.00,0,0,0.00,0.00,0.00,0,0,0.00,0.00,0,0
1508120648,s1-eth2,5658.00,251968.00,257626.00,251968,5658,85.00,88.00,173.00,88,85,0.00,0.00,0,0
1508120648,s1-eth1,243082.00,5658.00,248740.00,5658,243082,85.00,85.00,170.00,85,85,0.00,0.00,0,0
1508120648,lo,0.00,0.00,0.00,0,0,0.00,0.00,0.00,0,0,0.00,0.00,0,0
1508120648,total,248740.00,257626.00,506366.00,257626,248740,170.00,173.00,343.00,173,170,0.00,0.00,0,0
1508120649,s1,0.00,0.00,0.00,0,0,0.00,0.00,0.00,0,0,0.00,0.00,0,0
1508120649,eth0,0.00,119.88,119.88,120,0,0.00,2.00,2.00,2,0,0.00,0.00,0,0
1508120649,s1-eth2,6785.21,250075.94,256861.14,250326,6792,97.90,106.89,204.80,107,98,0.00,0.00,0,0
1508120649,s1-eth1,245472.53,6851.15,252323.69,6858,245718,102.90,98.90,201.80,99,103,0.00,0.00,0,0
1508120649,lo,0.00,0.00,0.00,0,0,0.00,0.00,0.00,0,0,0.00,0.00,0,0
1508120649,total,252257.75,257046.95,509304.72,257304,252510,200.80,207.79,408.59,208,201,0.00,0.00,0,0
1508120650,s1,0.00,0.00,0.00,0,0,0.00,0.00,0.00,0,0,0.00,0.00,0,0
1508120650,eth0,608.00,951.00,1559.00,951,608,8.00,8.00,16.00,8,8,0.00,0.00,0,0
1508120650,s1-eth2,6944.00,258684.00,265628.00,258684,6944,98.00,102.00,200.00,102,98,0.00,0.00,0,0
1508120650,s1-eth1,245918.00,6426.00,252344.00,6426,245918,101.00,95.00,196.00,95,101,0.00,0.00,0,0
1508120650,lo,1195.00,1195.00,2390.00,1195,1195,15.00,15.00,30.00,15,15,0.00,0.00,0,0
1508120650,total,254665.00,267256.00,521921.00,267256,254665,222.00,220.00,442.00,220,222,0.00,0.00,0,0
1508120651,s1,0.00,0.00,0.00,0,0,0.00,0.00,0.00,0,0,0.00,0.00,0,0
1508120651,eth0,303.70,489.51,793.21,490,304,4.00,4.00,7.99,4,4,0.00,0.00,0,0
1508120651,s1-eth2,5510.49,251650.36,257160.84,251902,5516,81.92,86.91,168.83,87,82,0.00,0.00,0,0
1508120651,s1-eth1,246091.92,5322.68,251414.59,5328,246338,88.91,79.92,168.83,80,89,0.00,0.00,0,0
1508120651,lo,681.32,681.32,1362.64,682,682,7.99,7.99,15.98,8,8,0.00,0.00,0,0
1508120651,total,252587.42,258143.86,510731.28,258402,252840,182.82,178.82,361.64,179,183,0.00,0.00,0,0
1508120652,s1,0.00,0.00,0.00,0,0,0.00,0.00,0.00,0,0,0.00,0.00,0,0
1508120652,eth0,152.00,245.00,397.00,245,152,2.00,2.00,4.00,2,2,0.00,0.00,0,0
1508120652,s1-eth2,6762.00,245978.00,252740.00,245978,6762,89.00,85.00,174.00,85,89,0.00,0.00,0,0
1508120652,s1-eth1,244872.00,5328.00,250200.00,5328,244872,92.00,80.00,172.00,80,92,0.00,0.00,0,0
1508120652,lo,341.00,341.00,682.00,341,341,4.00,4.00,8.00,4,4,0.00,0.00,0,0
1508120652,total,252127.00,251892.00,504019.00,251892,252127,187.00,171.00,358.00,171,187,0.00,0.00,0,0
1508120653,s1,0.00,0.00,0.00,0,0,0.00,0.00,0.00,0,0,0.00,0.00,0,0
1508120653,eth0,152.00,245.00,397.00,245,152,2.00,2.00,4.00,2,2,0.00,0.00,0,0
1508120653,s1-eth2,7074.00,244860.00,251934.00,244860,7074,90.00,90.00,180.00,90,90,0.00,0.00,0,0
1508120653,s1-eth1,244309.00,5766.00,250075.00,5766,244309,93.00,85.00,178.00,85,93,0.00,0.00,0,0
1508120653,lo,341.00,341.00,682.00,341,341,4.00,4.00,8.00,4,4,0.00,0.00,0,0
1508120653,total,251876.00,251212.00,503088.00,251212,251876,189.00,181.00,370.00,181,189,0.00,0.00,0,0
1508120654,s1,0.00,0.00,0.00,0,0,0.00,0.00,0.00,0,0,0.00,0.00,0,0
1508120654,eth0,0.00,0.00,0.00,0,0,0.00,0.00,0.00,0,0,0.00,0.00,0,0
1508120654,s1-eth2,7545.00,266716.00,274261.00,266716,7545,106.00,114.00,220.00,114,106,0.00,0.00,0,0
1508120654,s1-eth1,246023.00,7218.00,253241.00,7218,246023,107.00,105.00,212.00,105,107,0.00,0.00,0,0
1508120654,lo,0.00,0.00,0.00,0,0,0.00,0.00,0.00,0,0,0.00,0.00,0,0
1508120654,total,253568.00,273934.00,527502.00,273934,253568,213.00,219.00,432.00,219,213,0.00,0.00,0,0
1508120655,s1,0.00,0.00,0.00,0,0,0.00,0.00,0.00,0,0,0.00,0.00,0,0
1508120655,eth0,60.00,60.00,120.00,60,60,1.00,1.00,2.00,1,1,0.00,0.00,0,0
1508120655,s1-eth2,6944.00,255788.00,262732.00,255788,6944,99.00,102.00,201.00,102,99,0.00,0.00,0,0
1508120655,s1-eth1,239867.00,6570.00,246437.00,6570,239867,99.00,97.00,196.00,97,99,0.00,0.00,0,0
1508120655,lo,172.00,172.00,344.00,172,172,3.00,3.00,6.00,3,3,0.00,0.00,0,0
1508120655,total,247043.00,262590.00,509633.00,262590,247043,202.00,203.00,405.00,203,202,0.00,0.00,0,0
1508120656,s1,0.00,0.00,0.00,0,0,0.00,0.00,0.00,0,0,0.00,0.00,0,0
1508120656,eth0,0.00,180.00,180.00,180,0,0.00,3.00,3.00,3,0,0.00,0.00,0,0
1508120656,s1-eth2,5923.00,248940.00,254863.00,248940,5923,85.00,86.00,171.00,86,85,0.00,0.00,0,0
1508120656,s1-eth1,246305.00,5526.00,251831.00,5526,246305,86.00,83.00,169.00,83,86,0.00,0.00,0,0
1508120656,lo,0.00,0.00,0.00,0,0,0.00,0.00,0.00,0,0,0.00,0.00,0,0
1508120656,total,252228.00,254646.00,506874.00,254646,252228,171.00,172.00,343.00,172,171,0.00,0.00,0,0
1508120657,s1,0.00,0.00,0.00,0,0,0.00,0.00,0.00,0,0,0.00,0.00,0,0
1508120657,eth0,0.00,0.00,0.00,0,0,0.00,0.00,0.00,0,0,0.00,0.00,0,0
1508120657,s1-eth2,5562.00,251968.00,257530.00,251968,5562,83.00,88.00,171.00,88,83,0.00,0.00,0,0
1508120657,s1-eth1,246044.00,5562.00,251606.00,5562,246044,86.00,83.00,169.00,83,86,0.00,0.00,0,0
1508120657,lo,0.00,0.00,0.00,0,0,0.00,0.00,0.00,0,0,0.00,0.00,0,0
1508120657,total,251606.00,257530.00,509136.00,257530,251606,169.00,171.00,340.00,171,169,0.00,0.00,0,0
1508120658,s1,0.00,0.00,0.00,0,0,0.00,0.00,0.00,0,0,0.00,0.00,0,0
1508120658,eth0,0.00,0.00,0.00,0,0,0.00,0.00,0.00,0,0,0.00,0.00,0,0
1508120658,s1-eth2,6912.00,257236.00,264148.00,257236,6912,96.00,102.00,198.00,102,96,0.00,0.00,0,0
1508120658,s1-eth1,243874.00,6570.00,250444.00,6570,243874,97.00,95.00,192.00,95,97,0.00,0.00,0,0
1508120658,lo,0.00,0.00,0.00,0,0,0.00,0.00,0.00,0,0,0.00,0.00,0,0
1508120658,total,250786.00,263806.00,514592.00,263806,250786,193.00,197.00,390.00,197,193,0.00,0.00,0,0
1508120659,s1,0.00,0.00,0.00,0,0,0.00,0.00,0.00,0,0,0.00,0.00,0,0
1508120659,eth0,0.00,0.00,0.00,0,0,0.00,0.00,0.00,0,0,0.00,0.00,0,0
1508120659,s1-eth2,5939.00,246374.00,252313.00,246374,5939,87.00,91.00,178.00,91,87,0.00,0.00,0,0
1508120659,s1-eth1,246827.00,5832.00,252659.00,5832,246827,93.00,86.00,179.00,86,93,0.00,0.00,0,0
1508120659,lo,0.00,0.00,0.00,0,0,0.00,0.00,0.00,0,0,0.00,0.00,0,0
1508120659,total,252766.00,252206.00,504972.00,252206,252766,180.00,177.00,357.00,177,180,0.00,0.00,0,0
1508120660,s1,0.00,0.00,0.00,0,0,0.00,0.00,0.00,0,0,0.00,0.00,0,0
1508120660,eth0,0.00,0.00,0.00,0,0,0.00,0.00,0.00,0,0,0.00,0.00,0,0
1508120660,s1-eth2,5962.00,250652.00,256614.00,250652,5962,89.00,90.00,179.00,90,89,0.00,0.00,0,0
1508120660,s1-eth1,243280.00,5892.00,249172.00,5892,243280,88.00,88.00,176.00,88,88,0.00,0.00,0,0
1508120660,lo,172.00,172.00,344.00,172,172,3.00,3.00,6.00,3,3,0.00,0.00,0,0
1508120660,total,249414.00,256716.00,506130.00,256716,249414,180.00,181.00,361.00,181,180,0.00,0.00,0,0
1508120661,s1,0.00,0.00,0.00,0,0,0.00,0.00,0.00,0,0,0.00,0.00,0,0
1508120661,eth0,0.00,0.00,0.00,0,0,0.00,0.00,0.00,0,0,0.00,0.00,0,0
1508120661,s1-eth2,5778.00,259868.00,265646.00,259868,5778,85.00,98.00,183.00,98,85,0.00,0.00,0,0
1508120661,s1-eth1,244926.00,5778.00,250704.00,5778,244926,91.00,85.00,176.00,85,91,0.00,0.00,0,0
1508120661,lo,0.00,0.00,0.00,0,0,0.00,0.00,0.00,0,0,0.00,0.00,0,0
1508120661,total,250704.00,265646.00,516350.00,265646,250704,176.00,183.00,359.00,183,176,0.00,0.00,0,0
1508120662,s1,0.00,0.00,0.00,0,0,0.00,0.00,0.00,0,0,0.00,0.00,0,0
1508120662,eth0,0.00,0.00,0.00,0,0,0.00,0.00,0.00,0,0,0.00,0.00,0,0
1508120662,s1-eth2,5478.00,254732.00,260210.00,254732,5478,83.00,86.00,169.00,86,83,0.00,0.00,0,0
1508120662,s1-eth1,244464.00,5478.00,249942.00,5478,244464,84.00,83.00,167.00,83,84,0.00,0.00,0,0
1508120662,lo,0.00,0.00,0.00,0,0,0.00,0.00,0.00,0,0,0.00,0.00,0,0
1508120662,total,249942.00,260210.00,510152.00,260210,249942,167.00,169.00,336.00,169,167,0.00,0.00,0,0
1508120663,s1,0.00,0.00,0.00,0,0,0.00,0.00,0.00,0,0,0.00,0.00,0,0
1508120663,eth0,0.00,180.00,180.00,180,0,0.00,3.00,3.00,3,0,0.00,0.00,0,0
1508120663,s1-eth2,7246.00,256052.00,263298.00,256052,7246,101.00,106.00,207.00,106,101,0.00,0.00,0,0
1508120663,s1-eth1,244138.00,6904.00,251042.00,6904,244138,101.00,100.00,201.00,100,101,0.00,0.00,0,0
1508120663,lo,0.00,0.00,0.00,0,0,0.00,0.00,0.00,0,0,0.00,0.00,0,0
1508120663,total,251384.00,263136.00,514520.00,263136,251384,202.00,209.00,411.00,209,202,0.00,0.00,0,0
1508120664,s1,0.00,0.00,0.00,0,0,0.00,0.00,0.00,0,0,0.00,0.00,0,0
1508120664,eth0,0.00,1464.00,1464.00,1464,0,0.00,4.00,4.00,4,0,0.00,0.00,0,0
1508120664,s1-eth2,5376.00,221272.00,226648.00,221272,5376,80.00,80.00,160.00,80,80,0.00,0.00,0,0
1508120664,s1-eth1,227196.00,5376.00,232572.00,5376,227196,82.00,80.00,162.00,80,82,0.00,0.00,0,0
1508120664,lo,0.00,0.00,0.00,0,0,0.00,0.00,0.00,0,0,0.00,0.00,0,0
1508120664,total,232572.00,228112.00,460684.00,228112,232572,162.00,164.00,326.00,164,162,0.00,0.00,0,0
1508120665,s1,0.00,0.00,0.00,0,0,0.00,0.00,0.00,0,0,0.00,0.00,0,0
1508120665,eth0,0.00,0.00,0.00,0,0,0.00,0.00,0.00,0,0,0.00,0.00,0,0
1508120665,s1-eth2,0.00,0.00,0.00,0,0,0.00,0.00,0.00,0,0,0.00,0.00,0,0
1508120665,s1-eth1,0.00,0.00,0.00,0,0,0.00,0.00,0.00,0,0,0.00,0.00,0,0
1508120665,lo,171.83,171.83,343.66,172,172,3.00,3.00,5.99,3,3,0.00,0.00,0,0
1508120665,total,171.83,171.83,343.66,172,172,3.00,3.00,5.99,3,3,0.00,0.00,0,0
1508120666,s1,0.00,0.00,0.00,0,0,0.00,0.00,0.00,0,0,0.00,0.00,0,0
1508120666,eth0,0.00,86.00,86.00,86,0,0.00,1.00,1.00,1,0,0.00,0.00,0,0
1508120666,s1-eth2,0.00,0.00,0.00,0,0,0.00,0.00,0.00,0,0,0.00,0.00,0,0
1508120666,s1-eth1,107.00,0.00,107.00,0,107,1.00,0.00,1.00,0,1,0.00,0.00,0,0
1508120666,lo,0.00,0.00,0.00,0,0,0.00,0.00,0.00,0,0,0.00,0.00,0,0
1508120666,total,107.00,86.00,193.00,86,107,1.00,1.00,2.00,1,1,0.00,0.00,0,0
1508120667,s1,0.00,0.00,0.00,0,0,0.00,0.00,0.00,0,0,0.00,0.00,0,0
1508120667,eth0,0.00,0.00,0.00,0,0,0.00,0.00,0.00,0,0,0.00,0.00,0,0
1508120667,s1-eth2,106.89,0.00,106.89,0,107,1.00,0.00,1.00,0,1,0.00,0.00,0,0
1508120667,s1-eth1,0.00,0.00,0.00,0,0,0.00,0.00,0.00,0,0,0.00,0.00,0,0
1508120667,lo,0.00,0.00,0.00,0,0,0.00,0.00,0.00,0,0,0.00,0.00,0,0
1508120667,total,106.89,0.00,106.89,0,107,1.00,0.00,1.00,0,1,0.00,0.00,0,0
1508120668,s1,0.00,0.00,0.00,0,0,0.00,0.00,0.00,0,0,0.00,0.00,0,0
1508120668,eth0,0.00,0.00,0.00,0,0,