1508291769,s1,0.00,0.00,0.00,0,0,0.00,0.00,0.00,0,0,0.00,0.00,0,0
1508291769,eth0,0.00,0.00,0.00,0,0,0.00,0.00,0.00,0,0,0.00,0.00,0,0
1508291769,s2,0.00,0.00,0.00,0,0,0.00,0.00,0.00,0,0,0.00,0.00,0,0
1508291769,s1-eth2,0.00,0.00,0.00,0,0,0.00,0.00,0.00,0,0,0.00,0.00,0,0
1508291769,s1-eth1,0.00,0.00,0.00,0,0,0.00,0.00,0.00,0,0,0.00,0.00,0,0
1508291769,s2-eth2,0.00,0.00,0.00,0,0,0.00,0.00,0.00,0,0,0.00,0.00,0,0
1508291769,s2-eth1,0.00,0.00,0.00,0,0,0.00,0.00,0.00,0,0,0.00,0.00,0,0
1508291769,lo,0.00,0.00,0.00,0,0,0.00,0.00,0.00,0,0,0.00,0.00,0,0
1508291769,total,0.00,0.00,0.00,0,0,0.00,0.00,0.00,0,0,0.00,0.00,0,0
1508291770,s1,0.00,0.00,0.00,0,0,0.00,0.00,0.00,0,0,0.00,0.00,0,0
1508291770,eth0,0.00,0.00,0.00,0,0,0.00,0.00,0.00,0,0,0.00,0.00,0,0
1508291770,s2,0.00,0.00,0.00,0,0,0.00,0.00,0.00,0,0,0.00,0.00,0,0
1508291770,s1-eth2,6498.00,240912.00,247410.00,240912,6498,95.00,96.00,191.00,96,95,0.00,0.00,0,0
1508291770,s1-eth1,243874.00,6498.00,250372.00,6498,243874,97.00,95.00,192.00,95,97,0.00,0.00,0,0
1508291770,s2-eth2,0.00,0.00,0.00,0,0,0.00,0.00,0.00,0,0,0.00,0.00,0,0
1508291770,s2-eth1,0.00,0.00,0.00,0,0,0.00,0.00,0.00,0,0,0.00,0.00,0,0
1508291770,lo,0.00,0.00,0.00,0,0,0.00,0.00,0.00,0,0,0.00,0.00,0,0
1508291770,total,250372.00,247410.00,497782.00,247410,250372,192.00,191.00,383.00,191,192,0.00,0.00,0,0
1508291771,s1,0.00,0.00,0.00,0,0,0.00,0.00,0.00,0,0,0.00,0.00,0,0
1508291771,eth0,0.00,0.00,0.00,0,0,0.00,0.00,0.00,0,0,0.00,0.00,0,0
1508291771,s2,0.00,0.00,0.00,0,0,0.00,0.00,0.00,0,0,0.00,0.00,0,0
1508291771,s1-eth2,6312.00,248218.00,254530.00,248218,6312,92.00,97.00,189.00,97,92,0.00,0.00,0,0
1508291771,s1-eth1,246704.00,6312.00,253016.00,6312,246704,96.00,92.00,188.00,92,96,0.00,0.00,0,0
1508291771,s2-eth2,0.00,0.00,0.00,0,0,0.00,0.00,0.00,0,0,0.00,0.00,0,0
1508291771,s2-eth1,0.00,0.00,0.00,0,0,0.00,0.00,0.00,0,0,0.00,0.00,0,0
1508291771,lo,0.00,0.00,0.00,0,0,0.00,0.00,0.00,0,0,0.00,0.00,0,0
1508291771,total,253016.00,254530.00,507546.00,254530,253016,188.00,189.00,377.00,189,188,0.00,0.00,0,0
1508291772,s1,0.00,0.00,0.00,0,0,0.00,0.00,0.00,0,0,0.00,0.00,0,0
1508291772,eth0,0.00,0.00,0.00,0,0,0.00,0.00,0.00,0,0,0.00,0.00,0,0
1508291772,s2,0.00,0.00,0.00,0,0,0.00,0.00,0.00,0,0,0.00,0.00,0,0
1508291772,s1-eth2,5796.00,252298.00,258094.00,252298,5796,86.00,93.00,179.00,93,86,0.00,0.00,0,0
1508291772,s1-eth1,243412.00,5796.00,249208.00,5796,243412,90.00,86.00,176.00,86,90,0.00,0.00,0,0
1508291772,s2-eth2,0.00,0.00,0.00,0,0,0.00,0.00,0.00,0,0,0.00,0.00,0,0
1508291772,s2-eth1,0.00,0.00,0.00,0,0,0.00,0.00,0.00,0,0,0.00,0.00,0,0
1508291772,lo,172.00,172.00,344.00,172,172,3.00,3.00,6.00,3,3,0.00,0.00,0,0
1508291772,total,249380.00,258266.00,507646.00,258266,249380,179.00,182.00,361.00,182,179,0.00,0.00,0,0
1508291773,s1,0.00,0.00,0.00,0,0,0.00,0.00,0.00,0,0,0.00,0.00,0,0
1508291773,eth0,0.00,0.00,0.00,0,0,0.00,0.00,0.00,0,0,0.00,0.00,0,0
1508291773,s2,0.00,0.00,0.00,0,0,0.00,0.00,0.00,0,0,0.00,0.00,0,0
1508291773,s1-eth2,6197.80,250797.20,256995.02,251048,6204,89.91,95.90,185.81,96,90,0.00,0.00,0,0
1508291773,s1-eth1,247772.23,6197.80,253970.03,6204,248020,93.91,89.91,183.82,90,94,0.00,0.00,0,0
1508291773,s2-eth2,0.00,0.00,0.00,0,0,0.00,0.00,0.00,0,0,0.00,0.00,0,0
1508291773,s2-eth1,0.00,0.00,0.00,0,0,0.00,0.00,0.00,0,0,0.00,0.00,0,0
1508291773,lo,171.83,171.83,343.66,172,172,3.00,3.00,5.99,3,3,0.00,0.00,0,0
1508291773,total,254141.86,257166.84,511308.72,257424,254396,186.81,188.81,375.62,189,187,0.00,0.00,0,0
1508291774,s1,0.00,0.00,0.00,0,0,0.00,0.00,0.00,0,0,0.00,0.00,0,0
1508291774,eth0,0.00,0.00,0.00,0,0,0.00,0.00,0.00,0,0,0.00,0.00,0,0
1508291774,s2,0.00,0.00,0.00,0,0,0.00,0.00,0.00,0,0,0.00,0.00,0,0
1508291774,s1-eth2,5916.00,255128.00,261044.00,255128,5916,88.00,92.00,180.00,92,88,0.00,0.00,0,0
1508291774,s1-eth1,244794.00,5916.00,250710.00,5916,244794,89.00,88.00,177.00,88,89,0.00,0.00,0,0
1508291774,s2-eth2,107.00,0.00,107.00,0,107,1.00,0.00,1.00,0,1,0.00,0.00,0,0
1508291774,s2-eth1,0.00,0.00,0.00,0,0,0.00,0.00,0.00,0,0,0.00,0.00,0,0
1508291774,lo,0.00,0.00,0.00,0,0,0.00,0.00,0.00,0,0,0.00,0.00,0,0
1508291774,total,250817.00,261044.00,511861.00,261044,250817,178.00,180.00,358.00,180,178,0.00,0.00,0,0
1508291775,s1,0.00,0.00,0.00,0,0,0.00,0.00,0.00,0,0,0.00,0.00,0,0
1508291775,eth0,0.00,0.00,0.00,0,0,0.00,0.00,0.00,0,0,0.00,0.00,0,0
1508291775,s2,0.00,0.00,0.00,0,0,0.00,0.00,0.00,0,0,0.00,0.00,0,0
1508291775,s1-eth2,5991.00,253944.00,259935.00,253944,5991,87.00,96.00,183.00,96,87,0.00,0.00,0,0
1508291775,s1-eth1,243993.00,5884.00,249877.00,5884,243993,94.00,86.00,180.00,86,94,0.00,0.00,0,0
1508291775,s2-eth2,0.00,0.00,0.00,0,0,0.00,0.00,0.00,0,0,0.00,0.00,0,0
1508291775,s2-eth1,107.00,0.00,107.00,0,107,1.00,0.00,1.00,0,1,0.00,0.00,0,0
1508291775,lo,0.00,0.00,0.00,0,0,0.00,0.00,0.00,0,0,0.00,0.00,0,0
1508291775,total,250091.00,259828.00,509919.00,259828,250091,182.00,182.00,364.00,182,182,0.00,0.00,0,0
1508291776,s1,0.00,0.00,0.00,0,0,0.00,0.00,0.00,0,0,0.00,0.00,0,0
1508291776,eth0,0.00,0.00,0.00,0,0,0.00,0.00,0.00,0,0,0.00,0.00,0,0
1508291776,s2,0.00,0.00,0.00,0,0,0.00,0.00,0.00,0,0,0.00,0.00,0,0
1508291776,s1-eth2,5526.00,251902.00,257428.00,251902,5526,83.00,87.00,170.00,87,83,0.00,0.00,0,0
1508291776,s1-eth1,245978.00,5526.00,251504.00,5526,245978,85.00,83.00,168.00,83,85,0.00,0.00,0,0
1508291776,s2-eth2,0.00,0.00,0.00,0,0,0.00,0.00,0.00,0,0,0.00,0.00,0,0
1508291776,s2-eth1,0.00,0.00,0.00,0,0,0.00,0.00,0.00,0,0,0.00,0.00,0,0
1508291776,lo,0.00,0.00,0.00,0,0,0.00,0.00,0.00,0,0,0.00,0.00,0,0
1508291776,total,251504.00,257428.00,508932.00,257428,251504,168.00,170.00,338.00,170,168,0.00,0.00,0,0
1508291777,s1,0.00,0.00,0.00,0,0,0.00,0.00,0.00,0,0,0.00,0.00,0,0
1508291777,eth0,0.00,0.00,0.00,0,0,0.00,0.00,0.00,0,0,0.00,0.00,0,0
1508291777,s2,0.00,0.00,0.00,0,0,0.00,0.00,0.00,0,0,0.00,0.00,0,0
1508291777,s1-eth2,6618.00,249798.00,256416.00,249798,6618,97.00,99.00,196.00,99,97,0.00,0.00,0,0
1508291777,s1-eth1,240912.00,6618.00,247530.00,6618,240912,96.00,97.00,193.00,97,96,0.00,0.00,0,0
1508291777,s2-eth2,0.00,0.00,0.00,0,0,0.00,0.00,0.00,0,0,0.00,0.00,0,0
1508291777,s2-eth1,0.00,0.00,0.00,0,0,0.00,0.00,0.00,0,0,0.00,0.00,0,0
1508291777,lo,172.00,172.00,344.00,172,172,3.00,3.00,6.00,3,3,0.00,0.00,0,0
1508291777,total,247702.00,256588.00,504290.00,256588,247702,196.00,199.00,395.00,199,196,0.00,0.00,0,0
1508291778,s1,0.00,0.00,0.00,0,0,0.00,0.00,0.00,0,0,0.00,0.00,0,0
1508291778,eth0,0.00,0.00,0.00,0,0,0.00,0.00,0.00,0,0,0.00,0.00,0,0
1508291778,s2,0.00,0.00,0.00,0,0,0.00,0.00,0.00,0,0,0.00,0.00,0,0
1508291778,s1-eth2,6092.00,252298.00,258390.00,252298,6092,86.00,93.00,179.00,93,86,0.00,0.00,0,0
1508291778,s1-eth1,243412.00,5816.00,249228.00,5816,243412,90.00,86.00,176.00,86,90,0.00,0.00,0,0
1508291778,s2-eth2,0.00,0.00,0.00,0,0,0.00,0.00,0.00,0,0,0.00,0.00,0,0
1508291778,s2-eth1,0.00,0.00,0.00,0,0,0.00,0.00,0.00,0,0,0.00,0.00,0,0
1508291778,lo,172.00,172.00,344.00,172,172,3.00,3.00,6.00,3,3,0.00,0.00,0,0
1508291778,total,249676.00,258286.00,507962.00,258286,249676,179.00,182.00,361.00,182,179,0.00,0.00,0,0
1508291779,s1,0.00,0.00,0.00,0,0,0.00,0.00,0.00,0,0,0.00,0.00,0,0
1508291779,eth0,0.00,0.00,0.00,0,0,0.00,0.00,0.00,0,0,0.00,0.00,0,0
1508291779,s2,0.00,0.00,0.00,0,0,0.00,0.00,0.00,0,0,0.00,0.00,0,0
1508291779,s1-eth2,5964.00,258354.00,264318.00,258354,5964,88.00,97.00,185.00,97,88,0.00,0.00,0,0
1508291779,s1-eth1,246506.00,5898.00,252404.00,5898,246506,93.00,87.00,180.00,87,93,0.00,0.00,0,0
1508291779,s2-eth2,0.00,0.00,0.00,0,0,0.00,0.00,0.00,0,0,0.00,0.00,0,0
1508291779,s2-eth1,342.00,0.00,342.00,0,342,1.00,0.00,1.00,0,1,0.00,0.00,0,0
1508291779,lo,0.00,0.00,0.00,0,0,0.00,0.00,0.00,0,0,0.00,0.00,0,0
1508291779,total,252812.00,264252.00,517064.00,264252,252812,182.00,184.00,366.00,184,182,0.00,0.00,0,0
1508291780,s1,0.00,0.00,0.00,0,0,0.00,0.00,0.00,0,0,0.00,0.00,0,0
1508291780,eth0,0.00,0.00,0.00,0,0,0.00,0.00,0.00,0,0,0.00,0.00,0,0
1508291780,s2,0.00,0.00,0.00,0,0,0.00,0.00,0.00,0,0,0.00,0.00,0,0
1508291780,s1-eth2,5592.00,251902.00,257494.00,251902,5592,84.00,87.00,171.00,87,84,0.00,0.00,0,0
1508291780,s1-eth1,243016.00,5592.00,248608.00,5592,243016,84.00,84.00,168.00,84,84,0.00,0.00,0,0
1508291780,s2-eth2,0.00,0.00,0.00,0,0,0.00,0.00,0.00,0,0,0.00,0.00,0,0
1508291780,s2-eth1,0.00,0.00,0.00,0,0,0.00,0.00,0.00,0,0,0.00,0.00,0,0
1508291780,lo,0.00,0.00,0.00,0,0,0.00,0.00,0.00,0,0,0.00,0.00,0,0
1508291780,total,248608.00,257494.00,506102.00,257494,248608,168.00,171.00,339.00,171,168,0.00,0.00,0,0
1508291781,s1,0.00,0.00,0.00,0,0,0.00,0.00,0.00,0,0,0.00,0.00,0,0
1508291781,eth0,0.00,0.00,0.00,0,0,0.00,0.00,0.00,0,0,0.00,0.00,0,0
1508291781,s2,0.00,0.00,0.00,0,0,0.00,0.00,0.00,0,0,0.00,0.00,0,0
1508291781,s1-eth2,5604.00,249072.00,254676.00,249072,5604,84.00,88.00,172.00,88,84,0.00,0.00,0,0
1508291781,s1-eth1,246110.00,5604.00,251714.00,5604,246110,87.00,84.00,171.00,84,87,0.00,0.00,0,0
1508291781,s2-eth2,342.00,0.00,342.00,0,342,1.00,0.00,1.00,0,1,0.00,0.00,0,0
1508291781,s2-eth1,0.00,0.00,0.00,0,0,0.00,0.00,0.00,0,0,0.00,0.00,0,0
1508291781,lo,0.00,0.00,0.00,0,0,0.00,0.00,0.00,0,0,0.00,0.00,0,0
1508291781,total,252056.00,254676.00,506732.00,254676,252056,172.00,172.00,344.00,172,172,0.00,0.00,0,0
1508291782,s1,0.00,0.00,0.00,0,0,0.00,0.00,0.00,0,0,0.00,0.00,0,0
1508291782,eth0,0.00,0.00,0.00,0,0,0.00,0.00,0.00,0,0,0.00,0.00,0,0
1508291782,s2,0.00,0.00,0.00,0,0,0.00,0.00,0.00,0,0,0.00,0.00,0,0
1508291782,s1-eth2,5964.00,250850.00,256814.00,250850,5964,88.00,93.00,181.00,93,88,0.00,0.00,0,0
1508291782,s1-eth1,243412.00,5964.00,249376.00,5964,243412,90.00,88.00,178.00,88,90,0.00,0.00,0,0
1508291782,s2-eth2,0.00,0.00,0.00,0,0,0.00,0.00,0.00,0,0,0.00,0.00,0,0
1508291782,s2-eth1,0.00,0.00,0.00,0,0,0.00,0.00,0.00,0,0,0.00,0.00,0,0
1508291782,lo,172.00,172.00,344.00,172,172,3.00,3.00,6.00,3,3,0.00,0.00,0,0
1508291782,total,249548.00,256986.00,506534.00,256986,249548,181.00,184.00,365.00,184,181,0.00,0.00,0,0
1508291783,s1,0.00,0.00,0.00,0,0,0.00,0.00,0.00,0,0,0.00,0.00,0,0
1508291783,eth0,0.00,0.00,0.00,0,0,0.00,0.00,0.00,0,0,0.00,0.00,0,0
1508291783,s2,0.00,0.00,0.00,0,0,0.00,0.00,0.00,0,0,0.00,0.00,0,0
1508291783,s1-eth2,5784.00,249204.00,254988.00,249204,5784,86.00,90.00,176.00,90,86,0.00,0.00,0,0
1508291783,s1-eth1,246242.00,5850.00,252092.00,5850,246242,89.00,87.00,176.00,87,89,0.00,0.00,0,0
1508291783,s2-eth2,0.00,0.00,0.00,0,0,0.00,0.00,0.00,0,0,0.00,0.00,0,0
1508291783,s2-eth1,0.00,0.00,0.00,0,0,0.00,0.00,0.00,0,0,0.00,0.00,0,0
1508291783,lo,172.00,172.00,344.00,172,172,3.00,3.00,6.00,3,3,0.00,0.00,0,0
1508291783,total,252198.00,255226.00,507424.00,255226,252198,178.00,180.00,358.00,180,178,0.00,0.00,0,0
1508291784,s1,0.00,0.00,0.00,0,0,0.00,0.00,0.00,0,0,0.00,0.00,0,0
1508291784,eth0,0.00,0.00,0.00,0,0,0.00,0.00,0.00,0,0,0.00,0.00,0,0
1508291784,s2,0.00,0.00,0.00,0,0,0.00,0.00,0.00,0,0,0.00,0.00,0,0
1508291784,s1-eth2,5838.00,255062.00,260900.00,255062,5838,87.00,91.00,178.00,91,87,0.00,0.00,0,0
1508291784,s1-eth1,246176.00,5772.00,251948.00,5772,246176,88.00,86.00,174.00,86,88,0.00,0.00,0,0
1508291784,s2-eth2,0.00,0.00,0.00,0,0,0.00,0.00,0.00,0,0,0.00,0.00,0,0
1508291784,s2-eth1,0.00,0.00,0.00,0,0,0.00,0.00,0.00,0,0,0.00,0.00,0,0
1508291784,lo,0.00,0.00,0.00,0,0,0.00,0.00,0.00,0,0,0.00,0.00,0,0
1508291784,total,252014.00,260834.00,512848.00,260834,252014,175.00,177.00,352.00,177,175,0.00,0.00,0,0
1508291785,s1,0.00,0.00,0.00,0,0,0.00,0.00,0.00,0,0,0.00,0.00,0,0
1508291785,eth0,0.00,0.00,0.00,0,0,0.00,0.00,0.00,0,0,0.00,0.00,0,0
1508291785,s2,0.00,0.00,0.00,0,0,0.00,0.00,0.00,0,0,0.00,0.00,0,0
1508291785,s1-eth2,5604.00,252034.00,257638.00,252034,5604,84.00,89.00,173.00,89,84,0.00,0.00,0,0
1508291785,s1-eth1,243148.00,5604.00,248752.00,5604,243148,86.00,84.00,170.00,84,86,0.00,0.00,0,0
1508291785,s2-eth2,0.00,0.00,0.00,0,0,0.00,0.00,0.00,0,0,0.00,0.00,0,0
1508291785,s2-eth1,0.00,0.00,0.00,0,0,0.00,0.00,0.00,0,0,0.00,0.00,0,0
1508291785,lo,0.00,0.00,0.00,0,0,0.00,0.00,0.00,0,0,0.00,0.00,0,0
1508291785,total,248503.50,257380.62,505884.12,257638,248752,169.83,172.83,342.66,173,170,0.00,0.00,0,0
1508291786,s1,0.00,0.00,0.00,0,0,0.00,0.00,0.00,0,0,0.00,0.00,0,0
1508291786,eth0,0.00,0.00,0.00,0,0,0.00,0.00,0.00,0,0,0.00,0.00,0,0
1508291786,s2,0.00,0.00,0.00,0,0,0.00,0.00,0.00,0,0,0.00,0.00,0,0
1508291786,s1-eth2,5604.00,246110.00,251714.00,246110,5604,84.00,87.00,171.00,87,84,0.00,0.00,0,0
1508291786,s1-eth1,246110.00,5604.00,251714.00,5604,246110,87.00,84.00,171.00,84,87,0.00,0.00,0,0
1508291786,s2-eth2,0.00,0.00,0.00,0,0,0.00,0.00,0.00,0,0,0.00,0.00,0,0
1508291786,s2-eth1,0.00,0.00,0.00,0,0,0.00,0.00,0.00,0,0,0.00,0.00,0,0
1508291786,lo,0.00,0.00,0.00,0,0,0.00,0.00,0.00,0,0,0.00,0.00,0,0
1508291786,total,251714.00,251714.00,503428.00,251714,251714,171.00,171.00,342.00,171,171,0.00,0.00,0,0
1508291787,s1,0.00,0.00,0.00,0,0,0.00,0.00,0.00,0,0,0.00,0.00,0,0
1508291787,eth0,0.00,0.00,0.00,0,0,0.00,0.00,0.00,0,0,0.00,0.00,0,0
1508291787,s2,0.00,0.00,0.00,0,0,0.00,0.00,0.00,0,0,0.00,0.00,0,0
1508291787,s1-eth2,5976.00,246506.00,252482.00,246506,5976,88.00,93.00,181.00,93,88,0.00,0.00,0,0
1508291787,s1-eth1,243478.00,5976.00,249454.00,5976,243478,91.00,88.00,179.00,88,91,0.00,0.00,0,0
1508291787,s2-eth2,0.00,0.00,0.00,0,0,0.00,0.00,0.00,0,0,0.00,0.00,0,0
1508291787,s2-eth1,0.00,0.00,0.00,0,0,0.00,0.00,0.00,0,0,0.00,0.00,0,0
1508291787,lo,172.00,172.00,344.00,172,172,3.00,3.00,6.00,3,3,0.00,0.00,0,0
1508291787,total,249626.00,252654.00,502280.00,252654,249626,182.00,184.00,366.00,184,182,0.00,0.00,0,0
1508291788,s1,0.00,0.00,0.00,0,0,0.00,0.00,0.00,0,0,0.00,0.00,0,0
1508291788,eth0,0.00,0.00,0.00,0,0,0.00,0.00,0.00,0,0,0.00,0.00,0,0
1508291788,s2,0.00,0.00,0.00,0,0,0.00,0.00,0.00,0,0,0.00,0.00,0,0
1508291788,s1-eth2,5934.07,251980.03,257914.09,252232,5940,87.91,91.91,179.82,92,88,0.00,0.00,0,0
1508291788,s1-eth1,244825.19,5934.07,250759.25,5940,245070,88.91,87.91,176.82,88,89,0.00,0.00,0,0
1508291788,s2-eth2,0.00,0.00,0.00,0,0,0.00,0.00,0.00,0,0,0.00,0.00,0,0
1508291788,s2-eth1,341.66,0.00,341.66,0,342,1.00,0.00,1.00,0,1,0.00,0.00,0,0
1508291788,lo,171.83,171.83,343.66,172,172,3.00,3.00,5.99,3,3,0.00,0.00,0,0
1508291788,total,251272.73,258085.92,509358.66,258344,251524,180.82,182.82,363.64,183,181,0.00,0.00,0,0
1508291789,s1,0.00,0.00,0.00,0,0,0.00,0.00,0.00,0,0,0.00,0.00,0,0
1508291789,eth0,0.00,0.00,0.00,0,0,0.00,0.00,0.00,0,0,0.00,0.00,0,0
1508291789,s2,0.00,0.00,0.00,0,0,0.00,0.00,0.00,0,0,0.00,0.00,0,0
1508291789,s1-eth2,5424.00,253284.00,258708.00,253284,5424,82.00,86.00,168.00,86,82,0.00,0.00,0,0
1508291789,s1-eth1,247492.00,5424.00,252916.00,5424,247492,86.00,82.00,168.00,82,86,0.00,0.00,0,0
1508291789,s2-eth2,0.00,0.00,0.00,0,0,0.00,0.00,0.00,0,0,0.00,0.00,0,0
1508291789,s2-eth1,0.00,0.00,0.00,0,0,0.00,0.00,0.00,0,0,0.00,0.00,0,0
1508291789,lo,0.00,0.00,0.00,0,0,0.00,0.00,0.00,0,0,0.00,0.00,0,0
1508291789,total,252916.00,258708.00,511624.00,258708,252916,168.00,168.00,336.00,168,168,0.00,0.00,0,0
1508291790,s1,0.00,0.00,0.00,0,0,0.00,0.00,0.00,0,0,0.00,0.00,0,0
1508291790,eth0,0.00,0.00,0.00,0,0,0.00,0.00,0.00,0,0,0.00,0.00,0,0
1508291790,s2,0.00,0.00,0.00,0,0,0.00,0.00,0.00,0,0,0.00,0.00,0,0
1508291790,s1-eth2,5346.00,251770.00,257116.00,251770,5346,81.00,85.00,166.00,85,81,0.00,0.00,0,0
1508291790,s1-eth1,242884.00,5346.00,248230.00,5346,242884,82.00,81.00,163.00,81,82,0.00,0.00,0,0
1508291790,s2-eth2,107.00,0.00,107.00,0,107,1.00,0.00,1.00,0,1,0.00,0.00,0,0
1508291790,s2-eth1,0.00,0.00,0.00,0,0,0.00,0.00,0.00,0,0,0.00,0.00,0,0
1508291790,lo,0.00,0.00,0.00,0,0,0.00,0.00,0.00,0,0,0.00,0.00,0,0
1508291790,total,248337.00,257116.00,505453.00,257116,248337,164.00,166.00,330.00,166,164,0.00,0.00,0,0
1508291791,s1,0.00,0.00,0.00,0,0,0.00,0.00,0.00,0,0,0.00,0.00,0,0
1508291791,eth0,0.00,0.00,0.00,0,0,0.00,0.00,0.00,0,0,0.00,0.00,0,0
1508291791,s2,0.00,0.00,0.00,0,0,0.00,0.00,0.00,0,0,0.00,0.00,0,0
1508291791,s1-eth2,6076.92,241920.09,247997.02,242162,6083,88.91,92.91,181.82,93,89,0.00,0.00,0,0
1508291791,s1-eth1,244722.28,5970.03,250692.31,5976,244967,90.91,87.91,178.82,88,91,0.00,0.00,0,0
1508291791,s2-eth2,0.00,0.00,0.00,0,0,0.00,0.00,0.00,0,0,0.00,0.00,0,0
1508291791,s2-eth1,106.89,0.00,106.89,0,107,1.00,0.00,1.00,0,1,0.00,0.00,0,0
1508291791,lo,0.00,0.00,0.00,0,0,0.00,0.00,0.00,0,0,0.00,0.00,0,0
1508291791,total,250906.09,247890.11,498796.22,248138,251157,180.82,180.82,361.64,181,181,0.00,0.00,0,0
1508291792,s1,0.00,0.00,0.00,0,0,0.00,0.00,0.00,0,0,0.00,0.00,0,0
1508291792,eth0,0.00,0.00,0.00,0,0,0.00,0.00,0.00,0,0,0.00,0.00,0,0
1508291792,s2,0.00,0.00,0.00,0,0,0.00,0.00,0.00,0,0,0.00,0.00,0,0
1508291792,s1-eth2,6696.00,250850.00,257546.00,250850,6696,94.00,93.00,187.00,93,94,0.00,0.00,0,0
1508291792,s1-eth1,245124.00,6354.00,251478.00,6354,245124,94.00,93.00,187.00,93,94,0.00,0.00,0,0
1508291792,s2-eth2,0.00,0.00,0.00,0,0,0.00,0.00,0.00,0,0,0.00,0.00,0,0
1508291792,s2-eth1,0.00,0.00,0.00,0,0,0.00,0.00,0.00,0,0,0.00,0.00,0,0
1508291792,lo,172.00,172.00,344.00,172,172,3.00,3.00,6.00,3,3,0.00,0.00,0,0
1508291792,total,251992.00,257376.00,509368.00,257376,251992,191.00,189.00,380.00,189,191,0.00,0.00,0,0
1508291793,s1,0.00,0.00,0.00,0,0,0.00,0.00,0.00,0,0,0.00,0.00,0,0
1508291793,eth0,0.00,0.00,0.00,0,0,0.00,0.00,0.00,0,0,0.00,0.00,0,0
1508291793,s2,0.00,0.00,0.00,0,0,0.00,0.00,0.00,0,0,0.00,0.00,0,0
1508291793,s1-eth2,5802.00,249072.00,254874.00,249072,5802,87.00,88.00,175.00,88,87,0.00,0.00,0,0
1508291793,s1-eth1,246110.00,5802.00,251912.00,5802,246110,87.00,87.00,174.00,87,87,0.00,0.00,0,0
1508291793,s2-eth2,0.00,0.00,0.00,0,0,0.00,0.00,0.00,0,0,0.00,0.00,0,0
1508291793,s2-eth1,0.00,0.00,0.00,0,0,0.00,0.00,0.00,0,0,0.00,0.00,0,0
1508291793,lo,172.00,172.00,344.00,172,172,3.00,3.00,6.00,3,3,0.00,0.00,0,0
1508291793,total,252084.00,255046.00,507130.00,255046,252084,177.00,178.00,355.00,178,177,0.00,0.00,0,0
1508291794,s1,0.00,0.00,0.00,0,0,0.00,0.00,0.00,0,0,0.00,0.00,0,0
1508291794,eth0,0.00,0.00,0.00,0,0,0.00,0.00,0.00,0,0,0.00,0.00,0,0
1508291794,s2,0.00,0.00,0.00,0,0,0.00,0.00,0.00,0,0,0.00,0.00,0,0
1508291794,s1-eth2,6330.00,249600.00,255930.00,249600,6330,93.00,96.00,189.00,96,93,0.00,0.00,0,0
1508291794,s1-eth1,246638.00,6330.00,252968.00,6330,246638,95.00,93.00,188.00,93,95,0.00,0.00,0,0
1508291794,s2-eth2,0.00,0.00,0.00,0,0,0.00,0.00,0.00,0,0,0.00,0.00,0,0
1508291794,s2-eth1,0.00,0.00,0.00,0,0,0.00,0.00,0.00,0,0,0.00,0.00,0,0
1508291794,lo,0.00,0.00,0.00,0,0,0.00,0.00,0.00,0,0,0.00,0.00,0,0
1508291794,total,252968.00,255930.00,508898.00,255930,252968,188.00,189.00,377.00,189,188,0.00,0.00,0,0
1508291795,s1,0.00,0.00,0.00,0,0,0.00,0.00,0.00,0,0,0.00,0.00,0,0
1508291795,eth0,0.00,86.00,86.00,86,0,0.00,1.00,1.00,1,0,0.00,0.00,0,0
1508291795,s2,0.00,0.00,0.00,0,0,0.00,0.00,0.00,0,0,0.00,0.00,0,0
1508291795,s1-eth2,5784.00,258090.00,263874.00,258090,5784,86.00,93.00,179.00,93,86,0.00,0.00,0,0
1508291795,s1-eth1,243280.00,5784.00,249064.00,5784,243280,88.00,86.00,174.00,86,88,0.00,0.00,0,0
1508291795,s2-eth2,0.00,0.00,0.00,0,0,0.00,0.00,0.00,0,0,0.00,0.00,0,0
1508291795,s2-eth1,0.00,0.00,0.00,0,0,0.00,0.00,0.00,0,0,0.00,0.00,0,0
1508291795,lo,0.00,0.00,0.00,0,0,0.00,0.00,0.00,0,0,0.00,0.00,0,0
1508291795,total,249064.00,263960.00,513024.00,263960,249064,174.00,180.00,354.00,180,174,0.00,0.00,0,0
1508291796,s1,0.00,0.00,0.00,0,0,0.00,0.00,0.00,0,0,0.00,0.00,0,0
1508291796,eth0,107.00,0.00,107.00,0,107,1.00,0.00,1.00,0,1,0.00,0.00,0,0
1508291796,s2,0.00,0.00,0.00,0,0,0.00,0.00,0.00,0,0,0.00,0.00,0,0
1508291796,s1-eth2,5592.00,249006.00,254598.00,249006,5592,84.00,87.00,171.00,87,84,0.00,0.00,0,0
1508291796,s1-eth1,246044.00,5592.00,251636.00,5592,246044,86.00,84.00,170.00,84,86,0.00,0.00,0,0
1508291796,s2-eth2,0.00,0.00,0.00,0,0,0.00,0.00,0.00,0,0,0.00,0.00,0,0
1508291796,s2-eth1,0.00,0.00,0.00,0,0,0.00,0.00,0.00,0,0,0.00,0.00,0,0
1508291796,lo,0.00,0.00,0.00,0,0,0.00,0.00,0.00,0,0,0.00,0.00,0,0
1508291796,total,251240.53,254089.83,505330.34,254598,251743,170.66,170.66,341.32,171,171,0.00,0.00,0,0
1508291797,s1,0.00,0.00,0.00,0,0,0.00,0.00,0.00,0,0,0.00,0.00,0,0
1508291797,eth0,86.91,0.00,86.91,0,87,1.00,0.00,1.00,0,1,0.00,0.00,0,0
1508291797,s2,0.00,0.00,0.00,0,0,0.00,0.00,0.00,0,0,0.00,0.00,0,0
1508291797,s1-eth2,4993.01,199046.95,204039.97,199246,4998,72.93,78.92,151.85,79,73,0.00,0.00,0,0
1508291797,s1-eth1,190103.91,4993.01,195096.91,4998,190294,74.93,72.93,147.85,73,75,0.00,0.00,0,0
1508291797,s2-eth2,0.00,0.00,0.00,0,0,0.00,0.00,0.00,0,0,0.00,0.00,0,0
1508291797,s2-eth1,0.00,0.00,0.00,0,0,0.00,0.00,0.00,0,0,0.00,0.00,0,0
1508291797,lo,172.00,172.00,344.00,172,172,3.00,3.00,6.00,3,3,0.00,0.00,0,0
1508291797,total,195551.00,204416.00,399967.00,204416,195551,152.00,155.00,307.00,155,152,0.00,0.00,0,0
1508291798,s1,0.00,0.00,0.00,0,0,0.00,0.00,0.00,0,0,0.00,0.00,0,0
1508291798,eth0,0.00,0.00,0.00,0,0,0.00,0.00,0.00,0,0,0.00,0.00,0,0
1508291798,s2,0.00,0.00,0.00,0,0,0.00,0.00,0.00,0,0,0.00,0.00,0,0
1508291798,s1-eth2,6251.75,255202.80,261454.55,255458,6258,92.91,96.90,189.81,97,93,0.00,0.00,0,0
1508291798,s1-eth1,246325.69,6251.75,252577.42,6258,246572,93.91,92.91,186.81,93,94,0.00,0.00,0,0
1508291798,s2-eth2,0.00,0.00,0.00,0,0,0.00,0.00,0.00,0,0,0.00,0.00,0,0
1508291798,s2-eth1,0.00,0.00,0.00,0,0,0.00,0.00,0.00,0,0,0.00,0.00,0,0
1508291798,lo,171.83,171.83,343.66,172,172,3.00,3.00,5.99,3,3,0.00,0.00,0,0
1508291798,total,252749.25,261626.38,514375.62,261888,253002,189.81,192.81,382.62,193,190,0.00,0.00,0,0
1508291799,s1,0.00,0.00,0.00,0,0,0.00,0.00,0.00,0,0,0.00,0.00,0,0
1508291799,eth0,0.00,0.00,0.00,0,0,0.00,0.00,0.00,0,0,0.00,0.00,0,0
1508291799,s2,0.00,0.00,0.00,0,0,0.00,0.00,0.00,0,0,0.00,0.00,0,0
1508291799,s1-eth2,5850.00,256708.00,262558.00,256708,5850,87.00,94.00,181.00,94,87,0.00,0.00,0,0
1508291799,s1-eth1,243346.00,5850.00,249196.00,5850,243346,89.00,87.00,176.00,87,89,0.00,0.00,0,0
1508291799,s2-eth2,342.00,0.00,342.00,0,342,1.00,0.00,1.00,0,1,0.00,0.00,0,0
1508291799,s2-eth1,0.00,0.00,0.00,0,0,0.00,0.00,0.00,0,0,0.00,0.00,0,0
1508291799,lo,0.00,0.00,0.00,0,0,0.00,0.00,0.00,0,0,0.00,0.00,0,0
1508291799,total,249538.00,262558.00,512096.00,262558,249538,177.00,181.00,358.00,181,177,0.00,0.00,0,0
1508291800,s1,0.00,0.00,0.00,0,0,0.00,0.00,0.00,0,0,0.00,0.00,0,0
1508291800,eth0,0.00,0.00,0.00,0,0,0.00,0.00,0.00,0,0,0.00,0.00,0,0
1508291800,s2,0.00,0.00,0.00,0,0,0.00,0.00,0.00,0,0,0.00,0.00,0,0
1508291800,s1-eth2,5934.00,249468.00,255402.00,249468,5934,87.00,94.00,181.00,94,87,0.00,0.00,0,0
1508291800,s1-eth1,246440.00,6000.00,252440.00,6000,246440,92.00,88.00,180.00,88,92,0.00,0.00,0,0
1508291800,s2-eth2,0.00,0.00,0.00,0,0,0.00,0.00,0.00,0,0,0.00,0.00,0,0
1508291800,s2-eth1,342.00,0.00,342.00,0,342,1.00,0.00,1.00,0,1,0.00,0.00,0,0
1508291800,lo,0.00,0.00,0.00,0,0,0.00,0.00,0.00,0,0,0.00,0.00,0,0
1508291800,total,252716.00,255468.00,508184.00,255468,252716,180.00,182.00,362.00,182,180,0.00,0.00,0,0
1508291801,s1,0.00,0.00,0.00,0,0,0.00,0.00,0.00,0,0,0.00,0.00,0,0
1508291801,eth0,0.00,0.00,0.00,0,0,0.00,0.00,0.00,0,0,0.00,0.00,0,0
1508291801,s2,0.00,0.00,0.00,0,0,0.00,0.00,0.00,0,0,0.00,0.00,0,0
1508291801,s1-eth2,5778.22,251914.09,257692.31,252166,5784,85.91,90.91,176.82,91,86,0.00,0.00,0,0
1508291801,s1-eth1,245996.02,5712.29,251708.30,5718,246242,88.91,84.92,173.83,85,89,0.00,0.00,0,0
1508291801,s2-eth2,0.00,0.00,0.00,0,0,0.00,0.00,0.00,0,0,0.00,0.00,0,0
1508291801,s2-eth1,0.00,0.00,0.00,0,0,0.00,0.00,0.00,0,0,0.00,0.00,0,0
1508291801,lo,0.00,0.00,0.00,0,0,0.00,0.00,0.00,0,0,0.00,0.00,0,0
1508291801,total,251774.23,257626.38,509400.62,257884,252026,174.83,175.82,350.65,176,175,0.00,0.00,0,0
1508291802,s1,0.00,0.00,0.00,0,0,0.00,0.00,0.00,0,0,0.00,0.00,0,0
1508291802,eth0,0.00,0.00,0.00,0,0,0.00,0.00,0.00,0,0,0.00,0.00,0,0
1508291802,s2,0.00,0.00,0.00,0,0,0.00,0.00,0.00,0,0,0.00,0.00,0,0
1508291802,s1-eth2,5874.00,252232.00,258106.00,252232,5874,87.00,92.00,179.00,92,87,0.00,0.00,0,0
1508291802,s1-eth1,243346.00,5874.00,249220.00,5874,243346,89.00,87.00,176.00,87,89,0.00,0.00,0,0
1508291802,s2-eth2,0.00,0.00,0.00,0,0,0.00,0.00,0.00,0,0,0.00,0.00,0,0
1508291802,s2-eth1,0.00,0.00,0.00,0,0,0.00,0.00,0.00,0,0,0.00,0.00,0,0
1508291802,lo,172.00,172.00,344.00,172,172,3.00,3.00,6.00,3,3,0.00,0.00,0,0
1508291802,total,249392.00,258278.00,507670.00,258278,249392,179.00,182.00,361.00,182,179,0.00,0.00,0,0
1508291803,s1,0.00,0.00,0.00,0,0,0.00,0.00,0.00,0,0,0.00,0.00,0,0
1508291803,eth0,0.00,0.00,0.00,0,0,0.00,0.00,0.00,0,0,0.00,0.00,0,0
1508291803,s2,0.00,0.00,0.00,0,0,0.00,0.00,0.00,0,0,0.00,0.00,0,0
1508291803,s1-eth2,5484.00,249138.00,254622.00,249138,5484,82.00,89.00,171.00,89,82,0.00,0.00,0,0
1508291803,s1-eth1,246176.00,5484.00,251660.00,5484,246176,88.00,82.00,170.00,82,88,0.00,0.00,0,0
1508291803,s2-eth2,0.00,0.00,0.00,0,0,0.00,0.00,0.00,0,0,0.00,0.00,0,0
1508291803,s2-eth1,0.00,0.00,0.00,0,0,0.00,0.00,0.00,0,0,0.00,0.00,0,0
1508291803,lo,172.00,172.00,344.00,172,172,3.00,3.00,6.00,3,3,0.00,0.00,0,0
1508291803,total,251832.00,254794.00,506626.00,254794,251832,173.00,174.00,347.00,174,173,0.00,0.00,0,0
1508291804,s1,0.00,0.00,0.00,0,0,0.00,0.00,0.00,0,0,0.00,0.00,0,0
1508291804,eth0,0.00,0.00,0.00,0,0,0.00,0.00,0.00,0,0,0.00,0.00,0,0
1508291804,s2,0.00,0.00,0.00,0,0,0.00,0.00,0.00,0,0,0.00,0.00,0,0
1508291804,s1-eth2,6108.00,258354.00,264462.00,258354,6108,90.00,97.00,187.00,97,90,0.00,0.00,0,0
1508291804,s1-eth1,243544.00,6108.00,249652.00,6108,243544,92.00,90.00,182.00,90,92,0.00,0.00,0,0
1508291804,s2-eth2,0.00,0.00,0.00,0,0,0.00,0.00,0.00,0,0,0.00,0.00,0,0
1508291804,s2-eth1,0.00,0.00,0.00,0,0,0.00,0.00,0.00,0,0,0.00,0.00,0,0
1508291804,lo,0.00,0.00,0.00,0,0,0.00,0.00,0.00,0,0,0.00,0.00,0,0
1508291804,total,249652.00,264462.00,514114.00,264462,249652,182.00,187.00,369.00,187,182,0.00,0.00,0,0
1508291805,s1,0.00,0.00,0.00,0,0,0.00,0.00,0.00,0,0,0.00,0.00,0,0
1508291805,eth0,0.00,0.00,0.00,0,0,0.00,0.00,0.00,0,0,0.00,0.00,0,0
1508291805,s2,0.00,0.00,0.00,0,0,0.00,0.00,0.00,0,0,0.00,0.00,0,0
1508291805,s1-eth2,5760.00,249138.00,254898.00,249138,5760,86.00,89.00,175.00,89,86,0.00,0.00,0,0
1508291805,s1-eth1,246176.00,5760.00,251936.00,5760,246176,88.00,86.00,174.00,86,88,0.00,0.00,0,0
1508291805,s2-eth2,0.00,0.00,0.00,0,0,0.00,0.00,0.00,0,0,0.00,0.00,0,0
1508291805,s2-eth1,0.00,0.00,0.00,0,0,0.00,0.00,0.00,0,0,0.00,0.00,0,0
1508291805,lo,0.00,0.00,0.00,0,0,0.00,0.00,0.00,0,0,0.00,0.00,0,0
1508291805,total,251936.00,254898.00,506834.00,254898,251936,174.00,175.00,349.00,175,174,0.00,0.00,0,0
1508291806,s1,0.00,0.00,0.00,0,0,0.00,0.00,0.00,0,0,0.00,0.00,0,0
1508291806,eth0,880.00,951.00,1831.00,951,880,10.00,8.00,18.00,8,10,0.00,0.00,0,0
1508291806,s2,0.00,0.00,0.00,0,0,0.00,0.00,0.00,0,0,0.00,0.00,0,0
1508291806,s1-eth2,5900.00,254864.00,260764.00,254864,5900,84.00,88.00,172.00,88,84,0.00,0.00,0,0
1508291806,s1-eth1,246430.00,5448.00,251878.00,5448,246430,87.00,82.00,169.00,82,87,0.00,0.00,0,0
1508291806,s2-eth2,452.00,0.00,452.00,0,452,2.00,0.00,2.00,0,2,0.00,0.00,0,0
1508291806,s2-eth1,452.00,0.00,452.00,0,452,2.00,0.00,2.00,0,2,0.00,0.00,0,0
1508291806,lo,1023.00,1023.00,2046.00,1023,1023,12.00,12.00,24.00,12,12,0.00,0.00,0,0
1508291806,total,255137.00,262286.00,517423.00,262286,255137,197.00,190.00,387.00,190,197,0.00,0.00,0,0
1508291807,s1,0.00,0.00,0.00,0,0,0.00,0.00,0.00,0,0,0.00,0.00,0,0
1508291807,eth0,304.00,471.00,775.00,471,304,4.00,4.00,8.00,4,4,0.00,0.00,0,0
1508291807,s2,0.00,0.00,0.00,0,0,0.00,0.00,0.00,0,0,0.00,0.00,0,0
1508291807,s1-eth2,6506.00,249468.00,255974.00,249468,6506,95.00,94.00,189.00,94,95,0.00,0.00,0,0
1508291807,s1-eth1,243732.00,6318.00,250050.00,6318,243732,94.00,93.00,187.00,93,94,0.00,0.00,0,0
1508291807,s2-eth2,188.00,0.00,188.00,0,188,2.00,0.00,2.00,0,2,0.00,0.00,0,0
1508291807,s2-eth1,188.00,0.00,188.00,0,188,2.00,0.00,2.00,0,2,0.00,0.00,0,0
1508291807,lo,731.00,731.00,1462.00,731,731,10.00,10.00,20.00,10,10,0.00,0.00,0,0
1508291807,total,251649.00,256988.00,508637.00,256988,251649,207.00,201.00,408.00,201,207,0.00,0.00,0,0
1508291808,s1,0.00,0.00,0.00,0,0,0.00,0.00,0.00,0,0,0.00,0.00,0,0
1508291808,eth0,456.00,932.00,1388.00,932,456,6.00,8.00,14.00,8,6,0.00,0.00,0,0
1508291808,s2,0.00,0.00,0.00,0,0,0.00,0.00,0.00,0,0,0.00,0.00,0,0
1508291808,s1-eth2,7231.00,255128.00,262359.00,255128,7231,92.00,92.00,184.00,92,92,0.00,0.00,0,0
1508291808,s1-eth1,245386.00,5718.00,251104.00,5718,245386,99.00,85.00,184.00,85,99,0.00,0.00,0,0
1508291808,s2-eth2,1434.00,0.00,1434.00,0,1434,9.00,0.00,9.00,0,9,0.00,0.00,0,0
1508291808,s2-eth1,1779.00,0.00,1779.00,0,1779,10.00,0.00,10.00,0,10,0.00,0.00,0,0
1508291808,lo,1318.00,1318.00,2636.00,1318,1318,16.00,16.00,32.00,16,16,0.00,0.00,0,0
1508291808,total,257604.00,263096.00,520700.00,263096,257604,232.00,201.00,433.00,201,232,0.00,0.00,0,0
1508291809,s1,0.00,0.00,0.00,0,0,0.00,0.00,0.00,0,0,0.00,0.00,0,0
1508291809,eth0,151.85,244.76,396.60,245,152,2.00,2.00,4.00,2,2,0.00,0.00,0,0
1508291809,s2,0.00,0.00,0.00,0,0,0.00,0.00,0.00,0,0,0.00,0.00,0,0
1508291809,s1-eth2,6556.44,251980.03,258536.47,252232,6563,89.91,91.91,181.82,92,90,0.00,0.00,0,0
1508291809,s1-eth1,243723.28,5670.33,249393.61,5676,243967,91.91,83.92,175.82,84,92,0.00,0.00,0,0
1508291809,s2-eth2,1306.69,0.00,1306.69,0,1308,5.00,0.00,5.00,0,5,0.00,0.00,0,0
1508291809,s2-eth1,962.04,0.00,962.04,0,963,4.00,0.00,4.00,0,4,0.00,0.00,0,0
1508291809,lo,340.66,340.66,681.32,341,341,4.00,4.00,7.99,4,4,0.00,0.00,0,0
1508291809,total,253040.97,258235.77,511276.75,258494,253294,196.80,181.82,378.62,182,197,0.00,0.00,0,0
1508291810,s1,0.00,0.00,0.00,0,0,0.00,0.00,0.00,0,0,0.00,0.00,0,0
1508291810,eth0,0.00,0.00,0.00,0,0,0.00,0.00,0.00,0,0,0.00,0.00,0,0
1508291810,s2,0.00,0.00,0.00,0,0,0.00,0.00,0.00,0,0,0.00,0.00,0,0
1508291810,s1-eth2,6321.00,252166.00,258487.00,252166,6321,86.00,91.00,177.00,91,86,0.00,0.00,0,0
1508291810,s1-eth1,246518.00,5652.00,252170.00,5652,246518,89.00,84.00,173.00,84,89,0.00,0.00,0,0
1508291810,s2-eth2,327.00,0.00,327.00,0,327,1.00,0.00,1.00,0,1,0.00,0.00,0,0
1508291810,s2-eth1,327.00,0.00,327.00,0,327,1.00,0.00,1.00,0,1,0.00,0.00,0,0
1508291810,lo,0.00,0.00,0.00,0,0,0.00,0.00,0.00,0,0,0.00,0.00,0,0
1508291810,total,253493.00,257818.00,511311.00,257818,253493,177.00,175.00,352.00,175,177,0.00,0.00,0,0
1508291811,s1,0.00,0.00,0.00,0,0,0.00,0.00,0.00,0,0,0.00,0.00,0,0
1508291811,eth0,0.00,0.00,0.00,0,0,0.00,0.00,0.00,0,0,0.00,0.00,0,0
1508291811,s2,0.00,0.00,0.00,0,0,0.00,0.00,0.00,0,0,0.00,0.00,0,0
1508291811,s1-eth2,6368.00,256708.00,263076.00,256708,6368,91.00,94.00,185.00,94,91,0.00,0.00,0,0
1508291811,s1-eth1,244113.00,5994.00,250107.00,5994,244113,93.00,89.00,182.00,89,93,0.00,0.00,0,0
1508291811,s2-eth2,374.00,0.00,374.00,0,374,2.00,0.00,2.00,0,2,0.00,0.00,0,0
1508291811,s2-eth1,374.00,0.00,374.00,0,374,2.00,0.00,2.00,0,2,0.00,0.00,0,0
1508291811,lo,0.00,0.00,0.00,0,0,0.00,0.00,0.00,0,0,0.00,0.00,0,0
1508291811,total,251229.00,262702.00,513931.00,262702,251229,188.00,183.00,371.00,183,188,0.00,0.00,0,0
1508291812,s1,0.00,0.00,0.00,0,0,0.00,0.00,0.00,0,0,0.00,0.00,0,0
1508291812,eth0,0.00,118.00,118.00,118,0,0.00,1.00,1.00,1,0,0.00,0.00,0,0
1508291812,s2,0.00,0.00,0.00,0,0,0.00,0.00,0.00,0,0,0.00,0.00,0,0
1508291812,s1-eth2,6481.00,249336.00,255817.00,249336,6481,92.00,92.00,184.00,92,92,0.00,0.00,0,0
1508291812,s1-eth1,246444.00,6084.00,252528.00,6084,246444,92.00,90.00,182.00,90,92,0.00,0.00,0,0
1508291812,s2-eth2,397.00,0.00,397.00,0,397,2.00,0.00,2.00,0,2,0.00,0.00,0,0
1508291812,s2-eth1,397.00,0.00,397.00,0,397,2.00,0.00,2.00,0,2,0.00,0.00,0,0
1508291812,lo,172.00,172.00,344.00,172,172,3.00,3.00,6.00,3,3,0.00,0.00,0,0
1508291812,total,253891.00,255710.00,509601.00,255710,253891,191.00,186.00,377.00,186,191,0.00,0.00,0,0
1508291813,s1,0.00,0.00,0.00,0,0,0.00,0.00,0.00,0,0,0.00,0.00,0,0
1508291813,eth0,60.00,60.00,120.00,60,60,1.00,1.00,2.00,1,1,0.00,0.00,0,0
1508291813,s2,0.00,0.00,0.00,0,0,0.00,0.00,0.00,0,0,0.00,0.00,0,0
1508291813,s1-eth2,5536.00,202472.00,208008.00,202472,5536,76.00,84.00,160.00,84,76,0.00,0.00,0,0
1508291813,s1-eth1,184568.00,5194.00,189762.00,5194,184568,76.00,75.00,151.00,75,76,0.00,0.00,0,0
1508291813,s2-eth2,0.00,0.00,0.00,0,0,0.00,0.00,0.00,0,0,0.00,0.00,0,0
1508291813,s2-eth1,0.00,0.00,0.00,0,0,0.00,0.00,0.00,0,0,0.00,0.00,0,0
1508291813,lo,172.00,172.00,344.00,172,172,3.00,3.00,6.00,3,3,0.00,0.00,0,0
1508291813,total,190336.00,207898.00,398234.00,207898,190336,156.00,163.00,319.00,163,156,0.00,0.00,0,0
1508291814,s1,0.00,0.00,0.00,0,0,0.00,0.00,0.00,0,0,0.00,0.00,0,0
1508291814,eth0,0.00,0.00,0.00,0,0,0.00,0.00,0.00,0,0,0.00,0.00,0,0
1508291814,s2,0.00,0.00,0.00,0,0,0.00,0.00,0.00,0,0,0.00,0.00,0,0
1508291814,s1-eth2,5724.00,256510.00,262234.00,256510,5724,86.00,91.00,177.00,91,86,0.00,0.00,0,0
1508291814,s1-eth1,247690.00,5724.00,253414.00,5724,247690,89.00,86.00,175.00,86,89,0.00,0.00,0,0
1508291814,s2-eth2,0.00,0.00,0.00,0,0,0.00,0.00,0.00,0,0,0.00,0.00,0,0
1508291814,s2-eth1,0.00,0.00,0.00,0,0,0.00,0.00,0.00,0,0,0.00,0.00,0,0
1508291814,lo,0.00,0.00,0.00,0,0,0.00,0.00,0.00,0,0,0.00,0.00,0,0
1508291814,total,253414.00,262234.00,515648.00,262234,253414,175.00,177.00,352.00,177,175,0.00,0.00,0,0
1508291815,s1,0.00,0.00,0.00,0,0,0.00,0.00,0.00,0,0,0.00,0.00,0,0
1508291815,eth0,0.00,0.00,0.00,0,0,0.00,0.00,0.00,0,0,0.00,0.00,0,0
1508291815,s2,0.00,0.00,0.00,0,0,0.00,0.00,0.00,0,0,0.00,0.00,0,0
1508291815,s1-eth2,5771.23,251782.22,257553.45,252034,5777,85.91,88.91,174.83,89,86,0.00,0.00,0,0
1508291815,s1-eth1,243012.00,5664.34,248676.33,5670,243255,86.91,84.92,171.83,85,87,0.00,0.00,0,0
1508291815,s2-eth2,106.89,0.00,106.89,0,107,1.00,0.00,1.00,0,1,0.00,0.00,0,0
1508291815,s2-eth1,106.89,0.00,106.89,0,107,1.00,0.00,1.00,0,1,0.00,0.00,0,0
1508291815,lo,0.00,0.00,0.00,0,0,0.00,0.00,0.00,0,0,0.00,0.00,0,0
1508291815,total,248997.02,257446.56,506443.56,257704,249246,174.83,173.83,348.65,174,175,0.00,0.00,0,0
1508291816,s1,0.00,0.00,0.00,0,0,0.00,0.00,0.00,0,0,0.00,0.00,0,0
1508291816,eth0,0.00,0.00,0.00,0,0,0.00,0.00,0.00,0,0,0.00,0.00,0,0
1508291816,s2,0.00,0.00,0.00,0,0,0.00,0.00,0.00,0,0,0.00,0.00,0,0
1508291816,s1-eth2,6244.00,249510.00,255754.00,249510,6244,92.00,95.00,187.00,95,92,0.00,0.00,0,0
1508291816,s1-eth1,246618.00,6174.00,252792.00,6174,246618,95.00,91.00,186.00,91,95,0.00,0.00,0,0
1508291816,s2-eth2,412.00,0.00,412.00,0,412,2.00,0.00,2.00,0,2,0.00,0.00,0,0
1508291816,s2-eth1,412.00,0.00,412.00,0,412,2.00,0.00,2.00,0,2,0.00,0.00,0,0
1508291816,lo,296.00,296.00,592.00,296,296,3.00,3.00,6.00,3,3,0.00,0.00,0,0
1508291816,total,253982.00,255980.00,509962.00,255980,253982,194.00,189.00,383.00,189,194,0.00,0.00,0,0
1508291817,s1,0.00,0.00,0.00,0,0,0.00,0.00,0.00,0,0,0.00,0.00,0,0
1508291817,eth0,0.00,0.00,0.00,0,0,0.00,0.00,0.00,0,0,0.00,0.00,0,0
1508291817,s2,0.00,0.00,0.00,0,0,0.00,0.00,0.00,0,0,0.00,0.00,0,0
1508291817,s1-eth2,5934.00,251968.00,257902.00,251968,5934,85.00,88.00,173.00,88,85,0.00,0.00,0,0
1508291817,s1-eth1,243424.00,5592.00,249016.00,5592,243424,86.00,84.00,170.00,84,86,0.00,0.00,0,0
1508291817,s2-eth2,0.00,0.00,0.00,0,0,0.00,0.00,0.00,0,0,0.00,0.00,0,0
1508291817,s2-eth1,0.00,0.00,0.00,0,0,0.00,0.00,0.00,0,0,0.00,0.00,0,0
1508291817,lo,172.00,172.00,344.00,172,172,3.00,3.00,6.00,3,3,0.00,0.00,0,0
1508291817,total,249530.00,257732.00,507262.00,257732,249530,174.00,175.00,349.00,175,174,0.00,0.00,0,0
1508291818,s1,0.00,0.00,0.00,0,0,0.00,0.00,0.00,0,0,0.00,0.00,0,0
1508291818,eth0,0.00,0.00,0.00,0,0,0.00,0.00,0.00,0,0,0.00,0.00,0,0
1508291818,s2,0.00,0.00,0.00,0,0,0.00,0.00,0.00,0,0,0.00,0.00,0,0
1508291818,s1-eth2,5418.00,246110.00,251528.00,246110,5418,81.00,87.00,168.00,87,81,0.00,0.00,0,0
1508291818,s1-eth1,246044.00,5484.00,251528.00,5484,246044,86.00,82.00,168.00,82,86,0.00,0.00,0,0
1508291818,s2-eth2,0.00,0.00,0.00,0,0,0.00,0.00,0.00,0,0,0.00,0.00,0,0
1508291818,s2-eth1,0.00,0.00,0.00,0,0,0.00,0.00,0.00,0,0,0.00,0.00,0,0
1508291818,lo,0.00,0.00,0.00,0,0,0.00,0.00,0.00,0,0,0.00,0.00,0,0
1508291818,total,251462.00,251594.00,503056.00,251594,251462,167.00,169.00,336.00,169,167,0.00,0.00,0,0
1508291819,s1,0.00,0.00,0.00,0,0,0.00,0.00,0.00,0,0,0.00,0.00,0,0
1508291819,eth0,0.00,0.00,0.00,0,0,0.00,0.00,0.00,0,0,0.00,0.00,0,0
1508291819,s2,0.00,0.00,0.00,0,0,0.00,0.00,0.00,0,0,0.00,0.00,0,0
1508291819,s1-eth2,6132.00,249402.00,255534.00,249402,6132,90.00,93.00,183.00,93,90,0.00,0.00,0,0
1508291819,s1-eth1,244860.00,6066.00,250926.00,6066,244860,90.00,89.00,179.00,89,90,0.00,0.00,0,0
1508291819,s2-eth2,0.00,0.00,0.00,0,0,0.00,0.00,0.00,0,0,0.00,0.00,0,0
1508291819,s2-eth1,0.00,0.00,0.00,0,0,0.00,0.00,0.00,0,0,0.00,0.00,0,0
1508291819,lo,0.00,0.00,0.00,0,0,0.00,0.00,0.00,0,0,0.00,0.00,0,0
1508291819,total,250992.00,255468.00,506460.00,255468,250992,180.00,182.00,362.00,182,180,0.00,0.00,0,0
1508291820,s1,0.00,0.00,0.00,0,0,0.00,0.00,0.00,0,0,0.00,0.00,0,0
1508291820,eth0,0.00,0.00,0.00,0,0,0.00,0.00,0.00,0,0,0.00,0.00,0,0
1508291820,s2,0.00,0.00,0.00,0,0,0.00,0.00,0.00,0,0,0.00,0.00,0,0
1508291820,s1-eth2,5400.00,194836.00,200236.00,194836,5400,78.00,78.00,156.00,78,78,0.00,0.00,0,0
1508291820,s1-eth1,193454.00,5400.00,198854.00,5400,193454,79.00,78.00,157.00,78,79,0.00,0.00,0,0
1508291820,s2-eth2,0.00,0.00,0.00,0,0,0.00,0.00,0.00,0,0,0.00,0.00,0,0
1508291820,s2-eth1,0.00,0.00,0.00,0,0,0.00,0.00,0.00,0,0,0.00,0.00,0,0
1508291820,lo,172.00,172.00,344.00,172,172,3.00,3.00,6.00,3,3,0.00,0.00,0,0
1508291820,total,199026.00,200408.00,399434.00,200408,199026,160.00,159.00,319.00,159,160,0.00,0.00,0,0
1508291821,s1,0.00,0.00,0.00,0,0,0.00,0.00,0.00,0,0,0.00,0.00,0,0
1508291821,eth0,0.00,0.00,0.00,0,0,0.00,0.00,0.00,0,0,0.00,0.00,0,0
1508291821,s2,0.00,0.00,0.00,0,0,0.00,0.00,0.00,0,0,0.00,0.00,0,0
1508291821,s1-eth2,5730.00,242228.00,247958.00,242228,5730,85.00,94.00,179.00,94,85,0.00,0.00,0,0
1508291821,s1-eth1,230248.00,5808.00,236056.00,5808,230248,88.00,86.00,174.00,86,88,0.00,0.00,0,0
1508291821,s2-eth2,0.00,0.00,0.00,0,0,0.00,0.00,0.00,0,0,0.00,0.00,0,0
1508291821,s2-eth1,0.00,0.00,0.00,0,0,0.00,0.00,0.00,0,0,0.00,0.00,0,0
1508291821,lo,0.00,0.00,0.00,0,0,0.00,0.00,0.00,0,0,0.00,0.00,0,0
1508291821,total,235978.00,248036.00,484014.00,248036,235978,173.00,180.00,353.00,180,173,0.00,0.00,0,0
1508291822,s1,0.00,0.00,0.00,0,0,0.00,0.00,0.00,0,0,0.00,0.00,0,0
1508291822,eth0,0.00,0.00,0.00,0,0,0.00,0.00,0.00,0,0,0.00,0.00,0,0
1508291822,s2,0.00,0.00,0.00,0,0,0.00,0.00,0.00,0,0,0.00,0.00,0,0
1508291822,s1-eth2,5736.26,246127.88,251864.14,246374,5742,84.92,90.91,175.82,91,85,0.00,0.00,0,0
1508291822,s1-eth1,237316.69,5658.34,242975.03,5664,237554,88.91,83.92,172.83,84,89,0.00,0.00,0,0
1508291822,s2-eth2,0.00,0.00,0.00,0,0,0.00,0.00,0.00,0,0,0.00,0.00,0,0
1508291822,s2-eth1,0.00,0.00,0.00,0,0,0.00,0.00,0.00,0,0,0.00,0.00,0,0
1508291822,lo,171.83,171.83,343.66,172,172,3.00,3.00,5.99,3,3,0.00,0.00,0,0
1508291822,total,243224.78,251958.05,495182.84,252210,243468,176.82,177.82,354.65,178,177,0.00,0.00,0,0
1508291823,s1,0.00,0.00,0.00,0,0,0.00,0.00,0.00,0,0,0.00,0.00,0,0
1508291823,eth0,0.00,0.00,0.00,0,0,0.00,0.00,0.00,0,0,0.00,0.00,0,0
1508291823,s2,0.00,0.00,0.00,0,0,0.00,0.00,0.00,0,0,0.00,0.00,0,0
1508291823,s1-eth2,6167.00,258354.00,264521.00,258354,6167,91.00,97.00,188.00,97,91,0.00,0.00,0,0
1508291823,s1-eth1,243585.00,6060.00,249645.00,6060,243585,92.00,90.00,182.00,90,92,0.00,0.00,0,0
1508291823,s2-eth2,107.00,0.00,107.00,0,107,1.00,0.00,1.00,0,1,0.00,0.00,0,0
1508291823,s2-eth1,107.00,0.00,107.00,0,107,1.00,0.00,1.00,0,1,0.00,0.00,0,0
1508291823,lo,0.00,0.00,0.00,0,0,0.00,0.00,0.00,0,0,0.00,0.00,0,0
1508291823,total,249966.00,264414.00,514380.00,264414,249966,185.00,187.00,372.00,187,185,0.00,0.00,0,0
1508291824,s1,0.00,0.00,0.00,0,0,0.00,0.00,0.00,0,0,0.00,0.00,0,0
1508291824,eth0,0.00,0.00,0.00,0,0,0.00,0.00,0.00,0,0,0.00,0.00,0,0
1508291824,s2,0.00,0.00,0.00,0,0,0.00,0.00,0.00,0,0,0.00,0.00,0,0
1508291824,s1-eth2,5706.00,246242.00,251948.00,246242,5706,85.00,89.00,174.00,89,85,0.00,0.00,0,0
1508291824,s1-eth1,246242.00,5706.00,251948.00,5706,246242,89.00,85.00,174.00,85,89,0.00,0.00,0,0
1508291824,s2-eth2,0.00,0.00,0.00,0,0,0.00,0.00,0.00,0,0,0.00,0.00,0,0
1508291824,s2-eth1,0.00,0.00,0.00,0,0,0.00,0.00,0.00,0,0,0.00,0.00,0,0
1508291824,lo,0.00,0.00,0.00,0,0,0.00,0.00,0.00,0,0,0.00,0.00,0,0
1508291824,total,251948.00,251948.00,503896.00,251948,251948,174.00,174.00,348.00,174,174,0.00,0.00,0,0
1508291825,s1,0.00,0.00,0.00,0,0,0.00,0.00,0.00,0,0,0.00,0.00,0,0
1508291825,eth0,0.00,85.91,85.91,86,0,0.00,1.00,1.00,1,0,0.00,0.00,0,0
1508291825,s2,0.00,0.00,0.00,0,0,0.00,0.00,0.00,0,0,0.00,0.00,0,0
1508291825,s1-eth2,6131.87,252045.95,258177.83,252298,6138,86.91,92.91,179.82,93,87,0.00,0.00,0,0
1508291825,s1-eth1,243168.84,5790.21,248959.05,5796,243412,89.91,85.91,175.82,86,90,0.00,0.00,0,0
1508291825,s2-eth2,0.00,0.00,0.00,0,0,0.00,0.00,0.00,0,0,0.00,0.00,0,0
1508291825,s2-eth1,0.00,0.00,0.00,0,0,0.00,0.00,0.00,0,0,0.00,0.00,0,0
1508291825,lo,171.83,171.83,343.66,172,172,3.00,3.00,5.99,3,3,0.00,0.00,0,0
1508291825,total,249472.53,258093.91,507566.44,258352,249722,179.82,182.82,362.64,183,180,0.00,0.00,0,0
1508291826,s1,0.00,0.00,0.00,0,0,0.00,0.00,0.00,0,0,0.00,0.00,0,0
1508291826,eth0,0.00,0.00,0.00,0,0,0.00,0.00,0.00,0,0,0.00,0.00,0,0
1508291826,s2,0.00,0.00,0.00,0,0,0.00,0.00,0.00,0,0,0.00,0.00,0,0
1508291826,s1-eth2,5874.00,253746.00,259620.00,253746,5874,87.00,93.00,180.00,93,87,0.00,0.00,0,0
1508291826,s1-eth1,246308.00,5940.00,252248.00,5940,246308,90.00,88.00,178.00,88,90,0.00,0.00,0,0
1508291826,s2-eth2,0.00,0.00,0.00,0,0,0.00,0.00,0.00,0,0,0.00,0.00,0,0
1508291826,s2-eth1,0.00,0.00,0.00,0,0,0.00,0.00,0.00,0,0,0.00,0.00,0,0
1508291826,lo,0.00,0.00,0.00,0,0,0.00,0.00,0.00,0,0,0.00,0.00,0,0
1508291826,total,252182.00,259686.00,511868.00,259686,252182,177.00,181.00,358.00,181,177,0.00,0.00,0,0
1508291827,s1,0.00,0.00,0.00,0,0,0.00,0.00,0.00,0,0,0.00,0.00,0,0
1508291827,eth0,0.00,0.00,0.00,0,0,0.00,0.00,0.00,0,0,0.00,0.00,0,0
1508291827,s2,0.00,0.00,0.00,0,0,0.00,0.00,0.00,0,0,0.00,0.00,0,0
1508291827,s1-eth2,5586.00,256642.00,262228.00,256642,5586,83.00,93.00,176.00,93,83,0.00,0.00,0,0
1508291827,s1-eth1,243280.00,5520.00,248800.00,5520,243280,88.00,82.00,170.00,82,88,0.00,0.00,0,0
1508291827,s2-eth2,0.00,0.00,0.00,0,0,0.00,0.00,0.00,0,0,0.00,0.00,0,0
1508291827,s2-eth1,0.00,0.00,0.00,0,0,0.00,0.00,0.00,0,0,0.00,0.00,0,0
1508291827,lo,172.00,172.00,344.00,172,172,3.00,3.00,6.00,3,3,0.00,0.00,0,0
1508291827,total,249038.00,262334.00,511372.00,262334,249038,174.00,178.00,352.00,178,174,0.00,0.00,0,0
1508291828,s1,0.00,0.00,0.00,0,0,0.00,0.00,0.00,0,0,0.00,0.00,0,0
1508291828,eth0,0.00,0.00,0.00,0,0,0.00,0.00,0.00,0,0,0.00,0.00,0,0
1508291828,s2,0.00,0.00,0.00,0,0,0.00,0.00,0.00,0,0,0.00,0.00,0,0
1508291828,s1-eth2,5628.00,252166.00,257794.00,252166,5628,84.00,91.00,175.00,91,84,0.00,0.00,0,0
1508291828,s1-eth1,246110.00,5628.00,251738.00,5628,246110,87.00,84.00,171.00,84,87,0.00,0.00,0,0
1508291828,s2-eth2,0.00,0.00,0.00,0,0,0.00,0.00,0.00,0,0,0.00,0.00,0,0
1508291828,s2-eth1,0.00,0.00,0.00,0,0,0.00,0.00,0.00,0,0,0.00,0.00,0,0
1508291828,lo,0.00,0.00,0.00,0,0,0.00,0.00,0.00,0,0,0.00,0.00,0,0
1508291828,total,251738.00,257794.00,509532.00,257794,251738,171.00,175.00,346.00,175,171,0.00,0.00,0,0
1508291829,s1,0.00,0.00,0.00,0,0,0.00,0.00,0.00,0,0,0.00,0.00,0,0
1508291829,eth0,0.00,0.00,0.00,0,0,0.00,0.00,0.00,0,0,0.00,0.00,0,0
1508291829,s2,0.00,0.00,0.00,0,0,0.00,0.00,0.00,0,0,0.00,0.00,0,0
1508291829,s1-eth2,5340.66,251518.48,256859.14,251770,5346,80.92,84.92,165.83,85,81,0.00,0.00,0,0
1508291829,s1-eth1,246073.94,5340.66,251414.59,5346,246320,85.91,80.92,166.83,81,86,0.00,0.00,0,0
1508291829,s2-eth2,0.00,0.00,0.00,0,0,0.00,0.00,0.00,0,0,0.00,0.00,0,0
1508291829,s2-eth1,0.00,0.00,0.00,0,0,0.00,0.00,0.00,0,0,0.00,0.00,0,0
1508291829,lo,0.00,0.00,0.00,0,0,0.00,0.00,0.00,0,0,0.00,0.00,0,0
1508291829,total,251666.00,257116.00,508782.00,257116,251666,167.00,166.00,333.00,166,167,0.00,0.00,0,0
1508291830,s1,0.00,0.00,0.00,0,0,0.00,0.00,0.00,0,0,0.00,0.00,0,0
1508291830,eth0,0.00,0.00,0.00,0,0,0.00,0.00,0.00,0,0,0.00,0.00,0,0
1508291830,s2,0.00,0.00,0.00,0,0,0.00,0.00,0.00,0,0,0.00,0.00,0,0
1508291830,s1-eth2,4303.70,169996.02,174299.70,170166,4308,63.94,62.94,126.87,63,64,0.00,0.00,0,0
1508291830,s1-eth1,181832.17,4303.70,186135.88,4308,182014,66.93,63.94,130.87,64,67,0.00,0.00,0,0
1508291830,s2-eth2,341.66,0.00,341.66,0,342,1.00,0.00,1.00,0,1,0.00,0.00,0,0
1508291830,s2-eth1,0.00,0.00,0.00,0,0,0.00,0.00,0.00,0,0,0.00,0.00,0,0
1508291830,lo,171.83,171.83,343.66,172,172,3.00,3.00,5.99,3,3,0.00,0.00,0,0
1508291830,total,186649.36,174471.53,361120.88,174646,186836,134.87,129.87,264.74,130,135,0.00,0.00,0,0
1508291831,s1,0.00,0.00,0.00,0,0,0.00,0.00,0.00,0,0,0.00,0.00,0,0
1508291831,eth0,0.00,0.00,0.00,0,0,0.00,0.00,0.00,0,0,0.00,0.00,0,0
1508291831,s2,0.00,0.00,0.00,0,0,0.00,0.00,0.00,0,0,0.00,0.00,0,0
1508291831,s1-eth2,0.00,0.00,0.00,0,0,0.00,0.00,0.00,0,0,0.00,0.00,0,0
1508291831,s1-eth1,0.00,0.00,0.00,0,0,0.00,0.00,0.00,0,0,0.00,0.00,0,0
1508291831,s2-eth2,0.00,0.00,0.00,0,0,0.00,0.00,0.00,0,0,0.00,0.00,0,0
1508291831,s2-eth1,342.00,0.00,342.00,0,342,1.00,0.00,1.00,0,1,0.00,0.00,0,0
1508291831,lo,0.00,0.00,0.00,0,0,0.00,0.00,0.00,0,0,0.00,0.00,0,0
1508291831,total,342.00,0.00,342.00,0,342,1.00,0.00,1.00,0,1,0.00,0.00,0,0
1508291832,s1,0.00,0.00,0.00,0,0,0.00,0.00,0.00,0,0,0.00,0.00,0,0
1508291832,eth0,0.00,0.00,0.00,0,0,0.00,0.00,0.00,0,0,0.00,0.00,0,0
1508291832,s2,0.00,0.00,0.00,0,0,0.00,0.00,0.00,0,0,0.00,0.00,0,0
1508291832,s1-eth2,0.00,0.00,0.00,0,0,0.00,0.00,0.00,0,0,0.00,0.00,0,0
1508291832,s1-eth1,0.00,0.00,0.00,0,0,0.00,0.00,0.00,0,0,0.00,0.00,0,0
1508291832,s2-eth2,0.00,0.00,0.00,0,0,0.00,0.00,0.00,0,0,0.00,0.00,0,0
1508291832,s2-eth1,0.00,0.00,0.00,0,0,0.00,0.00,0.00,0,0,0.00,0.00,0,0
1508291832,lo,172.00,172.00,344.00,172,172,3.00,3.00,6.00,3,3,0.00,0.00,0,0
1508291832,total,172.00,172.00,344.00,172,172,3.00,3.00,6.00,3,3,0.00,0.00,0,0
1508291833,s1,0.00,0.00,0.00,0,0,0.00,0.00,0.00,0,0,0.00,0.00,0,0
1508291833,eth0,0.00,0.00,0.00,0,0,0.00,0.00,0.00,0,0,0.00,0.00,0,0
1508291833,s2,0.00,0.00,0.00,0,0,0.00,0.00,0.00,0,0,0.00,0.00,0,0
1508291833,s1-eth2,0.00,0.00,0.00,0,0,0.00,0.00,0.00,0,0,0.00,0.00,0,0
1508291833,s1-eth1,0.00,0.00,0.00,0,0,0.00,0.00,0.00,0,0,0.00,0.00,0,0
1508291833,s2-eth2,0.00,0.00,0.00,0,0,0.00,0.00,0.00,0,0,0.00,0.00,0,0
1508291833,s2-eth1,0.00,0.00,0.00,0,0,0.00,0.00,0.00,0,0,0.00,0.00,0,0
1508291833,lo,0.00,0.00,0.00,0,0,0.00,0.00,0.00,0,0,0.00,0.00,0,0
1508291833,total,0.00,0.00,0.00,0,0,0.00,0.00,0.00,0,0,0.00,0.00,0,0
1508291834,s1,0.00,0.00,0.00,0,0,0.00,0.00,0.00,0,0,0.00,0.00,0,0
1508291834,eth0,0.00,0.00,0.00,0,0,0.00,0.00,0.00,0,0,0.00,0.00,0,0
1508291834,s2,0.00,0.00,0.00,0,0,0.00,0.00,0.00,0,0,0.00,0.00,0,0
1508291834,s1-eth2,0.00,0.00,0.00,0,0,0.00,0.00,0.00,0,0,0.00,0.00,0,0
1508291834,s1-eth1,0.00,0.00,0.00,0,0,0.00,0.00,0.00,0,0,0.00,0.00,0,0
1508291834,s2-eth2,0.00,0.00,0.00,0,0,0.00,0.00,0.00,0,0,0.00,0.00,0,0
1508291834,s2-eth1,0.00,0.00,0.00,0,0,0.00,0.00,0.00,0,0,0.00,0.00,0,0
1508291834,lo,0.00,0.00,0.00,0,0,0.00,0.00,0.00,0,0,0.00,0.00,0,0
1508291834,total,0.00,0.00,0.00,0,0,0.00,0.00,0.00,0,0,0.00,0.00,0,0
1508291835,s1,0.00,0.00,0.00,0,0,0.00,0.00,0.00,0,0,0.00,0.00,0,0
1508291835,eth0,0.00,0.00,0.00,0,0,0.00,0.00,0.00,0,0,0.00,0.00,0,0
1508291835,s2,0.00,0.00,0.00,0,0,0.00,0.00,0.00,0,0,0.00,0.00,0,0
1508291835,s1-eth2,0.00,0.00,0.00,0,0,0.00,0.00,0.00,0,0,0.00,0.00,0,0
1508291835,s1-eth1,0.00,0.00,0.00,0,0,0.00,0.00,0.00,0,0,0.00,0.00,0,0
1508291835,s2-eth2,0.00,0.00,0.00,0,0,0.00,0.00,0.00,0,0,0.00,0.00,0,0
1508291835,s2-eth1,0.00,0.00,0.00,0,0,0.00,0.00,0.00,0,0,0.00,0.00,0,0
1508291835,lo,172.00,172.00,344.00,172,172,3.00,3.00,6.00,3,3,0.00,0.00,0,0
1508291835,total,172.00,172.00,344.00,172,172,3.00,3.00,6.00,3,3,0.00,0.00,0,0
1508291836,s1,0.00,0.00,0.00,0,0,0.00,0.00,0.00,0,0,0.00,0.00,0,0
1508291836,eth0,0.00,0.00,0.00,0,0,0.00,0.00,0.00,0,0,0.00,0.00,0,0
1508291836,s2,0.00,0.00,0.00,0,0,0.00,0.00,0.00,0,0,0.00,0.00,0,0
1508291836,s1-eth2,0.00,0.00,0.00,0,0,0.00,0.00,0.00,0,0,0.00,0.00,0,0
1508291836,s1-eth1,0.00,0.00,0.00,0,0,0.00,0.00,0.00,0,0,0.00,0.00,0,0
1508291836,s2-eth2,0.00,0.00,0.00,0,0,0.00,0.00,0.00,0,0,0.00,0.00,0,0
1508291836,s2-eth1,0.00,0.00,0.00,0,0,0.00,0.00,0.00,0,0,0.00,0.00,0,0
1508291836,lo,0.00,0.00,0.00,0,0,0.00,0.00,0.00,0,0,0.00,0.00,0,0
1508291836,total,0.00,0.00,0.00,0,0,0.00,0.00,0.00,0,0,0.00,0.00,0,0
1508291837,s1,0.00,0.00,0.00,0,0,0.00,0.00,0.00,0,0,0.00,0.00,0,0
1508291837,eth0,0.00,0.00,0.00,0,0,0.00,0.00,0.00,0,0,0.00,0.00,0,0
1508291837,s2,0.00,0.00,0.00,0,0,0.00,0.00,0.00,0,0,0.00,0.00,0,0
1508291837,s1-eth2,0.00,0.00,0.00,0,0,0.00,0.00,0.00,0,0,0.00,0.00,0,0
1508291837,s1-eth1,0.00,0.00,0.00,0,0,0.00,0.00,0.00,0,0,0.00,0.00,0,0
1508291837,s2-eth2,0.00,0.00,0.00,0,0,0.00,0.00,0.00,0,0,0.00,0.00,0,0
1508291837,s2-eth1,0.00,0.00,0.00,0,0,0.00,0.00,0.00,0,0,0.00,0.00,0,0
1508291837,lo,172.00,172.00,344.00,172,172,3.00,3.00,6.00,3,3,0.00,0.00,0,0
1508291837,total,172.00,172.00,344.00,172,172,3.00,3.00,6.00,3,3,0.00,0.00,0,0
1508291838,s1,0.00,0.00,0.00,0,0,0.00,0.00,0.00,0,0,0.00,0.00,0,0
1508291838,eth0,0.00,0.00,0.00,0,0,0.00,0.00,0.00,0,0,0.00,0.00,0,0
1508291838,s2,0.00,0.00,0.00,0,0,0.00,0.00,0.00,0,0,0.00,0.00,0,0
1508291838,s1-eth2,342.00,0.00,342.00,0,342,1.00,0.00,1.00,0,1,0.00,0.00,0,0
1508291838,s1-eth1,0.00,0.00,0.00,0,0,0.00,0.00,0.00,0,0,0.00,0.00,0,0
1508291838,s2-eth2,0.00,0.00,0.