1508117808,s1,0.00,0.00,0.00,0,0,0.00,0.00,0.00,0,0,0.00,0.00,0,0
1508117808,eth0,0.00,0.00,0.00,0,0,0.00,0.00,0.00,0,0,0.00,0.00,0,0
1508117808,s2,0.00,0.00,0.00,0,0,0.00,0.00,0.00,0,0,0.00,0.00,0,0
1508117808,s1-eth2,0.00,0.00,0.00,0,0,0.00,0.00,0.00,0,0,0.00,0.00,0,0
1508117808,s1-eth1,0.00,0.00,0.00,0,0,0.00,0.00,0.00,0,0,0.00,0.00,0,0
1508117808,s3,0.00,0.00,0.00,0,0,0.00,0.00,0.00,0,0,0.00,0.00,0,0
1508117808,s2-eth2,0.00,0.00,0.00,0,0,0.00,0.00,0.00,0,0,0.00,0.00,0,0
1508117808,s2-eth1,0.00,0.00,0.00,0,0,0.00,0.00,0.00,0,0,0.00,0.00,0,0
1508117808,lo,0.00,0.00,0.00,0,0,0.00,0.00,0.00,0,0,0.00,0.00,0,0
1508117808,s3-eth2,0.00,0.00,0.00,0,0,0.00,0.00,0.00,0,0,0.00,0.00,0,0
1508117808,s3-eth1,0.00,0.00,0.00,0,0,0.00,0.00,0.00,0,0,0.00,0.00,0,0
1508117808,total,0.00,0.00,0.00,0,0,0.00,0.00,0.00,0,0,0.00,0.00,0,0
1508117809,s1,90.00,160.00,250.00,160,90,1.00,2.00,3.00,2,1,0.00,0.00,0,0
1508117809,eth0,456.00,735.00,1191.00,735,456,6.00,6.00,12.00,6,6,0.00,0.00,0,0
1508117809,s2,250.00,180.00,430.00,180,250,3.00,2.00,5.00,2,3,0.00,0.00,0,0
1508117809,s1-eth2,1056.00,160.00,1216.00,160,1056,5.00,2.00,7.00,2,5,0.00,0.00,0,0
1508117809,s1-eth1,1806.00,0.00,1806.00,0,1806,9.00,0.00,9.00,0,9,0.00,0.00,0,0
1508117809,s3,250.00,160.00,410.00,160,250,3.00,2.00,5.00,2,3,0.00,0.00,0,0
1508117809,s2-eth2,1741.00,90.00,1831.00,90,1741,10.00,1.00,11.00,1,10,0.00,0.00,0,0
1508117809,s2-eth1,2196.00,90.00,2286.00,90,2196,12.00,1.00,13.00,1,12,0.00,0.00,0,0
1508117809,lo,4635.00,4635.00,9270.00,4635,4635,50.00,50.00,100.00,50,50,0.00,0.00,0,0
1508117809,s3-eth2,2356.00,160.00,2516.00,160,2356,14.00,2.00,16.00,2,14,0.00,0.00,0,0
1508117809,s3-eth1,2403.00,0.00,2403.00,0,2403,15.00,0.00,15.00,0,15,0.00,0.00,0,0
1508117809,total,17239.00,6370.00,23609.00,6370,17239,128.00,68.00,196.00,68,128,0.00,0.00,0,0
1508117810,s1,0.00,90.00,90.00,90,0,0.00,1.00,1.00,1,0,0.00,0.00,0,0
1508117810,eth0,152.00,455.00,607.00,455,152,2.00,4.00,6.00,4,2,0.00,0.00,0,0
1508117810,s2,0.00,0.00,0.00,0,0,0.00,0.00,0.00,0,0,0.00,0.00,0,0
1508117810,s1-eth2,327.00,90.00,417.00,90,327,1.00,1.00,2.00,1,1,0.00,0.00,0,0
1508117810,s1-eth1,604.00,0.00,604.00,0,604,3.00,0.00,3.00,0,3,0.00,0.00,0,0
1508117810,s3,0.00,90.00,90.00,90,0,0.00,1.00,1.00,1,0,0.00,0.00,0,0
1508117810,s2-eth2,669.00,0.00,669.00,0,669,2.00,0.00,2.00,0,2,0.00,0.00,0,0
1508117810,s2-eth1,636.00,0.00,636.00,0,636,3.00,0.00,3.00,0,3,0.00,0.00,0,0
1508117810,lo,917.00,917.00,1834.00,917,917,10.00,10.00,20.00,10,10,0.00,0.00,0,0
1508117810,s3-eth2,636.00,90.00,726.00,90,636,3.00,1.00,4.00,1,3,0.00,0.00,0,0
1508117810,s3-eth1,384.00,0.00,384.00,0,384,3.00,0.00,3.00,0,3,0.00,0.00,0,0
1508117810,total,4325.00,1732.00,6057.00,1732,4325,27.00,18.00,45.00,18,27,0.00,0.00,0,0
1508117811,s1,0.00,0.00,0.00,0,0,0.00,0.00,0.00,0,0,0.00,0.00,0,0
1508117811,eth0,0.00,0.00,0.00,0,0,0.00,0.00,0.00,0,0,0.00,0.00,0,0
1508117811,s2,0.00,0.00,0.00,0,0,0.00,0.00,0.00,0,0,0.00,0.00,0,0
1508117811,s1-eth2,449.00,0.00,449.00,0,449,2.00,0.00,2.00,0,2,0.00,0.00,0,0
1508117811,s1-eth1,107.00,0.00,107.00,0,107,1.00,0.00,1.00,0,1,0.00,0.00,0,0
1508117811,s3,0.00,0.00,0.00,0,0,0.00,0.00,0.00,0,0,0.00,0.00,0,0
1508117811,s2-eth2,107.00,0.00,107.00,0,107,1.00,0.00,1.00,0,1,0.00,0.00,0,0
1508117811,s2-eth1,327.00,0.00,327.00,0,327,1.00,0.00,1.00,0,1,0.00,0.00,0,0
1508117811,lo,0.00,0.00,0.00,0,0,0.00,0.00,0.00,0,0,0.00,0.00,0,0
1508117811,s3-eth2,327.00,0.00,327.00,0,327,1.00,0.00,1.00,0,1,0.00,0.00,0,0
1508117811,s3-eth1,327.00,0.00,327.00,0,327,1.00,0.00,1.00,0,1,0.00,0.00,0,0
1508117811,total,1644.00,0.00,1644.00,0,1644,7.00,0.00,7.00,0,7,0.00,0.00,0,0
1508117812,s1,70.00,70.00,140.00,70,70,1.00,1.00,2.00,1,1,0.00,0.00,0,0
1508117812,eth0,60.00,240.00,300.00,240,60,1.00,4.00,5.00,4,1,0.00,0.00,0,0
1508117812,s2,0.00,140.00,140.00,140,0,0.00,2.00,2.00,2,0,0.00,0.00,0,0
1508117812,s1-eth2,846.00,42.00,888.00,42,846,6.00,1.00,7.00,1,6,0.00,0.00,0,0
1508117812,s1-eth1,1118.00,112.00,1230.00,112,1118,6.00,2.00,8.00,2,6,0.00,0.00,0,0
1508117812,s3,0.00,70.00,70.00,70,0,0.00,1.00,1.00,1,0,0.00,0.00,0,0
1508117812,s2-eth2,734.00,70.00,804.00,70,734,4.00,1.00,5.00,1,4,0.00,0.00,0,0
1508117812,s2-eth1,514.00,70.00,584.00,70,514,4.00,1.00,5.00,1,4,0.00,0.00,0,0
1508117812,lo,1828.00,1828.00,3656.00,1828,1828,19.00,19.00,38.00,19,19,0.00,0.00,0,0
1508117812,s3-eth2,444.00,0.00,444.00,0,444,3.00,0.00,3.00,0,3,0.00,0.00,0,0
1508117812,s3-eth1,374.00,70.00,444.00,70,374,2.00,1.00,3.00,1,2,0.00,0.00,0,0
1508117812,total,5988.00,2712.00,8700.00,2712,5988,46.00,33.00,79.00,33,46,0.00,0.00,0,0
1508117813,s1,0.00,70.00,70.00,70,0,0.00,1.00,1.00,1,0,0.00,0.00,0,0
1508117813,eth0,0.00,0.00,0.00,0,0,0.00,0.00,0.00,0,0,0.00,0.00,0,0
1508117813,s2,70.00,0.00,70.00,0,70,1.00,0.00,1.00,0,1,0.00,0.00,0,0
1508117813,s1-eth2,0.00,70.00,70.00,70,0,0.00,1.00,1.00,1,0,0.00,0.00,0,0
1508117813,s1-eth1,70.00,0.00,70.00,0,70,1.00,0.00,1.00,0,1,0.00,0.00,0,0
1508117813,s3,70.00,70.00,140.00,70,70,1.00,1.00,2.00,1,1,0.00,0.00,0,0
1508117813,s2-eth2,70.00,0.00,70.00,0,70,1.00,0.00,1.00,0,1,0.00,0.00,0,0
1508117813,s2-eth1,327.00,0.00,327.00,0,327,1.00,0.00,1.00,0,1,0.00,0.00,0,0
1508117813,lo,1124.00,1124.00,2248.00,1124,1124,13.00,13.00,26.00,13,13,0.00,0.00,0,0
1508117813,s3-eth2,467.00,70.00,537.00,70,467,3.00,1.00,4.00,1,3,0.00,0.00,0,0
1508117813,s3-eth1,537.00,0.00,537.00,0,537,4.00,0.00,4.00,0,4,0.00,0.00,0,0
1508117813,total,2735.00,1404.00,4139.00,1404,2735,25.00,17.00,42.00,17,25,0.00,0.00,0,0
1508117814,s1,0.00,0.00,0.00,0,0,0.00,0.00,0.00,0,0,0.00,0.00,0,0
1508117814,eth0,0.00,0.00,0.00,0,0,0.00,0.00,0.00,0,0,0.00,0.00,0,0
1508117814,s2,0.00,0.00,0.00,0,0,0.00,0.00,0.00,0,0,0.00,0.00,0,0
1508117814,s1-eth2,0.00,0.00,0.00,0,0,0.00,0.00,0.00,0,0,0.00,0.00,0,0
1508117814,s1-eth1,0.00,0.00,0.00,0,0,0.00,0.00,0.00,0,0,0.00,0.00,0,0
1508117814,s3,0.00,0.00,0.00,0,0,0.00,0.00,0.00,0,0,0.00,0.00,0,0
1508117814,s2-eth2,0.00,0.00,0.00,0,0,0.00,0.00,0.00,0,0,0.00,0.00,0,0
1508117814,s2-eth1,342.00,0.00,342.00,0,342,1.00,0.00,1.00,0,1,0.00,0.00,0,0
1508117814,lo,0.00,0.00,0.00,0,0,0.00,0.00,0.00,0,0,0.00,0.00,0,0
1508117814,s3-eth2,0.00,0.00,0.00,0,0,0.00,0.00,0.00,0,0,0.00,0.00,0,0
1508117814,s3-eth1,0.00,0.00,0.00,0,0,0.00,0.00,0.00,0,0,0.00,0.00,0,0
1508117814,total,342.00,0.00,342.00,0,342,1.00,0.00,1.00,0,1,0.00,0.00,0,0
1508117815,s1,0.00,0.00,0.00,0,0,0.00,0.00,0.00,0,0,0.00,0.00,0,0
1508117815,eth0,0.00,0.00,0.00,0,0,0.00,0.00,0.00,0,0,0.00,0.00,0,0
1508117815,s2,0.00,0.00,0.00,0,0,0.00,0.00,0.00,0,0,0.00,0.00,0,0
1508117815,s1-eth2,449.00,0.00,449.00,0,449,2.00,0.00,2.00,0,2,0.00,0.00,0,0
1508117815,s1-eth1,107.00,0.00,107.00,0,107,1.00,0.00,1.00,0,1,0.00,0.00,0,0
1508117815,s3,0.00,0.00,0.00,0,0,0.00,0.00,0.00,0,0,0.00,0.00,0,0
1508117815,s2-eth2,107.00,0.00,107.00,0,107,1.00,0.00,1.00,0,1,0.00,0.00,0,0
1508117815,s2-eth1,0.00,0.00,0.00,0,0,0.00,0.00,0.00,0,0,0.00,0.00,0,0
1508117815,lo,0.00,0.00,0.00,0,0,0.00,0.00,0.00,0,0,0.00,0.00,0,0
1508117815,s3-eth2,0.00,0.00,0.00,0,0,0.00,0.00,0.00,0,0,0.00,0.00,0,0
1508117815,s3-eth1,342.00,0.00,342.00,0,342,1.00,0.00,1.00,0,1,0.00,0.00,0,0
1508117815,total,1005.00,0.00,1005.00,0,1005,5.00,0.00,5.00,0,5,0.00,0.00,0,0
1508117816,s1,70.00,70.00,140.00,70,70,1.00,1.00,2.00,1,1,0.00,0.00,0,0
1508117816,eth0,0.00,0.00,0.00,0,0,0.00,0.00,0.00,0,0,0.00,0.00,0,0
1508117816,s2,0.00,140.00,140.00,140,0,0.00,2.00,2.00,2,0,0.00,0.00,0,0
1508117816,s1-eth2,210.00,0.00,210.00,0,210,3.00,0.00,3.00,0,3,0.00,0.00,0,0
1508117816,s1-eth1,140.00,70.00,210.00,70,140,2.00,1.00,3.00,1,2,0.00,0.00,0,0
1508117816,s3,0.00,70.00,70.00,70,0,0.00,1.00,1.00,1,0,0.00,0.00,0,0
1508117816,s2-eth2,140.00,70.00,210.00,70,140,2.00,1.00,3.00,1,2,0.00,0.00,0,0
1508117816,s2-eth1,247.00,70.00,317.00,70,247,3.00,1.00,4.00,1,3,0.00,0.00,0,0
1508117816,lo,1340.00,1340.00,2680.00,1340,1340,15.00,15.00,30.00,15,15,0.00,0.00,0,0
1508117816,s3-eth2,519.00,0.00,519.00,0,519,3.00,0.00,3.00,0,3,0.00,0.00,0,0
1508117816,s3-eth1,107.00,70.00,177.00,70,107,1.00,1.00,2.00,1,1,0.00,0.00,0,0
1508117816,total,2773.00,1900.00,4673.00,1900,2773,30.00,23.00,53.00,23,30,0.00,0.00,0,0
1508117817,s1,0.00,69.72,69.72,70,0,0.00,1.00,1.00,1,0,0.00,0.00,0,0
1508117817,eth0,0.00,0.00,0.00,0,0,0.00,0.00,0.00,0,0,0.00,0.00,0,0
1508117817,s2,69.72,0.00,69.72,0,70,1.00,0.00,1.00,0,1,0.00,0.00,0,0
1508117817,s1-eth2,0.00,69.72,69.72,70,0,0.00,1.00,1.00,1,0,0.00,0.00,0,0
1508117817,s1-eth1,69.72,0.00,69.72,0,70,1.00,0.00,1.00,0,1,0.00,0.00,0,0
1508117817,s3,69.72,69.72,139.44,70,70,1.00,1.00,1.99,1,1,0.00,0.00,0,0
1508117817,s2-eth2,69.65,0.00,69.65,0,70,1.00,0.00,1.00,0,1,0.00,0.00,0,0
1508117817,s2-eth1,69.65,0.00,69.65,0,70,1.00,0.00,1.00,0,1,0.00,0.00,0,0
1508117817,lo,1066.67,1066.67,2133.33,1072,1072,11.94,11.94,23.88,12,12,0.00,0.00,0,0
1508117817,s3-eth2,139.30,69.65,208.96,70,140,1.99,1.00,2.99,1,2,0.00,0.00,0,0
1508117817,s3-eth1,208.96,0.00,208.96,0,210,2.99,0.00,2.99,0,3,0.00,0.00,0,0
1508117817,total,1763.18,1345.27,3108.46,1352,1772,21.89,15.92,37.81,16,22,0.00,0.00,0,0
1508117818,s1,0.00,84.00,84.00,84,0,0.00,2.00,2.00,2,0,0.00,0.00,0,0
1508117818,eth0,0.00,0.00,0.00,0,0,0.00,0.00,0.00,0,0,0.00,0.00,0,0
1508117818,s2,0.00,126.00,126.00,126,0,0.00,3.00,3.00,3,0,0.00,0.00,0,0
1508117818,s1-eth2,51922.00,1153270.00,1205192.00,1153270,51922,701.00,775.00,1476.00,775,701,0.00,0.00,0,0
1508117818,s1-eth1,1150584.00,51922.00,1202506.00,51922,1150584,774.00,701.00,1475.00,701,774,0.00,0.00,0,0
1508117818,s3,0.00,126.00,126.00,126,0,0.00,3.00,3.00,3,0,0.00,0.00,0,0
1508117818,s2-eth2,11126.00,234972.00,246098.00,234972,11126,139.00,160.00,299.00,160,139,0.00,0.00,0,0
1508117818,s2-eth1,218318.00,10784.00,229102.00,10784,218318,149.00,138.00,287.00,138,149,0.00,0.00,0,0
1508117818,lo,6992.00,6992.00,13984.00,6992,6992,64.00,64.00,128.00,64,64,0.00,0.00,0,0
1508117818,s3-eth2,2426.00,106282.00,108708.00,106282,2426,33.00,75.00,108.00,75,33,0.00,0.00,0,0
1508117818,s3-eth1,65404.00,2426.00,67830.00,2426,65404,48.00,33.00,81.00,33,48,0.00,0.00,0,0
1508117818,total,1506772.00,1566984.00,3073756.00,1566984,1506772,1908.00,1954.00,3862.00,1954,1908,0.00,0.00,0,0
1508117819,s1,0.00,84.00,84.00,84,0,0.00,2.00,2.00,2,0,0.00,0.00,0,0
1508117819,eth0,0.00,180.00,180.00,180,0,0.00,3.00,3.00,3,0,0.00,0.00,0,0
1508117819,s2,0.00,84.00,84.00,84,0,0.00,2.00,2.00,2,0,0.00,0.00,0,0
1508117819,s1-eth2,61050.00,1250648.00,1311698.00,1250648,61050,825.00,828.00,1653.00,828,825,0.00,0.00,0,0
1508117819,s1-eth1,1250648.00,61124.00,1311772.00,61124,1250648,828.00,826.00,1654.00,826,828,0.00,0.00,0,0
1508117819,s3,0.00,84.00,84.00,84,0,0.00,2.00,2.00,2,0,0.00,0.00,0,0
1508117819,s2-eth2,12280.00,263520.00,275800.00,263520,12280,160.00,176.00,336.00,176,160,0.00,0.00,0,0
1508117819,s2-eth1,249894.00,12280.00,262174.00,12280,249894,167.00,160.00,327.00,160,167,0.00,0.00,0,0
1508117819,lo,1388.00,1388.00,2776.00,1388,1388,17.00,17.00,34.00,17,17,0.00,0.00,0,0
1508117819,s3-eth2,10274.00,316510.00,326784.00,316510,10274,125.00,211.00,336.00,211,125,0.00,0.00,0,0
1508117819,s3-eth1,251408.00,10274.00,261682.00,10274,251408,168.00,125.00,293.00,125,168,0.00,0.00,0,0
1508117819,total,1836942.00,1916176.00,3753118.00,1916176,1836942,2290.00,2352.00,4642.00,2352,2290,0.00,0.00,0,0
1508117820,s1,0.00,84.00,84.00,84,0,0.00,2.00,2.00,2,0,0.00,0.00,0,0
1508117820,eth0,0.00,0.00,0.00,0,0,0.00,0.00,0.00,0,0,0.00,0.00,0,0
1508117820,s2,0.00,84.00,84.00,84,0,0.00,2.00,2.00,2,0,0.00,0.00,0,0
1508117820,s1-eth2,61392.00,1249134.00,1310526.00,1249134,61392,826.00,827.00,1653.00,827,826,0.00,0.00,0,0
1508117820,s1-eth1,1249134.00,61050.00,1310184.00,61050,1249134,827.00,825.00,1652.00,825,827,0.00,0.00,0,0
1508117820,s3,0.00,84.00,84.00,84,0,0.00,2.00,2.00,2,0,0.00,0.00,0,0
1508117820,s2-eth2,12338.00,262006.00,274344.00,262006,12338,159.00,175.00,334.00,175,159,0.00,0.00,0,0
1508117820,s2-eth1,246866.00,12338.00,259204.00,12338,246866,165.00,159.00,324.00,159,165,0.00,0.00,0,0
1508117820,lo,1388.00,1388.00,2776.00,1388,1388,17.00,17.00,34.00,17,17,0.00,0.00,0,0
1508117820,s3-eth2,15664.00,234754.00,250418.00,234754,15664,164.00,157.00,321.00,157,164,0.00,0.00,0,0
1508117820,s3-eth1,249894.00,15322.00,265216.00,15322,249894,167.00,163.00,330.00,163,167,0.00,0.00,0,0
1508117820,total,1836676.00,1836244.00,3672920.00,1836244,1836676,2325.00,2329.00,4654.00,2329,2325,0.00,0.00,0,0
1508117821,s1,0.00,84.00,84.00,84,0,0.00,2.00,2.00,2,0,0.00,0.00,0,0
1508117821,eth0,0.00,0.00,0.00,0,0,0.00,0.00,0.00,0,0,0.00,0.00,0,0
1508117821,s2,0.00,84.00,84.00,84,0,0.00,2.00,2.00,2,0,0.00,0.00,0,0
1508117821,s1-eth2,59940.00,1226424.00,1286364.00,1226424,59940,810.00,812.00,1622.00,812,810,0.00,0.00,0,0
1508117821,s1-eth1,1226424.00,59940.00,1286364.00,59940,1226424,812.00,810.00,1622.00,810,812,0.00,0.00,0,0
1508117821,s3,0.00,84.00,84.00,84,0,0.00,2.00,2.00,2,0,0.00,0.00,0,0
1508117821,s2-eth2,12140.00,255950.00,268090.00,255950,12140,160.00,171.00,331.00,171,160,0.00,0.00,0,0
1508117821,s2-eth1,249894.00,12140.00,262034.00,12140,249894,167.00,160.00,327.00,160,167,0.00,0.00,0,0
1508117821,lo,1440.00,1440.00,2880.00,1440,1440,18.00,18.00,36.00,18,18,0.00,0.00,0,0
1508117821,s3-eth2,14230.00,213558.00,227788.00,213558,14230,161.00,143.00,304.00,143,161,0.00,0.00,0,0
1508117821,s3-eth1,249894.00,14230.00,264124.00,14230,249894,167.00,161.00,328.00,161,167,0.00,0.00,0,0
1508117821,total,1813962.00,1783934.00,3597896.00,1783934,1813962,2295.00,2281.00,4576.00,2281,2295,0.00,0.00,0,0
1508117822,s1,0.00,84.00,84.00,84,0,0.00,2.00,2.00,2,0,0.00,0.00,0,0
1508117822,eth0,0.00,0.00,0.00,0,0,0.00,0.00,0.00,0,0,0.00,0.00,0,0
1508117822,s2,0.00,84.00,84.00,84,0,0.00,2.00,2.00,2,0,0.00,0.00,0,0
1508117822,s1-eth2,47656.00,1243078.00,1290734.00,1243078,47656,644.00,823.00,1467.00,823,644,0.00,0.00,0,0
1508117822,s1-eth1,1241564.00,47656.00,1289220.00,47656,1241564,822.00,644.00,1466.00,644,822,0.00,0.00,0,0
1508117822,s3,0.00,84.00,84.00,84,0,0.00,2.00,2.00,2,0,0.00,0.00,0,0
1508117822,s2-eth2,12342.00,254436.00,266778.00,254436,12342,159.00,170.00,329.00,170,159,0.00,0.00,0,0
1508117822,s2-eth1,250236.00,12342.00,262578.00,12342,250236,168.00,159.00,327.00,159,168,0.00,0.00,0,0
1508117822,lo,1440.00,1440.00,2880.00,1440,1440,18.00,18.00,36.00,18,18,0.00,0.00,0,0
1508117822,s3-eth2,13262.00,231726.00,244988.00,231726,13262,159.00,155.00,314.00,155,159,0.00,0.00,0,0
1508117822,s3-eth1,242324.00,13262.00,255586.00,13262,242324,162.00,159.00,321.00,159,162,0.00,0.00,0,0
1508117822,total,1808824.00,1804192.00,3613016.00,1804192,1808824,2132.00,2134.00,4266.00,2134,2132,0.00,0.00,0,0
1508117823,s1,0.00,84.00,84.00,84,0,0.00,2.00,2.00,2,0,0.00,0.00,0,0
1508117823,eth0,0.00,0.00,0.00,0,0,0.00,0.00,0.00,0,0,0.00,0.00,0,0
1508117823,s2,0.00,84.00,84.00,84,0,0.00,2.00,2.00,2,0,0.00,0.00,0,0
1508117823,s1-eth2,32371.00,1247620.00,1279991.00,1247620,32371,437.00,826.00,1263.00,826,437,0.00,0.00,0,0
1508117823,s1-eth1,1247727.00,32264.00,1279991.00,32264,1247727,827.00,436.00,1263.00,436,827,0.00,0.00,0,0
1508117823,s3,0.00,84.00,84.00,84,0,0.00,2.00,2.00,2,0,0.00,0.00,0,0
1508117823,s2-eth2,11935.00,262006.00,273941.00,262006,11935,157.00,175.00,332.00,175,157,0.00,0.00,0,0
1508117823,s2-eth1,249894.00,11828.00,261722.00,11828,249894,167.00,156.00,323.00,156,167,0.00,0.00,0,0
1508117823,lo,1440.00,1440.00,2880.00,1440,1440,18.00,18.00,36.00,18,18,0.00,0.00,0,0
1508117823,s3-eth2,9374.00,172680.00,182054.00,172680,9374,117.00,116.00,233.00,116,117,0.00,0.00,0,0
1508117823,s3-eth1,174194.00,9374.00,183568.00,9374,174194,117.00,117.00,234.00,117,117,0.00,0.00,0,0
1508117823,total,1726935.00,1737464.00,3464399.00,1737464,1726935,1840.00,1850.00,3690.00,1850,1840,0.00,0.00,0,0
1508117824,s1,0.00,0.00,0.00,0,0,0.00,0.00,0.00,0,0,0.00,0.00,0,0
1508117824,eth0,0.00,0.00,0.00,0,0,0.00,0.00,0.00,0,0,0.00,0.00,0,0
1508117824,s2,0.00,0.00,0.00,0,0,0.00,0.00,0.00,0,0,0.00,0.00,0,0
1508117824,s1-eth2,31746.00,1249050.00,1280796.00,1249050,31746,429.00,825.00,1254.00,825,429,0.00,0.00,0,0
1508117824,s1-eth1,1250564.00,31746.00,1282310.00,31746,1250564,826.00,429.00,1255.00,429,826,0.00,0.00,0,0
1508117824,s3,0.00,0.00,0.00,0,0,0.00,0.00,0.00,0,0,0.00,0.00,0,0
1508117824,s2-eth2,12118.00,257380.00,269498.00,257380,12118,161.00,170.00,331.00,170,161,0.00,0.00,0,0
1508117824,s2-eth1,249917.00,12192.00,262109.00,12192,249917,166.00,162.00,328.00,162,166,0.00,0.00,0,0
1508117824,lo,0.00,0.00,0.00,0,0,0.00,0.00,0.00,0,0,0.00,0.00,0,0
1508117824,s3-eth2,5407.00,107494.00,112901.00,107494,5407,71.00,71.00,142.00,71,71,0.00,0.00,0,0
1508117824,s3-eth1,110629.00,5300.00,115929.00,5300,110629,74.00,70.00,144.00,70,74,0.00,0.00,0,0
1508117824,total,1660381.00,1663162.00,3323543.00,1663162,1660381,1727.00,1727.00,3454.00,1727,1727,0.00,0.00,0,0
1508117825,s1,0.00,0.00,0.00,0,0,0.00,0.00,0.00,0,0,0.00,0.00,0,0
1508117825,eth0,0.00,0.00,0.00,0,0,0.00,0.00,0.00,0,0,0.00,0.00,0,0
1508117825,s2,0.00,0.00,0.00,0,0,0.00,0.00,0.00,0,0,0.00,0.00,0,0
1508117825,s1-eth2,36038.00,1249050.00,1285088.00,1249050,36038,487.00,825.00,1312.00,825,487,0.00,0.00,0,0
1508117825,s1-eth1,1247536.00,35964.00,1283500.00,35964,1247536,824.00,486.00,1310.00,486,824,0.00,0.00,0,0
1508117825,s3,0.00,0.00,0.00,0,0,0.00,0.00,0.00,0,0,0.00,0.00,0,0
1508117825,s2-eth2,12708.00,252838.00,265546.00,252838,12708,164.00,167.00,331.00,167,164,0.00,0.00,0,0
1508117825,s2-eth1,251324.00,12634.00,263958.00,12634,251324,166.00,163.00,329.00,163,166,0.00,0.00,0,0
1508117825,lo,0.00,0.00,0.00,0,0,0.00,0.00,0.00,0,0,0.00,0.00,0,0
1508117825,s3-eth2,5518.00,112036.00,117554.00,112036,5518,71.00,74.00,145.00,74,71,0.00,0.00,0,0
1508117825,s3-eth1,102952.00,5518.00,108470.00,5518,102952,68.00,71.00,139.00,71,68,0.00,0.00,0,0
1508117825,total,1656076.00,1668040.00,3324116.00,1668040,1656076,1780.00,1786.00,3566.00,1786,1780,0.00,0.00,0,0
1508117826,s1,0.00,0.00,0.00,0,0,0.00,0.00,0.00,0,0,0.00,0.00,0,0
1508117826,eth0,0.00,119.76,119.76,120,0,0.00,2.00,2.00,2,0,0.00,0.00,0,0
1508117826,s2,0.00,0.00,0.00,0,0,0.00,0.00,0.00,0,0,0.00,0.00,0,0
1508117826,s1-eth2,30842.32,1251089.88,1281932.12,1253592,30904,413.17,826.35,1239.52,828,414,0.00,0.00,0,0
1508117826,s1-eth1,1251089.88,30501.00,1281590.88,30562,1253592,826.35,412.18,1238.52,413,828,0.00,0.00,0,0
1508117826,s3,0.00,0.00,0.00,0,0,0.00,0.00,0.00,0,0,0.00,0.00,0,0
1508117826,s2-eth2,12415.17,256866.28,269281.44,257380,12440,159.68,169.66,329.34,170,160,0.00,0.00,0,0
1508117826,s2-eth1,249311.39,12415.17,261726.55,12440,249810,164.67,159.68,324.35,160,165,0.00,0.00,0,0
1508117826,lo,0.00,0.00,0.00,0,0,0.00,0.00,0.00,0,0,0.00,0.00,0,0
1508117826,s3-eth2,5982.04,128433.14,134415.17,128690,5994,80.84,84.83,165.67,85,81,0.00,0.00,0,0
1508117826,s3-eth1,129944.12,5982.04,135926.16,5994,130204,85.83,80.84,166.67,81,86,0.00,0.00,0,0
1508117826,total,1679584.88,1685407.25,3364992.00,1688778,1682944,1730.54,1735.53,3466.07,1739,1734,0.00,0.00,0,0
1508117827,s1,0.00,0.00,0.00,0,0,0.00,0.00,0.00,0,0,0.00,0.00,0,0
1508117827,eth0,0.00,0.00,0.00,0,0,0.00,0.00,0.00,0,0,0.00,0.00,0,0
1508117827,s2,0.00,0.00,0.00,0,0,0.00,0.00,0.00,0,0,0.00,0.00,0,0
1508117827,s1-eth2,29970.00,1226340.00,1256310.00,1226340,29970,405.00,810.00,1215.00,810,405,0.00,0.00,0,0
1508117827,s1-eth1,1226340.00,30044.00,1256384.00,30044,1226340,810.00,406.00,1216.00,406,810,0.00,0.00,0,0
1508117827,s3,0.00,0.00,0.00,0,0,0.00,0.00,0.00,0,0,0.00,0.00,0,0
1508117827,s2-eth2,11938.00,255866.00,267804.00,255866,11938,157.00,169.00,326.00,169,157,0.00,0.00,0,0
1508117827,s2-eth1,249810.00,12012.00,261822.00,12012,249810,165.00,158.00,323.00,158,165,0.00,0.00,0,0
1508117827,lo,344.00,344.00,688.00,344,344,6.00,6.00,12.00,6,6,0.00,0.00,0,0
1508117827,s3-eth2,4728.00,89326.00,94054.00,89326,4728,60.00,59.00,119.00,59,60,0.00,0.00,0,0
1508117827,s3-eth1,90840.00,4876.00,95716.00,4876,90840,60.00,62.00,122.00,62,60,0.00,0.00,0,0
1508117827,total,1613970.00,1618808.00,3232778.00,1618808,1613970,1663.00,1670.00,3333.00,1670,1663,0.00,0.00,0,0
1508117828,s1,0.00,0.00,0.00,0,0,0.00,0.00,0.00,0,0,0.00,0.00,0,0
1508117828,eth0,0.00,0.00,0.00,0,0,0.00,0.00,0.00,0,0,0.00,0.00,0,0
1508117828,s2,0.00,0.00,0.00,0,0,0.00,0.00,0.00,0,0,0.00,0.00,0,0
1508117828,s1-eth2,33226.00,1247536.00,1280762.00,1247536,33226,449.00,824.00,1273.00,824,449,0.00,0.00,0,0
1508117828,s1-eth1,1247536.00,33152.00,1280688.00,33152,1247536,824.00,448.00,1272.00,448,824,0.00,0.00,0,0
1508117828,s3,0.00,0.00,0.00,0,0,0.00,0.00,0.00,0,0,0.00,0.00,0,0
1508117828,s2-eth2,12190.00,263478.00,275668.00,263478,12190,163.00,175.00,338.00,175,163,0.00,0.00,0,0
1508117828,s2-eth1,251366.00,12190.00,263556.00,12190,251366,167.00,163.00,330.00,163,167,0.00,0.00,0,0
1508117828,lo,1356.00,1356.00,2712.00,1356,1356,15.00,15.00,30.00,15,15,0.00,0.00,0,0
1508117828,s3-eth2,4010.00,80284.00,84294.00,80284,4010,53.00,54.00,107.00,54,53,0.00,0.00,0,0
1508117828,s3-eth1,80626.00,3862.00,84488.00,3862,80626,55.00,51.00,106.00,51,55,0.00,0.00,0,0
1508117828,total,1630310.00,1641858.00,3272168.00,1641858,1630310,1726.00,1730.00,3456.00,1730,1726,0.00,0.00,0,0
1508117829,s1,0.00,0.00,0.00,0,0,0.00,0.00,0.00,0,0,0.00,0.00,0,0
1508117829,eth0,0.00,0.00,0.00,0,0,0.00,0.00,0.00,0,0,0.00,0.00,0,0
1508117829,s2,0.00,0.00,0.00,0,0,0.00,0.00,0.00,0,0,0.00,0.00,0,0
1508117829,s1-eth2,30488.00,1246022.00,1276510.00,1246022,30488,412.00,823.00,1235.00,823,412,0.00,0.00,0,0
1508117829,s1-eth1,1246022.00,30488.00,1276510.00,30488,1246022,823.00,412.00,1235.00,412,823,0.00,0.00,0,0
1508117829,s3,0.00,0.00,0.00,0,0,0.00,0.00,0.00,0,0,0.00,0.00,0,0
1508117829,s2-eth2,12246.00,248296.00,260542.00,248296,12246,159.00,164.00,323.00,164,159,0.00,0.00,0,0
1508117829,s2-eth1,249810.00,12172.00,261982.00,12172,249810,165.00,158.00,323.00,158,165,0.00,0.00,0,0
1508117829,lo,0.00,0.00,0.00,0,0,0.00,0.00,0.00,0,0,0.00,0.00,0,0
1508117829,s3-eth2,4736.00,104466.00,109202.00,104466,4736,64.00,69.00,133.00,69,64,0.00,0.00,0,0
1508117829,s3-eth1,95382.00,4736.00,100118.00,4736,95382,63.00,64.00,127.00,64,63,0.00,0.00,0,0
1508117829,total,1638684.00,1646180.00,3284864.00,1646180,1638684,1686.00,1690.00,3376.00,1690,1686,0.00,0.00,0,0
1508117830,s1,0.00,0.00,0.00,0,0,0.00,0.00,0.00,0,0,0.00,0.00,0,0
1508117830,eth0,0.00,0.00,0.00,0,0,0.00,0.00,0.00,0,0,0.00,0.00,0,0
1508117830,s2,0.00,0.00,0.00,0,0,0.00,0.00,0.00,0,0,0.00,0.00,0,0
1508117830,s1-eth2,34928.00,1250564.00,1285492.00,1250564,34928,472.00,826.00,1298.00,826,472,0.00,0.00,0,0
1508117830,s1-eth1,1250906.00,34928.00,1285834.00,34928,1250906,827.00,472.00,1299.00,472,827,0.00,0.00,0,0
1508117830,s3,0.00,0.00,0.00,0,0,0.00,0.00,0.00,0,0,0.00,0.00,0,0
1508117830,s2-eth2,10848.00,227100.00,237948.00,227100,10848,138.00,150.00,288.00,150,138,0.00,0.00,0,0
1508117830,s2-eth1,216502.00,10848.00,227350.00,10848,216502,143.00,138.00,281.00,138,143,0.00,0.00,0,0
1508117830,lo,0.00,0.00,0.00,0,0,0.00,0.00,0.00,0,0,0.00,0.00,0,0
1508117830,s3-eth2,4938.00,98410.00,103348.00,98410,4938,63.00,65.00,128.00,65,63,0.00,0.00,0,0
1508117830,s3-eth1,104466.00,4938.00,109404.00,4938,104466,69.00,63.00,132.00,63,69,0.00,0.00,0,0
1508117830,total,1622588.00,1626788.00,3249376.00,1626788,1622588,1712.00,1714.00,3426.00,1714,1712,0.00,0.00,0,0
1508117831,s1,0.00,0.00,0.00,0,0,0.00,0.00,0.00,0,0,0.00,0.00,0,0
1508117831,eth0,0.00,0.00,0.00,0,0,0.00,0.00,0.00,0,0,0.00,0.00,0,0
1508117831,s2,0.00,0.00,0.00,0,0,0.00,0.00,0.00,0,0,0.00,0.00,0,0
1508117831,s1-eth2,30457.54,1247802.25,1278259.75,1249050,30488,411.59,824.18,1235.76,825,412,0.00,0.00,0,0
1508117831,s1-eth1,1247802.25,30531.47,1278333.75,30562,1249050,824.18,412.59,1236.76,413,825,0.00,0.00,0,0
1508117831,s3,0.00,0.00,0.00,0,0,0.00,0.00,0.00,0,0,0.00,0.00,0,0
1508117831,s2-eth2,11100.90,243510.50,254611.39,243754,11112,145.85,160.84,306.69,161,146,0.00,0.00,0,0
1508117831,s2-eth1,230239.77,11100.90,241340.67,11112,230470,152.85,145.85,298.70,146,153,0.00,0.00,0,0
1508117831,lo,0.00,0.00,0.00,0,0,0.00,0.00,0.00,0,0,0.00,0.00,0,0
1508117831,s3-eth2,4681.32,104361.64,109042.96,104466,4686,62.94,68.93,131.87,69,63,0.00,0.00,0,0
1508117831,s3-eth1,93774.23,4681.32,98455.55,4686,93868,61.94,62.94,124.88,63,62,0.00,0.00,0,0
1508117831,total,1618056.00,1641988.00,3260044.00,1643630,1619674,1659.34,1675.32,3334.67,1677,1661,0.00,0.00,0,0
1508117832,s1,0.00,0.00,0.00,0,0,0.00,0.00,0.00,0,0,0.00,0.00,0,0
1508117832,eth0,0.00,0.00,0.00,0,0,0.00,0.00,0.00,0,0,0.00,0.00,0,0
1508117832,s2,0.00,0.00,0.00,0,0,0.00,0.00,0.00,0,0,0.00,0.00,0,0
1508117832,s1-eth2,32560.00,1250564.00,1283124.00,1250564,32560,440.00,826.00,1266.00,826,440,0.00,0.00,0,0
1508117832,s1-eth1,1250564.00,32560.00,1283124.00,32560,1250564,826.00,440.00,1266.00,440,826,0.00,0.00,0,0
1508117832,s3,0.00,0.00,0.00,0,0,0.00,0.00,0.00,0,0,0.00,0.00,0,0
1508117832,s2-eth2,12482.00,255866.00,268348.00,255866,12482,161.00,169.00,330.00,169,161,0.00,0.00,0,0
1508117832,s2-eth1,249810.00,12140.00,261950.00,12140,249810,165.00,160.00,325.00,160,165,0.00,0.00,0,0
1508117832,lo,0.00,0.00,0.00,0,0,0.00,0.00,0.00,0,0,0.00,0.00,0,0
1508117832,s3-eth2,5690.00,109008.00,114698.00,109008,5690,71.00,72.00,143.00,72,71,0.00,0.00,0,0
1508117832,s3-eth1,115064.00,5348.00,120412.00,5348,115064,76.00,70.00,146.00,70,76,0.00,0.00,0,0
1508117832,total,1666170.00,1665486.00,3331656.00,1665486,1666170,1739.00,1737.00,3476.00,1737,1739,0.00,0.00,0,0
1508117833,s1,0.00,0.00,0.00,0,0,0.00,0.00,0.00,0,0,0.00,0.00,0,0
1508117833,eth0,0.00,180.00,180.00,180,0,0.00,3.00,3.00,3,0,0.00,0.00,0,0
1508117833,s2,0.00,0.00,0.00,0,0,0.00,0.00,0.00,0,0,0.00,0.00,0,0
1508117833,s1-eth2,37814.00,1250564.00,1288378.00,1250564,37814,511.00,826.00,1337.00,826,511,0.00,0.00,0,0
1508117833,s1-eth1,1250564.00,37814.00,1288378.00,37814,1250564,826.00,511.00,1337.00,511,826,0.00,0.00,0,0
1508117833,s3,0.00,0.00,0.00,0,0,0.00,0.00,0.00,0,0,0.00,0.00,0,0
1508117833,s2-eth2,12584.00,258894.00,271478.00,258894,12584,162.00,171.00,333.00,171,162,0.00,0.00,0,0
1508117833,s2-eth1,249810.00,12584.00,262394.00,12584,249810,165.00,162.00,327.00,162,165,0.00,0.00,0,0
1508117833,lo,516.00,516.00,1032.00,516,516,9.00,9.00,18.00,9,9,0.00,0.00,0,0
1508117833,s3-eth2,5670.00,109008.00,114678.00,109008,5670,71.00,72.00,143.00,72,71,0.00,0.00,0,0
1508117833,s3-eth1,96896.00,5756.00,102652.00,5756,96896,64.00,72.00,136.00,72,64,0.00,0.00,0,0
1508117833,total,1653854.00,1675316.00,3329170.00,1675316,1653854,1808.00,1826.00,3634.00,1826,1808,0.00,0.00,0,0
1508117834,s1,0.00,0.00,0.00,0,0,0.00,0.00,0.00,0,0,0.00,0.00,0,0
1508117834,eth0,0.00,0.00,0.00,0,0,0.00,0.00,0.00,0,0,0.00,0.00,0,0
1508117834,s2,0.00,0.00,0.00,0,0,0.00,0.00,0.00,0,0,0.00,0.00,0,0
1508117834,s1-eth2,34262.00,1250564.00,1284826.00,1250564,34262,463.00,826.00,1289.00,826,463,0.00,0.00,0,0
1508117834,s1-eth1,1250564.00,34188.00,1284752.00,34188,1250564,826.00,462.00,1288.00,462,826,0.00,0.00,0,0
1508117834,s3,0.00,0.00,0.00,0,0,0.00,0.00,0.00,0,0,0.00,0.00,0,0
1508117834,s2-eth2,12504.00,261922.00,274426.00,261922,12504,162.00,173.00,335.00,173,162,0.00,0.00,0,0
1508117834,s2-eth1,249810.00,12504.00,262314.00,12504,249810,165.00,162.00,327.00,162,165,0.00,0.00,0,0
1508117834,lo,0.00,0.00,0.00,0,0,0.00,0.00,0.00,0,0,0.00,0.00,0,0
1508117834,s3-eth2,3982.00,83270.00,87252.00,83270,3982,51.00,55.00,106.00,55,51,0.00,0.00,0,0
1508117834,s3-eth1,87812.00,3896.00,91708.00,3896,87812,58.00,50.00,108.00,50,58,0.00,0.00,0,0
1508117834,total,1638934.00,1646344.00,3285278.00,1646344,1638934,1725.00,1728.00,3453.00,1728,1725,0.00,0.00,0,0
1508117835,s1,0.00,0.00,0.00,0,0,0.00,0.00,0.00,0,0,0.00,0.00,0,0
1508117835,eth0,0.00,172.00,172.00,172,0,0.00,2.00,2.00,2,0,0.00,0.00,0,0
1508117835,s2,0.00,0.00,0.00,0,0,0.00,0.00,0.00,0,0,0.00,0.00,0,0
1508117835,s1-eth2,31524.00,1249050.00,1280574.00,1249050,31524,426.00,825.00,1251.00,825,426,0.00,0.00,0,0
1508117835,s1-eth1,1249050.00,31524.00,1280574.00,31524,1249050,825.00,426.00,1251.00,426,825,0.00,0.00,0,0
1508117835,s3,0.00,0.00,0.00,0,0,0.00,0.00,0.00,0,0,0.00,0.00,0,0
1508117835,s2-eth2,12072.00,260408.00,272480.00,260408,12072,156.00,172.00,328.00,172,156,0.00,0.00,0,0
1508117835,s2-eth1,249810.00,12146.00,261956.00,12146,249810,165.00,157.00,322.00,157,165,0.00,0.00,0,0
1508117835,lo,0.00,0.00,0.00,0,0,0.00,0.00,0.00,0,0,0.00,0.00,0,0
1508117835,s3-eth2,4116.00,92354.00,96470.00,92354,4116,54.00,61.00,115.00,61,54,0.00,0.00,0,0
1508117835,s3-eth1,81756.00,4116.00,85872.00,4116,81756,54.00,54.00,108.00,54,54,0.00,0.00,0,0
1508117835,total,1628328.00,1649770.00,3278098.00,1649770,1628328,1680.00,1697.00,3377.00,1697,1680,0.00,0.00,0,0
1508117836,s1,0.00,0.00,0.00,0,0,0.00,0.00,0.00,0,0,0.00,0.00,0,0
1508117836,eth0,0.00,0.00,0.00,0,0,0.00,0.00,0.00,0,0,0.00,0.00,0,0
1508117836,s2,0.00,0.00,0.00,0,0,0.00,0.00,0.00,0,0,0.00,0.00,0,0
1508117836,s1-eth2,36704.00,1250564.00,1287268.00,1250564,36704,496.00,826.00,1322.00,826,496,0.00,0.00,0,0
1508117836,s1-eth1,1250564.00,36778.00,1287342.00,36778,1250564,826.00,497.00,1323.00,497,826,0.00,0.00,0,0
1508117836,s3,0.00,0.00,0.00,0,0,0.00,0.00,0.00,0,0,0.00,0.00,0,0
1508117836,s2-eth2,12532.00,255866.00,268398.00,255866,12532,164.00,169.00,333.00,169,164,0.00,0.00,0,0
1508117836,s2-eth1,251324.00,12458.00,263782.00,12458,251324,166.00,163.00,329.00,163,166,0.00,0.00,0,0
1508117836,lo,0.00,0.00,0.00,0,0,0.00,0.00,0.00,0,0,0.00,0.00,0,0
1508117836,s3-eth2,3796.00,77214.00,81010.00,77214,3796,48.00,51.00,99.00,51,48,0.00,0.00,0,0
1508117836,s3-eth1,82098.00,3796.00,85894.00,3796,82098,55.00,48.00,103.00,48,55,0.00,0.00,0,0
1508117836,total,1637018.00,1636676.00,3273694.00,1636676,1637018,1755.00,1754.00,3509.00,1754,1755,0.00,0.00,0,0
1508117837,s1,0.00,0.00,0.00,0,0,0.00,0.00,0.00,0,0,0.00,0.00,0,0
1508117837,eth0,0.00,0.00,0.00,0,0,0.00,0.00,0.00,0,0,0.00,0.00,0,0
1508117837,s2,0.00,0.00,0.00,0,0,0.00,0.00,0.00,0,0,0.00,0.00,0,0
1508117837,s1-eth2,35520.00,1250564.00,1286084.00,1250564,35520,480.00,826.00,1306.00,826,480,0.00,0.00,0,0
1508117837,s1-eth1,1250564.00,35520.00,1286084.00,35520,1250564,826.00,480.00,1306.00,480,826,0.00,0.00,0,0
1508117837,s3,0.00,0.00,0.00,0,0,0.00,0.00,0.00,0,0,0.00,0.00,0,0
1508117837,s2-eth2,12008.00,263436.00,275444.00,263436,12008,160.00,174.00,334.00,174,160,0.00,0.00,0,0
1508117837,s2-eth1,249810.00,12008.00,261818.00,12008,249810,165.00,160.00,325.00,160,165,0.00,0.00,0,0
1508117837,lo,0.00,0.00,0.00,0,0,0.00,0.00,0.00,0,0,0.00,0.00,0,0
1508117837,s3-eth2,3500.00,72672.00,76172.00,72672,3500,44.00,48.00,92.00,48,44,0.00,0.00,0,0
1508117837,s3-eth1,59046.00,3500.00,62546.00,3500,59046,39.00,44.00,83.00,44,39,0.00,0.00,0,0
1508117837,total,1610448.00,1637700.00,3248148.00,1637700,1610448,1714.00,1732.00,3446.00,1732,1714,0.00,0.00,0,0
1508117838,s1,0.00,0.00,0.00,0,0,0.00,0.00,0.00,0,0,0.00,0.00,0,0
1508117838,eth0,576.00,1925.00,2501.00,1925,576,6.00,8.00,14.00,8,6,0.00,0.00,0,0
1508117838,s2,0.00,0.00,0.00,0,0,0.00,0.00,0.00,0,0,0.00,0.00,0,0
1508117838,s1-eth2,2220.00,354276.00,356496.00,354276,2220,30.00,234.00,264.00,234,30,0.00,0.00,0,0
1508117838,s3,0.00,0.00,0.00,0,0,0.00,0.00,0.00,0,0,0.00,0.00,0,0
1508117838,s2-eth2,12098.00,254352.00,266450.00,254352,12098,159.00,168.00,327.00,168,159,0.00,0.00,0,0
1508117838,s2-eth1,249810.00,12098.00,261908.00,12098,249810,165.00,159.00,324.00,159,165,0.00,0.00,0,0
1508117838,lo,1025.00,1025.00,2050.00,1025,1025,15.00,15.00,30.00,15,15,0.00,0.00,0,0
1508117838,s3-eth2,3264.00,66616.00,69880.00,66616,3264,42.00,44.00,86.00,44,42,0.00,0.00,0,0
1508117838,s3-eth1,75700.00,3264.00,78964.00,3264,75700,50.00,42.00,92.00,42,50,0.00,0.00,0,0
1508117838,total,18446744073709551616.00,18446744073709551616.00,18446744073709551616.00,18446744073709464457,18446744073685050366,18446744073709535232.00,18446744073709541376.00,18446744073709524992.00,18446744073709541736,18446744073709535605,0.00,0.00,0,0
1508117839,s1,0.00,0.00,0.00,0,0,0.00,0.00,0.00,0,0,0.00,0.00,0,0
1508117839,eth0,152.00,245.00,397.00,245,152,2.00,2.00,4.00,2,2,0.00,0.00,0,0
1508117839,s2,0.00,0.00,0.00,0,0,0.00,0.00,0.00,0,0,0.00,0.00,0,0
1508117839,s1-eth2,107.00,1514.00,1621.00,1514,107,1.00,1.00,2.00,1,1,0.00,0.00,0,0
1508117839,s3,0.00,0.00,0.00,0,0,0.00,0.00,0.00,0,0,0.00,0.00,0,0
1508117839,s2-eth2,12179.00,245268.00,257447.00,245268,12179,157.00,162.00,319.00,162,157,0.00,0.00,0,0
1508117839,s2-eth1,249810.00,12072.00,261882.00,12072,249810,165.00,156.00,321.00,156,165,0.00,0.00,0,0
1508117839,lo,341.00,341.00,682.00,341,341,4.00,4.00,8.00,4,4,0.00,0.00,0,0
1508117839,s3-eth2,4190.00,86298.00,90488.00,86298,4190,55.00,57.00,112.00,57,55,0.00,0.00,0,0
1508117839,s3-eth1,72672.00,4190.00,76862.00,4190,72672,48.00,55.00,103.00,55,48,0.00,0.00,0,0
1508117839,total,339451.00,349928.00,689379.00,349928,339451,432.00,437.00,869.00,437,432,0.00,0.00,0,0
1508117840,s1,0.00,0.00,0.00,0,0,0.00,0.00,0.00,0,0,0.00,0.00,0,0
1508117840,eth0,0.00,0.00,0.00,0,0,0.00,0.00,0.00,0,0,0.00,0.00,0,0
1508117840,s2,0.00,0.00,0.00,0,0,0.00,0.00,0.00,0,0,0.00,0.00,0,0
1508117840,s1-eth2,0.00,0.00,0.00,0,0,0.00,0.00,0.00,0,0,0.00,0.00,0,0
1508117840,s3,0.00,0.00,0.00,0,0,0.00,0.00,0.00,0,0,0.00,0.00,0,0
1508117840,s2-eth2,11976.00,255866.00,267842.00,255866,11976,158.00,169.00,327.00,169,158,0.00,0.00,0,0
1508117840,s2-eth1,249917.00,12062.00,261979.00,12062,249917,166.00,159.00,325.00,159,166,0.00,0.00,0,0
1508117840,lo,0.00,0.00,0.00,0,0,0.00,0.00,0.00,0,0,0.00,0.00,0,0
1508117840,s3-eth2,2713.00,66616.00,69329.00,66616,2713,34.00,44.00,78.00,44,34,0.00,0.00,0,0
1508117840,s3-eth1,75807.00,2606.00,78413.00,2606,75807,51.00,33.00,84.00,33,51,0.00,0.00,0,0
1508117840,total,340413.00,337150.00,677563.00,337150,340413,409.00,405.00,814.00,405,409,0.00,0.00,0,0
1508117841,s1,0.00,0.00,0.00,0,0,0.00,0.00,0.00,0,0,0.00,0.00,0,0
1508117841,eth0,0.00,120.00,120.00,120,0,0.00,2.00,2.00,2,0,0.00,0.00,0,0
1508117841,s2,0.00,0.00,0.00,0,0,0.00,0.00,0.00,0,0,0.00,0.00,0,0
1508117841,s1-eth2,342.00,1514.00,1856.00,1514,342,1.00,1.00,2.00,1,1,0.00,0.00,0,0
1508117841,s3,0.00,0.00,0.00,0,0,0.00,0.00,0.00,0,0,0.00,0.00,0,0
1508117841,s2-eth2,11860.00,261922.00,273782.00,261922,11860,154.00,173.00,327.00,173,154,0.00,0.00,0,0
1508117841,s2-eth1,249810.00,11774.00,261584.00,11774,249810,165.00,153.00,318.00,153,165,0.00,0.00,0,0
1508117841,lo,0.00,0.00,0.00,0,0,0.00,0.00,0.00,0,0,0.00,0.00,0,0
1508117841,s3-eth2,3484.00,74186.00,77670.00,74186,3484,44.00,49.00,93.00,49,44,0.00,0.00,0,0
1508117841,s3-eth1,62074.00,3484.00,65558.00,3484,62074,41.00,44.00,85.00,44,41,0.00,0.00,0,0
1508117841,total,327570.00,353000.00,680570.00,353000,327570,405.00,422.00,827.00,422,405,0.00,0.00,0,0
1508117842,s1,0.00,0.00,0.00,0,0,0.00,0.00,0.00,0,0,0.00,0.00,0,0
1508117842,eth0,0.00,0.00,0.00,0,0,0.00,0.00,0.00,0,0,0.00,0.00,0,0
1508117842,s2,0.00,0.00,0.00,0,0,0.00,0.00,0.00,0,0,0.00,0.00,0,0
1508117842,s1-eth2,0.00,0.00,0.00,0,0,0.00,0.00,0.00,0,0,0.00,0.00,0,0
1508117842,s3,0.00,0.00,0.00,0,0,0.00,0.00,0.00,0,0,0.00,0.00,0,0
1508117842,s2-eth2,12078.00,252838.00,264916.00,252838,12078,159.00,167.00,326.00,167,159,0.00,0.00,0,0
1508117842,s2-eth1,250152.00,12078.00,262230.00,12078,250152,166.00,159.00,325.00,159,166,0.00,0.00,0,0
1508117842,lo,0.00,0.00,0.00,0,0,0.00,0.00,0.00,0,0,0.00,0.00,0,0
1508117842,s3-eth2,2590.00,66616.00,69206.00,66616,2590,35.00,44.00,79.00,44,35,0.00,0.00,0,0
1508117842,s3-eth1,72672.00,2590.00,75262.00,2590,72672,48.00,35.00,83.00,35,48,0.00,0.00,0,0
1508117842,total,337492.00,334122.00,671614.00,334122,337492,408.00,405.00,813.00,405,408,0.00,0.00,0,0
1508117843,s1,0.00,0.00,0.00,0,0,0.00,0.00,0.00,0,0,0.00,0.00,0,0
1508117843,eth0,59.94,59.94,119.88,60,60,1.00,1.00,2.00,1,1,0.00,0.00,0,0
1508117843,s2,0.00,0.00,0.00,0,0,0.00,0.00,0.00,0,0,0.00,0.00,0,0
1508117843,s1-eth2,0.00,0.00,0.00,0,0,0.00,0.00,0.00,0,0,0.00,0.00,0,0
1508117843,s3,0.00,0.00,0.00,0,0,0.00,0.00,0.00,0,0,0.00,0.00,0,0
1508117843,s2-eth2,12749.25,252585.42,265334.69,252838,12762,160.84,166.83,327.67,167,161,0.00,0.00,0,0
1508117843,s2-eth1,249560.45,12493.51,262053.95,12506,249810,164.84,160.84,325.67,161,165,0.00,0.00,0,0
1508117843,lo,515.48,515.48,1030.97,516,516,8.99,8.99,17.98,9,9,0.00,0.00,0,0
1508117843,s3-eth2,3962.04,95286.72,99248.76,95382,3966,48.95,62.94,111.89,63,49,0.00,0.00,0,0
1508117843,s3-eth1,87724.28,3620.38,91344.66,3624,87812,57.94,47.95,105.89,48,58,0.00,0.00,0,0
1508117843,total,354571.44,364561.44,719132.88,364926,354926,442.56,448.55,891.11,449,443,0.00,0.00,0,0
1508117844,s1,0.00,0.00,0.00,0,0,0.00,0.00,0.00,0,0,0.00,0.00,0,0
1508117844,eth0,0.00,0.00,0.00,0,0,0.00,0.00,0.00,0,0,0.00,0.00,0,0
1508117844,s2,0.00,0.00,0.00,0,0,0.00,0.00,0.00,0,0,0.00,0.00,0,0
1508117844,s1-eth2,0.00,1514.00,1514.00,1514,0,0.00,1.00,1.00,1,0,0.00,0.00,0,0
1508117844,s3,0.00,0.00,0.00,0,0,0.00,0.00,0.00,0,0,0.00,0.00,0,0
1508117844,s2-eth2,12424.00,267978.00,280402.00,267978,12424,162.00,177.00,339.00,177,162,0.00,0.00,0,0
1508117844,s2-eth1,251324.00,12412.00,263736.00,12412,251324,166.00,162.00,328.00,162,166,0.00,0.00,0,0
1508117844,lo,0.00,0.00,0.00,0,0,0.00,0.00,0.00,0,0,0.00,0.00,0,0
1508117844,s3-eth2,3892.00,78728.00,82620.00,78728,3892,50.00,52.00,102.00,52,50,0.00,0.00,0,0
1508117844,s3-eth1,84784.00,3892.00,88676.00,3892,84784,56.00,50.00,106.00,50,56,0.00,0.00,0,0
1508117844,total,352424.00,364524.00,716948.00,364524,352424,434.00,442.00,876.00,442,434,0.00,0.00,0,0
1508117845,s1,0.00,0.00,0.00,0,0,0.00,0.00,0.00,0,0,0.00,0.00,0,0
1508117845,eth0,0.00,0.00,0.00,0,0,0.00,0.00,0.00,0,0,0.00,0.00,0,0
1508117845,s2,0.00,0.00,0.00,0,0,0.00,0.00,0.00,0,0,0.00,0.00,0,0
1508117845,s1-eth2,0.00,0.00,0.00,0,0,0.00,0.00,0.00,0,0,0.00,0.00,0,0
1508117845,s3,0.00,0.00,0.00,0,0,0.00,0.00,0.00,0,0,0.00,0.00,0,0
1508117845,s2-eth2,12142.00,255866.00,268008.00,255866,12142,157.00,169.00,326.00,169,157,0.00,0.00,0,0
1508117845,s2-eth1,249810.00,12068.00,261878.00,12068,249810,165.00,156.00,321.00,156,165,0.00,0.00,0,0
1508117845,lo,0.00,0.00,0.00,0,0,0.00,0.00,0.00,0,0,0.00,0.00,0,0
1508117845,s3-eth2,3068.00,71158.00,74226.00,71158,3068,40.00,47.00,87.00,47,40,0.00,0.00,0,0
1508117845,s3-eth1,62074.00,3068.00,65142.00,3068,62074,41.00,40.00,81.00,40,41,0.00,0.00,0,0
1508117845,total,327094.00,342160.00,669254.00,342160,327094,403.00,412.00,815.00,412,403,0.00,0.00,0,0
1508117846,s1,0.00,0.00,0.00,0,0,0.00,0.00,0.00,0,0,0.00,0.00,0,0
1508117846,eth0,0.00,0.00,0.00,0,0,0.00,0.00,0.00,0,0,0.00,0.00,0,0
1508117846,s2,0.00,0.00,0.00,0,0,0.00,0.00,0.00,0,0,0.00,0.00,0,0
1508117846,s1-eth2,0.00,0.00,0.00,0,0,0.00,0.00,0.00,0,0,0.00,0.00,0,0
1508117846,s3,0.00,0.00,0.00,0,0,0.00,0.00,0.00,0,0,0.00,0.00,0,0
1508117846,s2-eth2,12346.00,263436.00,275782.00,263436,12346,161.00,174.00,335.00,174,161,0.00,0.00,0,0
1508117846,s2-eth1,248296.00,12420.00,260716.00,12420,248296,164.00,162.00,326.00,162,164,0.00,0.00,0,0
1508117846,lo,0.00,0.00,0.00,0,0,0.00,0.00,0.00,0,0,0.00,0.00,0,0
1508117846,s3-eth2,2698.00,65102.00,67800.00,65102,2698,35.00,43.00,78.00,43,35,0.00,0.00,0,0
1508117846,s3-eth1,68130.00,2698.00,70828.00,2698,68130,45.00,35.00,80.00,35,45,0.00,0.00,0,0
1508117846,total,331470.00,343656.00,675126.00,343656,331470,405.00,414.00,819.00,414,405,0.00,0.00,0,0
1508117847,s1,0.00,0.00,0.00,0,0,0.00,0.00,0.00,0,0,0.00,0.00,0,0
1508117847,eth0,0.00,0.00,0.00,0,0,0.00,0.00,0.00,0,0,0.00,0.00,0,0
1508117847,s2,0.00,0.00,0.00,0,0,0.00,0.00,0.00,0,0,0.00,0.00,0,0
1508117847,s1-eth2,0.00,0.00,0.00,0,0,0.00,0.00,0.00,0,0,0.00,0.00,0,0
1508117847,s3,0.00,0.00,0.00,0,0,0.00,0.00,0.00,0,0,0.00,0.00,0,0
1508117847,s2-eth2,12484.00,255866.00,268350.00,255866,12484,164.00,169.00,333.00,169,164,0.00,0.00,0,0
1508117847,s2-eth1,251324.00,12410.00,263734.00,12410,251324,166.00,163.00,329.00,163,166,0.00,0.00,0,0
1508117847,lo,0.00,0.00,0.00,0,0,0.00,0.00,0.00,0,0,0.00,0.00,0,0
1508117847,s3-eth2,2316.00,65102.00,67418.00,65102,2316,30.00,43.00,73.00,43,30,0.00,0.00,0,0
1508117847,s3-eth1,65102.00,2316.00,67418.00,2316,65102,43.00,30.00,73.00,30,43,0.00,0.00,0,0
1508117847,total,331226.00,335694.00,666920.00,335694,331226,403.00,405.00,808.00,405,403,0.00,0.00,0,0
1508117848,s1,0.00,0.00,0.00,0,0,0.00,0.00,0.00,0,0,0.00,0.00,0,0
1508117848,eth0,152.00,425.00,577.00,425,152,2.00,5.00,7.00,5,2,0.00,0.00,0,0
1508117848,s2,0.00,0.00,0.00,0,0,0.00,0.00,0.00,0,0,0.00,0.00,0,0
1508117848,s1-eth2,0.00,0.00,0.00,0,0,0.00,0.00,0.00,0,0,0.00,0.00,0,0
1508117848,s3,0.00,0.00,0.00,0,0,0.00,0.00,0.00,0,0,0.00,0.00,0,0
1508117848,s2-eth2,962.00,28766.00,29728.00,28766,962,13.00,19.00,32.00,19,13,0.00,0.00,0,0
1508117848,lo,1025.00,1025.00,2050.00,1025,1025,15.00,15.00,30.00,15,15,0.00,0.00,0,0
1508117848,s3-eth2,2450.00,48448.00,50898.00,48448,2450,31.00,32.00,63.00,32,31,0.00,0.00,0,0
1508117848,s3-eth1,42392.00,2450.00,44842.00,2450,42392,28.00,31.00,59.00,31,28,0.00,0.00,0,0
1508117848,total,18446744073709551616.00,18446744073709551616.00,18446744073709551616.00,18446744073709269029,18446744073702178031,18446744073709547520.00,18446744073709547520.00,18446744073709541376.00,18446744073709546975,18446744073709546748,0.00,0.00,0,0
1508117849,s1,0.00,0.00,0.00,0,0,0.00,0.00,0.00,0,0,0.00,0.00,0,0
1508117849,eth0,152.00,245.00,397.00,245,152,2.00,2.00,4.00,2,2,0.00,0.00,0,0
1508117849,s2,0.00,0.00,0.00,0,0,0.00,0.00,0.00,0,0,0.00,0.00,0,0
1508117849,s1-eth2,0.00,0.00,0.00,0,0,0.00,0.00,0.00,0,0,0.00,0.00,0,0
1508117849,s3,0.00,0.00,0.00,0,0,0.00,0.00,0.00,0,0,0.00,0.00,0,0
1508117849,s2-eth2,0.00,1514.00,1514.00,1514,0,0.00,1.00,1.00,1,0,0.00,0.00,0,0
1508117849,lo,341.00,341.00,682.00,341,341,4.00,4.00,8.00,4,4,0.00,0.00,0,0
1508117849,s3-eth2,1874.00,52990.00,54864.00,52990,1874,25.00,35.00,60.00,35,25,0.00,0.00,0,0
1508117849,s3-eth1,59046.00,1874.00,60920.00,1874,59046,39.00,25.00,64.00,25,39,0.00,0.00,0,0
1508117849,total,61413.00,56964.00,118377.00,56964,61413,70.00,67.00,137.00,67,70,0.00,0.00,0,0
1508117850,s1,0.00,0.00,0.00,0,0,0.00,0.00,0.00,0,0,0.00,0.00,0,0
1508117850,eth0,0.00,0.00,0.00,0,0,0.00,0.00,0.00,0,0,0.00,0.00,0,0
1508117850,s2,0.00,0.00,0.00,0,0,0.00,0.00,0.00,0,0,0.00,0.00,0,0
1508117850,s1-eth2,0.00,0.00,0.00,0,0,0.00,0.00,0.00,0,0,0.00,0.00,0,0
1508117850,s3,0.00,0.00,0.00,0,0,0.00,0.00,0.00,0,0,0.00,0.00,0,0
1508117850,s2-eth2,0.00,0.00,0.00,0,0,0.00,0.00,0.00,0,0,0.00,0.00,0,0
1508117850,lo,0.00,0.00,0.00,0,0,0.00,0.00,0.00,0,0,0.00,0.00,0,0
1508117850,s3-eth2,2316.00,60560.00,62876.00,60560,2316,30.00,40.00,70.00,40,30,0.00,0.00,0,0
1508117850,s3-eth1,49962.00,2316.00,52278.00,2316,49962,33.00,30.00,63.00,30,33,0.00,0.00,0,0
1508117850,total,52278.00,62876.00,115154.00,62876,52278,63.00,70.00,133.00,70,63,0.00,0.00,0,0
1508117851,s1,0.00,0.00,0.00,0,0,0.00,0.00,0.00,0,0,0.00,0.00,0,0
1508117851,eth0,0.00,0.00,0.00,0,0,0.00,0.00,0.00,0,0,0.00,0.00,0,0
1508117851,s2,0.00,0.00,0.00,0,0,0.00,0.00,0.00,0,0,0.00,0.00,0,0
1508117851,s1-eth2,0.00,1512.49,1512.49,1514,0,0.00,1.00,1.00,1,0,0.00,0.00,0,0
1508117851,s3,0.00,0.00,0.00,0,0,0.00,0.00,0.00,0,0,0.00,0.00,0,0
1508117851,s2-eth2,0.00,0.00,0.00,0,0,0.00,0.00,0.00,0,0,0.00,0.00,0,0
1508117851,lo,0.00,0.00,0.00,0,0,0.00,0.00,0.00,0,0,0.00,0.00,0,0
1508117851,s3-eth2,2355.64,54491.51,56847.16,54546,2358,30.97,36.96,67.93,37,31,0.00,0.00,0,0
1508117851,s3-eth1,60541.46,2355.64,62897.11,2358,60602,40.96,30.97,71.93,31,41,0.00,0.00,0,0
1508117851,total,62897.11,58359.64,121256.75,58418,62960,71.93,68.93,140.86,69,72,0.00,0.00,0,0
1508117852,s1,0.00,0.00,0.00,0,0,0.00,0.00,0.00,0,0,0.00,0.00,0,0
1508117852,eth0,0.00,0.00,0.00,0,0,0.00,0.00,0.00,0,0,0.00,0.00,0,0
1508117852,s2,0.00,0.00,0.00,0,0,0.00,0.00,0.00,0,0,0.00,0.00,0,0
1508117852,s1-eth2,0.00,0.00,0.00,0,0,0.00,0.00,0.00,0,0,0.00,0.00,0,0
1508117852,s3,0.00,0.00,0.00,0,0,0.00,0.00,0.00,0,0,0.00,0.00,0,0
1508117852,s2-eth2,342.00,1514.00,1856.00,1514,342,1.00,1.00,2.00,1,1,0.00,0.00,0,0
1508117852,lo,0.00,0.00,0.00,0,0,0.00,0.00,0.00,0,0,0.00,0.00,0,0
1508117852,s3-eth2,2242.00,63588.00,65830.00,63588,2242,29.00,42.00,71.00,42,29,0.00,0.00,0,0
1508117852,s3-eth1,54504.00,2242.00,56746.00,2242,54504,36.00,29.00,65.00,29,36,0.00,0.00,0,0
1508117852,total,57088.00,67344.00,124432.00,67344,57088,66.00,72.00,138.00,72,66,0.00,0.00,0,0
1508117853,s1,0.00,0.00,0.00,0,0,0.00,0.00,0.00,0,0,0.00,0.00,0,0
1508117853,eth0,0.00,0.00,0.00,0,0,0.00,0.00,0.00,0,0,0.00,0.00,0,0
1508117853,s2,0.00,0.00,0.00,0,0,0.00,0.00,0.00,0,0,0.00,0.00,0,0
1508117853,s1-eth2,0.00,0.00,0.00,0,0,0.00,0.00,0.00,0,0,0.00,0.00,0,0
1508117853,s3,0.00,0.00,0.00,0,0,0.00,0.00,0.00,0,0,0.00,0.00,0,0
1508117853,s2-eth2,0.00,0.00,0.00,0,0,0.00,0.00,0.00,0,0,0.00,0.00,0,0
1508117853,lo,516.00,516.00,1032.00,516,516,9.00,9.00,18.00,9,9,0.00,0.00,0,0
1508117853,s3-eth2,2020.00,54504.00,56524.00,54504,2020,26.00,36.00,62.00,36,26,0.00,0.00,0,0
1508117853,s3-eth1,62074.00,2020.00,64094.00,2020,62074,41.00,26.00,67.00,26,41,0.00,0.00,0,0
1508117853,total,64610.00,57040.00,121650.00,57040,64610,76.00,71.00,147.00,71,76,0.00,0.00,0,0
1508117854,s1,0.00,0.00,0.00,0,0,0.00,0.00,0.00,0,0,0.00,0.00,0,0
1508117854,eth0,0.00,0.00,0.00,0,0,0.00,0.00,0.00,0,0,0.00,0.00,0,0
1508117854,s2,0.00,0.00,0.00,0,0,0.00,0.00,0.00,0,0,0.00,0.00,0,0
1508117854,s1-eth2,0.00,0.00,0.00,0,0,0.00,0.00,0.00,0,0,0.00,0.00,0,0
1508117854,s3,0.00,0.00,0.00,0,0,0.00,0.00,0.00,0,0,0.00,0.00,0,0
1508117854,s2-eth2,0.00,0.00,0.00,0,0,0.00,0.00,0.00,0,0,0.00,0.00,0,0
1508117854,lo,0.00,0.00,0.00,0,0,0.00,0.00,0.00,0,0,0.00,0.00,0,0
1508117854,s3-eth2,2091.91,52937.06,55028.97,52990,2094,26.97,34.97,61.94,35,27,0.00,0.00,0,0
1508117854,s3-eth1,45374.62,2091.91,47466.54,2094,45420,29.97,26.97,56.94,27,30,0.00,0.00,0,0
1508117854,total,47466.54,55028.97,102495.51,55084,47514,56.94,61.94,118.88,62,57,0.00,0.00,0,0
1508117855,s1,0.00,0.00,0.00,0,0,0.00,0.00,0.00,0,0,0.00,0.00,0,0
1508117855,eth0,455.54,914.09,1369.63,915,456,5.99,8.99,14.99,9,6,0.00,0.00,0,0
1508117855,s2,0.00,0.00,0.00,0,0,0.00,0.00,0.00,0,0,0.00,0.00,0,0
1508117855,s1-eth2,529.47,0.00,529.47,0,530,3.00,0.00,3.00,0,3,0.00,0.00,0,0
1508117855,s3,0.00,0.00,0.00,0,0,0.00,0.00,0.00,0,0,0.00,0.00,0,0
1508117855,s2-eth2,0.00,0.00,0.00,0,0,0.00,0.00,0.00,0,0,0.00,0.00,0,0
1508117855,s2-eth1,521.48,0.00,521.48,0,522,3.00,0.00,3.00,0,3,0.00,0.00,0,0
1508117855,lo,1189.81,1189.81,2379.62,1191,1191,13.99,13.99,27.97,14,14,0.00,0.00,0,0
1508117855,s3-eth2,1848.15,58987.02,60835.17,59046,1850,24.98,38.96,63.94,39,25,0.00,0.00,0,0
1508117855,s3-eth1,61060.94,1848.15,62909.09,1850,61122,42.96,24.98,67.93,25,43,0.00,0.00,0,0
1508117855,total,7499932.50,427236.78,7927169.00,427664,7507432,5058.94,4837.16,9896.10,4842,5064,0.00,0.00,0,0
1508117856,s1,0.00,0.00,0.00,0,0,0.00,0.00,0.00,0,0,0.00,0.00,0,0
1508117856,eth0,608.00,980.00,1588.00,980,608,8.00,8.00,16.00,8,8,0.00,0.00,0,0
1508117856,s2,0.00,0.00,0.00,0,0,0.00,0.00,0.00,0,0,0.00,0.00,0,0
1508117856,s1-eth2,467.00,0.00,467.00,0,467,5.00,0.00,5.00,0,5,0.00,0.00,0,0
1508117856,s3,0.00,0.00,0.00,0,0,0.00,0.00,0.00,0,0,0.00,0.00,0,0
1508117856,s2-eth2,11036.00,221044.00,232080.00,221044,11036,138.00,146.00,284.00,146,138,0.00,0.00,0,0
1508117856,s2-eth1,210614.00,10396.00,221010.00,10396,210614,141.00,134.00,275.00,134,141,0.00,0.00,0,0
1508117856,lo,1364.00,1364.00,2728.00,1364,1364,16.00,16.00,32.00,16,16,0.00,0.00,0,0
1508117856,s3-eth2,3122.00,54504.00,57626.00,54504,3122,35.00,36.00,71.00,36,35,0.00,0.00,0,0
1508117856,s3-eth1,48526.00,2560.00,51086.00,2560,48526,33.00,32.00,65.00,32,33,0.00,0.00,0,0
1508117856,total,275737.00,290848.00,566585.00,290848,275737,376.00,372.00,748.00,372,376,0.00,0.00,0,0
1508117857,s1,0.00,0.00,0.00,0,0,0.00,0.00,0.00,0,0,0.00,0.00,0,0
1508117857,eth0,304.00,490.00,794.00,490,304,4.00,4.00,8.00,4,4,0.00,0.00,0,0
1508117857,s2,0.00,0.00,0.00,0,0,0.00,0.00,0.00,0,0,0.00,0.00,0,0
1508117857,s1-eth2,2198.00,0.00,2198.00,0,2198,9.00,0.00,9.00,0,9,0.00,0.00,0,0
1508117857,s3,0.00,0.00,0.00,0,0,0.00,0.00,0.00,0,0,0.00,0.00,0,0
1508117857,s2-eth2,12782.00,260408.00,273190.00,260408,12782,165.00,172.00,337.00,172,165,0.00,0.00,0,0
1508117857,s2-eth1,249985.00,11970.00,261955.00,11970,249985,173.00,159.00,332.00,159,173,0.00,0.00,0,0
1508117857,lo,682.00,682.00,1364.00,682,682,8.00,8.00,16.00,8,8,0.00,0.00,0,0
1508117857,s3-eth2,2454.00,48448.00,50902.00,48448,2454,31.00,32.00,63.00,32,31,0.00,0.00,0,0
1508117857,s3-eth1,48945.00,2376.00,51321.00,2376,48945,41.00,30.00,71.00,30,41,0.00,0.00,0,0
1508117857,total,317350.00,324374.00,641724.00,324374,317350,431.00,405.00,836.00,405,431,0.00,0.00,0,0
1508117858,s1,0.00,0.00,0.00,0,0,0.00,0.00,0.00,0,0,0.00,0.00,0,0
1508117858,eth0,211.79,386.61,598.40,387,212,3.00,4.00,6.99,4,3,0.00,0.00,0,0
1508117858,s2,0.00,0.00,0.00,0,0,0.00,0.00,0.00,0,0,0.00,0.00,0,0
1508117858,s1-eth2,593.41,0.00,593.41,0,594,2.00,0.00,2.00,0,2,0.00,0.00,0,0
1508117858,s3,0.00,0.00,0.00,0,0,0.00,0.00,0.00,0,0,0.00,0.00,0,0
1508117858,s2-eth2,13739.26,252585.42,266324.69,252838,13753,161.84,166.83,328.67,167,162,0.00,0.00,0,0
1508117858,s2-eth1,249179.83,12071.93,261251.75,12084,249429,168.83,155.84,324.68,156,169,0.00,0.00,0,0
1508117858,lo,908.09,908.09,1816.18,909,909,13.99,13.99,27.97,14,14,0.00,0.00,0,0
1508117858,s3-eth2,3181.82,40837.16,44018.98,40878,3185,28.97,26.97,55.94,27,29,0.00,0.00,0,0
1508117858,s3-eth1,44672.33,1404.60,46076.93,1406,44717,32.97,18.98,51.95,19,33,0.00,0.00,0,0
1508117858,total,312486.53,308193.81,620680.31,308502,312799,411.59,386.61,798.20,387,412,0.00,0.00,0,0
1508117859,s1,0.00,0.00,0.00,0,0,0.00,0.00,0.00,0,0,0.00,0.00,0,0
1508117859,eth0,440.00,461.00,901.00,461,440,5.00,4.00,9.00,4,5,0.00,0.00,0,0
1508117859,s2,0.00,0.00,0.00,0,0,0.00,0.00,0.00,0,0,0.00,0.00,0,0
1508117859,s1-eth2,107.00,0.00,107.00,0,107,1.00,0.00,1.00,0,1,0.00,0.00,0,0
1508117859,s3,0.00,0.00,0.00,0,0,0.00,0.00,0.00,0,0,0.00,0.00,0,0
1508117859,s2-eth2,13126.00,257380.00,270506.00,257380,13126,166.00,170.00,336.00,170,166,0.00,0.00,0,0
1508117859,s2-eth1,250137.00,12544.00,262681.00,12544,250137,166.00,164.00,330.00,164,166,0.00,0.00,0,0
1508117859,lo,341.00,341.00,682.00,341,341,4.00,4.00,8.00,4,4,0.00,0.00,0,0
1508117859,s3-eth2,3865.00,59046.00,62911.00,59046,3865,41.00,39.00,80.00,39,41,0.00,0.00,0,0
1508117859,s3-eth1,50289.00,2822.00,53111.00,2822,50289,34.00,37.00,71.00,37,34,0.00,0.00,0,0
1508117859,total,318305.00,332594.00,650899.00,332594,318305,417.00,418.00,835.00,418,417,0.00,0.00,0,0
1508117860,s1,0.00,0.00,0.00,0,0,0.00,0.00,0.00,0,0,0.00,0.00,0,0
1508117860,eth0,0.00,0.00,0.00,0,0,0.00,0.00,0.00,0,0,0.00,0.00,0,0
1508117860,s2,0.00,0.00,0.00,0,0,0.00,0.00,0.00,0,0,0.00,0.00,0,0
1508117860,s1-eth2,336.66,0.00,336.66,0,337,2.00,0.00,2.00,0,2,0.00,0.00,0,0
1508117860,s3,0.00,0.00,0.00,0,0,0.00,0.00,0.00,0,0,0.00,0.00,0,0
1508117860,s2-eth2,12472.53,258635.38,271107.91,258894,12485,159.84,170.83,330.67,171,160,0.00,0.00,0,0
1508117860,s2-eth1,251446.56,12353.65,263800.22,12366,251698,167.83,158.84,326.67,159,168,0.00,0.00,0,0
1508117860,lo,0.00,0.00,0.00,0,0,0.00,0.00,0.00,0,0,0.00,0.00,0,0
1508117860,s3-eth2,3379.62,74111.89,77491.51,74186,3383,40.96,48.95,89.91,49,41,0.00,0.00,0,0
1508117860,s3-eth1,79022.98,3052.95,82075.93,3056,79102,53.95,39.96,93.91,40,54,0.00,0.00,0,0
1508117860,total,346658.34,348153.84,694812.19,348502,347005,424.58,418.58,843.16,419,425,0.00,0.00,0,0
1508117861,s1,0.00,0.00,0.00,0,0,0.00,0.00,0.00,0,0,0.00,0.00,0,0
1508117861,eth0,0.00,0.00,0.00,0,0,0.00,0.00,0.00,0,0,0.00,0.00,0,0
1508117861,s2,0.00,0.00,0.00,0,0,0.00,0.00,0.00,0,0,0.00,0.00,0,0
1508117861,s1-eth2,327.00,0.00,327.00,0,327,1.00,0.00,1.00,0,1,0.00,0.00,0,0
1508117861,s3,0.00,0.00,0.00,0,0,0.00,0.00,0.00,0,0,0.00,0.00,0,0
1508117861,s2-eth2,12099.00,251366.00,263465.00,251366,12099,155.00,167.00,322.00,167,155,0.00,0.00,0,0
1508117861,s2-eth1,235451.00,11688.00,247139.00,11688,235451,159.00,152.00,311.00,152,159,0.00,0.00,0,0
1508117861,lo,0.00,0.00,0.00,0,0,0.00,0.00,0.00,0,0,0.00,0.00,0,0
1508117861,s3-eth2,3036.00,81756.00,84792.00,81756,3036,37.00,54.00,91.00,54,37,0.00,0.00,0,0
1508117861,s3-eth1,77953.00,2662.00,80615.00,2662,77953,54.00,35.00,89.00,35,54,0.00,0.00,0,0
1508117861,total,328866.00,347472.00,676338.00,347472,328866,406.00,408.00,814.00,408,406,0.00,0.00,0,0
1508117862,s1,0.00,0.00,0.00,0,0,0.00,0.00,0.00,0,0,0.00,0.00,0,0
1508117862,eth0,0.00,180.00,180.00,180,0,0.00,3.00,3.00,3,0,0.00,0.00,0,0
1508117862,s2,0.00,0.00,0.00,0,0,0.00,0.00,0.00,0,0,0.00,0.00,0,0
1508117862,s1-eth2,0.00,0.00,0.00,0,0,0.00,0.00,0.00,0,0,0.00,0.00,0,0
1508117862,s3,0.00,0.00,0.00,0,0,0.00,0.00,0.00,0,0,0.00,0.00,0,0
1508117862,s2-eth2,12709.00,257380.00,270089.00,257380,12709,162.00,170.00,332.00,170,162,0.00,0.00,0,0
1508117862,s2-eth1,249810.00,12476.00,262286.00,12476,249810,165.00,162.00,327.00,162,165,0.00,0.00,0,0
1508117862,lo,0.00,0.00,0.00,0,0,0.00,0.00,0.00,0,0,0.00,0.00,0,0
1508117862,s3-eth2,3949.00,95382.00,99331.00,95382,3949,50.00,63.00,113.00,63,50,0.00,0.00,0,0
1508117862,s3-eth1,93868.00,3552.00,97420.00,3552,93868,62.00,48.00,110.00,48,62,0.00,0.00,0,0
1508117862,total,360336.00,368970.00,729306.00,368970,360336,439.00,446.00,885.00,446,439,0.00,0.00,0,0
1508117863,s1,0.00,0.00,0.00,0,0,0.00,0.00,0.00,0,0,0.00,0.00,0,0
1508117863,eth0,0.00,0.00,0.00,0,0,0.00,0.00,0.00,0,0,0.00,0.00,0,0
1508117863,s2,0.00,0.00,0.00,0,0,0.00,0.00,0.00,0,0,0.00,0.00,0,0
1508117863,s1-eth2,449.00,0.00,449.00,0,449,2.00,0.00,2.00,0,2,0.00,0.00,0,0
1508117863,s3,0.00,0.00,0.00,0,0,0.00,0.00,0.00,0,0,0.00,0.00,0,0
1508117863,s2-eth2,12472.00,261922.00,274394.00,261922,12472,162.00,173.00,335.00,173,162,0.00,0.00,0,0
1508117863,s2-eth1,251324.00,12378.00,263702.00,12378,251324,166.00,161.00,327.00,161,166,0.00,0.00,0,0
1508117863,lo,516.00,516.00,1032.00,516,516,9.00,9.00,18.00,9,9,0.00,0.00,0,0
1508117863,s3-eth2,4218.00,121120.00,125338.00,121120,4218,57.00,80.00,137.00,80,57,0.00,0.00,0,0
1508117863,s3-eth1,119606.00,4218.00,123824.00,4218,119606,79.00,57.00,136.00,57,79,0.00,0.00,0,0
1508117863,total,388585.00,400154.00,788739.00,400154,388585,475.00,480.00,955.00,480,475,0.00,0.00,0,0
1508117864,s1,0.00,0.00,0.00,0,0,0.00,0.00,0.00,0,0,0.00,0.00,0,0
1508117864,eth0,0.00,0.00,0.00,0,0,0.00,0.00,0.00,0,0,0.00,0.00,0,0
1508117864,s2,0.00,0.00,0.00,0,0,0.00,0.00,0.00,0,0,0.00,0.00,0,0
1508117864,s1-eth2,70.00,1514.00,1584.00,1514,70,1.00,1.00,2.00,1,1,0.00,0.00,0,0
1508117864,s3,0.00,0.00,0.00,0,0,0.00,0.00,0.00,0,0,0.00,0.00,0,0
1508117864,s2-eth2,12721.00,260408.00,273129.00,260408,12721,164.00,172.00,336.00,172,164,0.00,0.00,0,0
1508117864,s2-eth1,249917.00,12614.00,262531.00,12614,249917,166.00,163.00,329.00,163,166,0.00,0.00,0,0
1508117864,lo,0.00,0.00,0.00,0,0,0.00,0.00,0.00,0,0,0.00,0.00,0,0
1508117864,s3-eth2,4466.00,113550.00,118016.00,113550,4466,57.00,75.00,132.00,75,57,0.00,0.00,0,0
1508117864,s3-eth1,113657.00,4466.00,118123.00,4466,113657,76.00,57.00,133.00,57,76,0.00,0.00,0,0
1508117864,total,380831.00,392552.00,773383.00,392552,380831,464.00,468.00,932.00,468,464,0.00,0.00,0,0
1508117865,s1,0.00,0.00,0.00,0,0,0.00,0.00,0.00,0,0,0.00,0.00,0,0
1508117865,eth0,0.00,0.00,0.00,0,0,0.00,0.00,0.00,0,0,0.00,0.00,0,0
1508117865,s2,0.00,0.00,0.00,0,0,0.00,0.00,0.00,0,0,0.00,0.00,0,0
1508117865,s1-eth2,0.00,0.00,0.00,0,0,0.00,0.00,0.00,0,0,0.00,0.00,0,0
1508117865,s3,0.00,0.00,0.00,0,0,0.00,0.00,0.00,0,0,0.00,0.00,0,0
1508117865,s2-eth2,12610.00,257380.00,269990.00,257380,12610,161.00,170.00,331.00,170,161,0.00,0.00,0,0
1508117865,s2-eth1,249880.00,12198.00,262078.00,12198,249880,166.00,159.00,325.00,159,166,0.00,0.00,0,0
1508117865,lo,0.00,0.00,0.00,0,0,0.00,0.00,0.00,0,0,0.00,0.00,0,0
1508117865,s3-eth2,4243.00,125662.00,129905.00,125662,4243,51.00,83.00,134.00,83,51,0.00,0.00,0,0
1508117865,s3-eth1,127246.00,3794.00,131040.00,3794,127246,85.00,49.00,134.00,49,85,0.00,0.00,0,0
1508117865,total,393979.00,399034.00,793013.00,399034,393979,463.00,461.00,924.00,461,463,0.00,0.00,0,0
1508117866,s1,0.00,0.00,0.00,0,0,0.00,0.00,0.00,0,0,0.00,0.00,0,0
1508117866,eth0,0.00,60.00,60.00,60,0,0.00,1.00,1.00,1,0,0.00,0.00,0,0
1508117866,s2,0.00,0.00,0.00,0,0,0.00,0.00,0.00,0,0,0.00,0.00,0,0
1508117866,s1-eth2,0.00,0.00,0.00,0,0,0.00,0.00,0.00,0,0,0.00,0.00,0,0
1508117866,s3,0.00,0.00,0.00,0,0,0.00,0.00,0.00,0,0,0.00,0.00,0,0
1508117866,s2-eth2,12236.00,255866.00,268102.00,255866,12236,160.00,169.00,329.00,169,160,0.00,0.00,0,0
1508117866,s2-eth1,249810.00,12236.00,262046.00,12236,249810,165.00,160.00,325.00,160,165,0.00,0.00,0,0
1508117866,lo,0.00,0.00,0.00,0,0,0.00,0.00,0.00,0,0,0.00,0.00,0,0
1508117866,s3-eth2,3668.00,83270.00,86938.00,83270,3668,48.00,55.00,103.00,55,48,0.00,0.00,0,0
1508117866,s3-eth1,72672.00,3598.00,76270.00,3598,72672,48.00,47.00,95.00,47,48,0.00,0.00,0,0
1508117866,total,338386.00,355030.00,693416.00,355030,338386,421.00,432.00,853.00,432,421,0.00,0.00,0,0
1508117867,s1,0.00,0.00,0.00,0,0,0.00,0.00,0.00,0,0,0.00,0.00,0,0
1508117867,eth0,0.00,60.00,60.00,60,0,0.00,1.00,1.00,1,0,0.00,0.00,0,0
1508117867,s2,0.00,0.00,0.00,0,0,0.00,0.00,0.00,0,0,0.00,0.00,0,0
1508117867,s1-eth2,0.00,0.00,0.00,0,0,0.00,0.00,0.00,0,0,0.00,0.00,0,0
1508117867,s3,0.00,0.00,0.00,0,0,0.00,0.00,0.00,0,0,0.00,0.00,0,0
1508117867,s2-eth2,11972.00,258894.00,270866.00,258894,11972,156.00,171.00,327.00,171,156,0.00,0.00,0,0
1508117867,s2-eth1,249810.00,11972.00,261782.00,11972,249810,165.00,156.00,321.00,156,165,0.00,0.00,0,0
1508117867,lo,0.00,0.00,0.00,0,0,0.00,0.00,0.00,0,0,0.00,0.00,0,0
1508117867,s3-eth2,3326.00,86298.00,89624.00,86298,3326,43.00,57.00,100.00,57,43,0.00,0.00,0,0
1508117867,s3-eth1,92354.00,3326.00,95680.00,3326,92354,61.00,43.00,104.00,43,61,0.00,0.00,0,0
1508117867,total,357462.00,360550.00,718012.00,360550,357462,425.00,428.00,853.00,428,425,0.00,0.00,0,0
1508117868,s1,0.00,0.00,0.00,0,0,0.00,0.00,0.00,0,0,0.00,0.00,0,0
1508117868,eth0,303.70,1586.41,1890.11,1588,304,4.00,6.99,10.99,7,4,0.00,0.00,0,0
1508117868,s2,0.00,0.00,0.00,0,0,0.00,0.00,0.00,0,0,0.00,0.00,0,0
1508117868,s1-eth2,0.00,0.00,0.00,0,0,0.00,0.00,0.00,0,0,0.00,0.00,0,0
1508117868,s1-eth1,689.31,0.00,689.31,0,690,5.00,0.00,5.00,0,5,0.00,0.00,0,0
1508117868,s3,0.00,0.00,0.00,0,0,0.00,0.00,0.00,0,0,0.00,0.00,0,0
1508117868,s2-eth2,12639.36,254097.91,266737.28,254352,12652,163.84,167.83,331.67,168,164,0.00,0.00,0,0
1508117868,s2-eth1,251072.94,12639.36,263712.28,12652,251324,165.83,163.84,329.67,164,166,0.00,0.00,0,0
1508117868,lo,1364.64,1364.64,2729.27,1366,1366,18.98,18.98,37.96,19,19,0.00,0.00,0,0
1508117868,s3-eth2,3840.16,93774.23,97614.39,93868,3844,49.95,61.94,111.89,62,50,0.00,0.00,0,0
1508117868,s3-eth1,89236.77,3840.16,93076.92,3844,89326,58.94,49.95,108.89,50,59,0.00,0.00,0,0
1508117868,total,25269506.00,1149380.62,26418886.00,1150530,25294774,16986.01,11036.96,28022.98,11048,17003,0.00,0.00,0,0
1508117869,s1,0.00,0.00,0.00,0,0,0.00,0.00,0.00,0,0,0.00,0.00,0,0
1508117869,eth0,303.70,729.27,1032.97,730,304,4.00,7.99,11.99,8,4,0.00,0.00,0,0
1508117869,s2,0.00,0.00,0.00,0,0,0.00,0.00,0.00,0,0,0.00,0.00,0,0
1508117869,s1-eth2,0.00,0.00,0.00,0,0,0.00,0.00,0.00,0,0,0.00,0.00,0,0
1508117869,s1-eth1,249.75,0.00,249.75,0,250,3.00,0.00,3.00,0,3,0.00,0.00,0,0
1508117869,s3,0.00,0.00,0.00,0,0,0.00,0.00,0.00,0,0,0.00,0.00,0,0
1508117869,s2-eth2,12467.53,266197.81,278665.34,266464,12480,161.84,175.82,337.66,176,162,0.00,0.00,0,0
1508117869,s2-eth1,249560.45,12467.53,262027.98,12480,249810,164.84,161.84,326.67,162,165,0.00,0.00,0,0
1508117869,lo,681.32,681.32,1362.64,682,682,7.99,7.99,15.98,8,8,0.00,0.00,0,0
1508117869,s3-eth2,3104.90,104361.64,107466.54,104466,3108,41.96,68.93,110.89,69,42,0.00,0.00,0,0
1508117869,s3-eth1,102849.16,3104.90,105954.05,3108,102952,67.93,41.96,109.89,42,68,0.00,0.00,0,0
1508117869,total,369216.78,387542.47,756759.25,387930,369586,451.55,464.54,916.08,465,452,0.00,0.00,0,0
1508117870,s1,0.00,0.00,0.00,0,0,0.00,0.00,0.00,0,0,0.00,0.00,0,0
1508117870,eth0,152.00,245.00,397.00,245,152,2.00,2.00,4.00,2,2,0.00,0.00,0,0
1508117870,s2,0.00,0.00,0.00,0,0,0.00,0.00,0.00,0,0,0.00,0.00,0,0
1508117870,s1-eth2,342.00,0.00,342.00,0,342,1.00,0.00,1.00,0,1,0.00,0.00,0,0
1508117870,s1-eth1,1856.00,0.00,1856.00,0,1856,8.00,0.00,8.00,0,8,0.00,0.00,0,0
1508117870,s3,0.00,0.00,0.00,0,0,0.00,0.00,0.00,0,0,0.00,0.00,0,0
1508117870,s2-eth2,12546.00,255866.00,268412.00,255866,12546,161.00,169.00,330.00,169,161,0.00,0.00,0,0
1508117870,s2-eth1,250152.00,12546.00,262698.00,12546,250152,166.00,161.00,327.00,161,166,0.00,0.00,0,0
1508117870,lo,341.00,341.00,682.00,341,341,4.00,4.00,8.00,4,4,0.00,0.00,0,0
1508117870,s3-eth2,4242.00,113550.00,117792.00,113550,4242,57.00,75.00,132.00,75,57,0.00,0.00,0,0
1508117870,s3-eth1,115406.00,4242.00,119648.00,4242,115406,77.00,57.00,134.00,57,77,0.00,0.00,0,0
1508117870,total,385037.00,386790.00,771827.00,386790,385037,476.00,468.00,944.00,468,476,0.00,0.00,0,0
1508117871,s1,0.00,0.00,0.00,0,0,0.00,0.00,0.00,0,0,0.00,0.00,0,0
1508117871,eth0,0.00,0.00,0.00,0,0,0.00,0.00,0.00,0,0,0.00,0.00,0,0
1508117871,s2,0.00,0.00,0.00,0,0,0.00,0.00,0.00,0,0,0.00,0.00,0,0
1508117871,s1-eth2,107.00,0.00,107.00,0,107,1.00,0.00,1.00,0,1,0.00,0.00,0,0
1508117871,s1-eth1,636.00,0.00,636.00,0,636,3.00,0.00,3.00,0,3,0.00,0.00,0,0
1508117871,s3,0.00,0.00,0.00,0,0,0.00,0.00,0.00,0,0,0.00,0.00,0,0
1508117871,s2-eth2,12484.00,266464.00,278948.00,266464,12484,162.00,176.00,338.00,176,162,0.00,0.00,0,0
1508117871,s2-eth1,249810.00,12484.00,262294.00,12484,249810,165.00,162.00,327.00,162,165,0.00,0.00,0,0
1508117871,lo,0.00,0.00,0.00,0,0,0.00,0.00,0.00,0,0,0.00,0.00,0,0
1508117871,s3-eth2,4762.00,118092.00,122854.00,118092,4762,61.00,78.00,139.00,78,61,0.00,0.00,0,0
1508117871,s3-eth1,105980.00,4762.00,110742.00,4762,105980,70.00,61.00,131.00,61,70,0.00,0.00,0,0
1508117871,total,373779.00,401802.00,775581.00,401802,373779,462.00,477.00,939.00,477,462,0.00,0.00,0,0
1508117872,s1,0.00,0.00,0.00,0,0,0.00,0.00,0.00,0,0,0.00,0.00,0,0
1508117872,eth0,0.00,0.00,0.00,0,0,0.00,0.00,0.00,0,0,0.00,0.00,0,0
1508117872,s2,0.00,0.00,0.00,0,0,0.00,0.00,0.00,0,0,0.00,0.00,0,0
1508117872,s1-eth2,0.00,0.00,0.00,0,0,0.00,0.00,0.00,0,0,0.00,0.00,0,0
1508117872,s1-eth1,327.00,0.00,327.00,0,327,1.00,0.00,1.00,0,1,0.00,0.00,0,0
1508117872,s3,0.00,0.00,0.00,0,0,0.00,0.00,0.00,0,0,0.00,0.00,0,0
1508117872,s2-eth2,11937.00,254352.00,266289.00,254352,11937,156.00,168.00,324.00,168,156,0.00,0.00,0,0
1508117872,s2-eth1,245375.00,11904.00,257279.00,11904,245375,163.00,156.00,319.00,156,163,0.00,0.00,0,0
1508117872,lo,0.00,0.00,0.00,0,0,0.00,0.00,0.00,0,0,0.00,0.00,0,0
1508117872,s3-eth2,3980.00,105980.00,109960.00,105980,3980,52.00,70.00,122.00,70,52,0.00,0.00,0,0
1508117872,s3-eth1,118199.00,3980.00,122179.00,3980,118199,79.00,52.00,131.00,52,79,0.00,0.00,0,0
1508117872,total,379818.00,376216.00,756034.00,376216,379818,451.00,446.00,897.00,446,451,0.00,0.00,0,0
1508117873,s1,0.00,0.00,0.00,0,0,0.00,0.00,0.00,0,0,0.00,0.00,0,0
1508117873,eth0,60.00,60.00,120.00,60,60,1.00,1.00,2.00,1,1,0.00,0.00,0,0
1508117873,s2,0.00,0.00,0.00,0,0,0.00,0.00,0.00,0,0,0.00,0.00,0,0
1508117873,s1-eth2,0.00,0.00,0.00,0,0,0.00,0.00,0.00,0,0,0.00,0.00,0,0
1508117873,s1-eth1,786.00,0.00,786.00,0,786,4.00,0.00,4.00,0,4,0.00,0.00,0,0
1508117873,s3,0.00,0.00,0.00,0,0,0.00,0.00,0.00,0,0,0.00,0.00,0,0
1508117873,s2-eth2,13024.00,258894.00,271918.00,258894,13024,166.00,171.00,337.00,171,166,0.00,0.00,0,0
1508117873,s2-eth1,249810.00,12608.00,262418.00,12608,249810,165.00,164.00,329.00,164,165,0.00,0.00,0,0
1508117873,lo,568.00,568.00,1136.00,568,568,10.00,10.00,20.00,10,10,0.00,0.00,0,0
1508117873,s3-eth2,4663.00,136302.00,140965.00,136302,4663,63.00,91.00,154.00,91,63,0.00,0.00,0,0
1508117873,s3-eth1,119648.00,4556.00,124204.00,4556,119648,80.00,62.00,142.00,62,80,0.00,0.00,0,0
1508117873,total,388559.00,412988.00,801547.00,412988,388559,489.00,499.00,988.00,499,489,0.00,0.00,0,0
1508117874,s1,0.00,0.00,0.00,0,0,0.00,0.00,0.00,0,0,0.00,0.00,0,0
1508117874,eth0,0.00,0.00,0.00,0,0,0.00,0.00,0.00,0,0,0.00,0.00,0,0
1508117874,s2,0.00,0.00,0.00,0,0,0.00,0.00,0.00,0,0,0.00,0.00,0,0
1508117874,s1-eth2,0.00,0.00,0.00,0,0,0.00,0.00,0.00,0,0,0.00,0.00,0,0
1508117874,s1-eth1,327.00,0.00,327.00,0,327,1.00,0.00,1.00,0,1,0.00,0.00,0,0
1508117874,s3,0.00,0.00,0.00,0,0,0.00,0.00,0.00,0,0,0.00,0.00,0,0
1508117874,s2-eth2,12294.00,254352.00,266646.00,254352,12294,159.00,168.00,327.00,168,159,0.00,0.00,0,0
1508117874,s2-eth1,249810.00,12294.00,262104.00,12294,249810,165.00,159.00,324.00,159,165,0.00,0.00,0,0
1508117874,lo,0.00,0.00,0.00,0,0,0.00,0.00,0.00,0,0,0.00,0.00,0,0
1508117874,s3-eth2,4398.00,109008.00,113406.00,109008,4398,57.00,72.00,129.00,72,57,0.00,0.00,0,0
1508117874,s3-eth1,121120.00,4398.00,125518.00,4398,121120,80.00,57.00,137.00,57,80,0.00,0.00,0,0
1508117874,total,387949.00,380052.00,768001.00,380052,387949,462.00,456.00,918.00,456,462,0.00,0.00,0,0
1508117875,s1,0.00,0.00,0.00,0,0,0.00,0.00,0.00,0,0,0.00,0.00,0,0
1508117875,eth0,0.00,85.91,85.91,86,0,0.00,1.00,1.00,1,0,0.00,0.00,0,0
1508117875,s2,0.00,0.00,0.00,0,0,0.00,0.00,0.00,0,0,0.00,0.00,0,0
1508117875,s1-eth2,0.00,0.00,0.00,0,0,0.00,0.00,0.00,0,0,0.00,0.00,0,0
1508117875,s1-eth1,0.00,0.00,0.00,0,0,0.00,0.00,0.00,0,0,0.00,0.00,0,0
1508117875,s3,0.00,0.00,0.00,0,0,0.00,0.00,0.00,0,0,0.00,0.00,0,0
1508117875,s2-eth2,11944.06,257122.89,269066.94,257380,11956,153.85,169.83,323.68,170,154,0.00,0.00,0,0
1508117875,s2-eth1,248047.95,12029.97,260077.92,12042,248296,163.84,154.85,318.68,155,164,0.00,0.00,0,0
1508117875,lo,0.00,0.00,0.00,0,0,0.00,0.00,0.00,0,0,0.00,0.00,0,0
1508117875,s3-eth2,4883.12,125536.47,130419.59,125662,4888,59.94,82.92,142.86,83,60,0.00,0.00,0,0
1508117875,s3-eth1,117974.03,4541.46,122515.48,4546,118092,77.92,58.94,136.86,59,78,0.00,0.00,0,0
1508117875,total,382849.16,399316.69,782165.88,399716,383232,455.54,467.53,923.08,468,456,0.00,0.00,0,0
1508117876,s1,0.00,0.00,0.00,0,0,0.00,0.00,0.00,0,0,0.00,0.00,0,0
1508117876,eth0,0.00,120.00,120.00,120,0,0.00,2.00,2.00,2,0,0.00,0.00,0,0
1508117876,s2,0.00,0.00,0.00,0,0,0.00,0.00,0.00,0,0,0.00,0.00,0,0
1508117876,s1-eth2,0.00,0.00,0.00,0,0,0.00,0.00,0.00,0,0,0.00,0.00,0,0
1508117876,s1-eth1,0.00,0.00,0.00,0,0,0.00,0.00,0.00,0,0,0.00,0.00,0,0
1508117876,s3,0.00,0.00,0.00,0,0,0.00,0.00,0.00,0,0,0.00,0.00,0,0
1508117876,s2-eth2,12128.00,261922.00,274050.00,261922,12128,160.00,173.00,333.00,173,160,0.00,0.00,0,0
1508117876,s2-eth1,246782.00,12042.00,258824.00,12042,246782,163.00,159.00,322.00,159,163,0.00,0.00,0,0
1508117876,lo,0.00,0.00,0.00,0,0,0.00,0.00,0.00,0,0,0.00,0.00,0,0
1508117876,s3-eth2,3552.00,128690.00,132242.00,128690,3552,48.00,85.00,133.00,85,48,0.00,0.00,0,0
1508117876,s3-eth1,134746.00,3552.00,138298.00,3552,134746,89.00,48.00,137.00,48,89,0.00,0.00,0,0
1508117876,total,397208.00,406326.00,803534.00,406326,397208,460.00,467.00,927.00,467,460,0.00,0.00,0,0
1508117877,s1,0.00,0.00,0.00,0,0,0.00,0.00,0.00,0,0,0.00,0.00,0,0
1508117877,eth0,0.00,0.00,0.00,0,0,0.00,0.00,0.00,0,0,0.00,0.00,0,0
1508117877,s2,0.00,0.00,0.00,0,0,0.00,0.00,0.00,0,0,0.00,0.00,0,0
1508117877,s1-eth2,0.00,0.00,0.00,0,0,0.00,0.00,0.00,0,0,0.00,0.00,0,0
1508117877,s1-eth1,176.82,0.00,176.82,0,177,2.00,0.00,2.00,0,2,0.00,0.00,0,0
1508117877,s3,0.00,0.00,0.00,0,0,0.00,0.00,0.00,0,0,0.00,0.00,0,0
1508117877,s2-eth2,12297.70,254097.91,266395.62,254352,12310,160.84,167.83,328.67,168,161,0.00,0.00,0,0
1508117877,s2-eth1,251072.94,12297.70,263370.62,12310,251324,165.83,160.84,326.67,161,166,0.00,0.00,0,0
1508117877,lo,0.00,0.00,0.00,0,0,0.00,0.00,0.00,0,0,0.00,0.00,0,0
1508117877,s3-eth2,5424.58,102849.16,108273.73,102952,5430,68.93,67.93,136.86,68,69,0.00,0.00,0,0
1508117877,s3-eth1,98311.69,5424.58,103736.27,5430,98410,64.94,68.93,133.87,69,65,0.00,0.00,0,0
1508117877,total,367283.72,374669.34,741953.06,375044,367651,462.54,465.53,928.07,466,463,0.00,0.00,0,0
1508117878,s1,0.00,0.00,0.00,0,0,0.00,0.00,0.00,0,0,0.00,0.00,0,0
1508117878,eth0,0.00,628.00,628.00,628,0,0.00,4.00,4.00,4,0,0.00,0.00,0,0
1508117878,s2,0.00,0.00,0.00,0,0,0.00,0.00,0.00,0,0,0.00,0.00,0,0
1508117878,s1-eth2,0.00,0.00,0.00,0,0,0.00,0.00,0.00,0,0,0.00,0.00,0,0
1508117878,s1-eth1,0.00,0.00,0.00,0,0,0.00,0.00,0.00,0,0,0.00,0.00,0,0
1508117878,s3,0.00,0.00,0.00,0,0,0.00,0.00,0.00,0,0,0.00,0.00,0,0
1508117878,s2-eth2,12114.00,257380.00,269494.00,257380,12114,159.00,170.00,329.00,170,159,0.00,0.00,0,0
1508117878,s2-eth1,249810.00,12114.00,261924.00,12114,249810,165.00,159.00,324.00,159,165,0.00,0.00,0,0
1508117878,lo,516.00,516.00,1032.00,516,516,9.00,9.00,18.00,9,9,0.00,0.00,0,0
1508117878,s3-eth2,2696.00,56018.00,58714.00,56018,2696,34.00,37.00,71.00,37,34,0.00,0.00,0,0
1508117878,s3-eth1,59046.00,2696.00,61742.00,2696,59046,39.00,34.00,73.00,34,39,0.00,0.00,0,0
1508117878,total,324182.00,329352.00,653534.00,329352,324182,406.00,413.00,819.00,413,406,0.00,0.00,0,0
1508117879,s1,0.00,0.00,0.00,0,0,0.00,0.00,0.00,0,0,0.00,0.00,0,0
1508117879,eth0,0.00,0.00,0.00,0,0,0.00,0.00,0.00,0,0,0.00,0.00,0,0
1508117879,s2,0.00,0.00,0.00,0,0,0.00,0.00,0.00,0,0,0.00,0.00,0,0
1508117879,s1-eth2,342.00,0.00,342.00,0,342,1.00,0.00,1.00,0,1,0.00,0.00,0,0
1508117879,s1-eth1,342.00,0.00,342.00,0,342,1.00,0.00,1.00,0,1,0.00,0.00,0,0
1508117879,s3,0.00,0.00,0.00,0,0,0.00,0.00,0.00,0,0,0.00,0.00,0,0
1508117879,s2-eth2,12190.00,255866.00,268056.00,255866,12190,157.00,169.00,326.00,169,157,0.00,0.00,0,0
1508117879,s2-eth1,249810.00,12190.00,262000.00,12190,249810,165.00,157.00,322.00,157,165,0.00,0.00,0,0
1508117879,lo,0.00,0.00,0.00,0,0,0.00,0.00,0.00,0,0,0.00,0.00,0,0
1508117879,s3-eth2,3376.00,69644.00,73020.00,69644,3376,44.00,46.00,90.00,46,44,0.00,0.00,0,0
1508117879,s3-eth1,60560.00,3376.00,63936.00,3376,60560,40.00,44.00,84.00,44,40,0.00,0.00,0,0
1508117879,total,326620.00,341076.00,667696.00,341076,326620,408.00,416.00,824.00,416,408,0.00,0.00,0,0
1508117880,s1,0.00,0.00,0.00,0,0,0.00,0.00,0.00,0,0,0.00,0.00,0,0
1508117880,eth0,0.00,0.00,0.00,0,0,0.00,0.00,0.00,0,0,0.00,0.00,0,0
1508117880,s2,0.00,0.00,0.00,0,0,0.00,0.00,0.00,0,0,0.00,0.00,0,0
1508117880,s1-eth2,0.00,0.00,0.00,0,0,0.00,0.00,0.00,0,0,0.00,0.00,0,0
1508117880,s1-eth1,0.00,0.00,0.00,0,0,0.00,0.00,0.00,0,0,0.00,0.00,0,0
1508117880,s3,0.00,0.00,0.00,0,0,0.00,0.00,0.00,0,0,0.00,0.00,0,0
1508117880,s2-eth2,12328.00,257380.00,269708.00,257380,12328,160.00,170.00,330.00,170,160,0.00,0.00,0,0
1508117880,s2-eth1,249810.00,12328.00,262138.00,12328,249810,165.00,160.00,325.00,160,165,0.00,0.00,0,0
1508117880,lo,0.00,0.00,0.00,0,0,0.00,0.00,0.00,0,0,0.00,0.00,0,0
1508117880,s3-eth2,2068.00,39364.00,41432.00,39364,2068,26.00,26.00,52.00,26,26,0.00,0.00,0,0
1508117880,s3-eth1,42392.00,2068.00,44460.00,2068,42392,28.00,26.00,54.00,26,28,0.00,0.00,0,0
1508117880,total,306598.00,311140.00,617738.00,311140,306598,379.00,382.00,761.00,382,379,0.00,0.00,0,0
1508117881,s1,0.00,0.00,0.00,0,0,0.00,0.00,0.00,0,0,0.00,0.00,0,0
1508117881,eth0,0.00,0.00,0.00,0,0,0.00,0.00,0.00,0,0,0.00,0.00,0,0
1508117881,s2,0.00,0.00,0.00,0,0,0.00,0.00,0.00,0,0,0.00,0.00,0,0
1508117881,s1-eth2,0.00,0.00,0.00,0,0,0.00,0.00,0.00,0,0,0.00,0.00,0,0
1508117881,s1-eth1,0.00,0.00,0.00,0,0,0.00,0.00,0.00,0,0,0.00,0.00,0,0
1508117881,s3,0.00,0.00,0.00,0,0,0.00,0.00,0.00,0,0,0.00,0.00,0,0
1508117881,s2-eth2,12290.00,257380.00,269670.00,257380,12290,161.00,170.00,331.00,170,161,0.00,0.00,0,0
1508117881,s2-eth1,250152.00,12290.00,262442.00,12290,250152,166.00,161.00,327.00,161,166,0.00,0.00,0,0
1508117881,lo,0.00,0.00,0.00,0,0,0.00,0.00,0.00,0,0,0.00,0.00,0,0
1508117881,s3-eth2,1984.00,46934.00,48918.00,46934,1984,26.00,31.00,57.00,31,26,0.00,0.00,0,0
1508117881,s3-eth1,45420.00,1984.00,47404.00,1984,45420,30.00,26.00,56.00,26,30,0.00,0.00,0,0
1508117881,total,309846.00,318588.00,628434.00,318588,309846,383.00,388.00,771.00,388,383,0.00,0.00,0,0
1508117882,s1,0.00,0.00,0.00,0,0,0.00,0.00,0.00,0,0,0.00,0.00,0,0
1508117882,eth0,0.00,147.00,147.00,147,0,0.00,1.00,1.00,1,0,0.00,0.00,0,0
1508117882,s2,0.00,0.00,0.00,0,0,0.00,0.00,0.00,0,0,0.00,0.00,0,0
1508117882,s1-eth2,0.00,0.00,0.00,0,0,0.00,0.00,0.00,0,0,0.00,0.00,0,0
1508117882,s1-eth1,0.00,0.00,0.00,0,0,0.00,0.00,0.00,0,0,0.00,0.00,0,0
1508117882,s3,0.00,0.00,0.00,0,0,0.00,0.00,0.00,0,0,0.00,0.00,0,0
1508117882,s2-eth2,12100.00,261922.00,274022.00,261922,12100,158.00,173.00,331.00,173,158,0.00,0.00,0,0
1508117882,s2-eth1,243754.00,12100.00,255854.00,12100,243754,161.00,158.00,319.00,158,161,0.00,0.00,0,0
1508117882,lo,0.00,0.00,0.00,0,0,0.00,0.00,0.00,0,0,0.00,0.00,0,0
1508117882,s3-eth2,2366.00,54504.00,56870.00,54504,2366,31.00,36.00,67.00,36,31,0.00,0.00,0,0
1508117882,s3-eth1,53332.00,2366.00,55698.00,2366,53332,36.00,31.00,67.00,31,36,0.00,0.00,0,0
1508117882,total,311552.00,331039.00,642591.00,331039,311552,386.00,399.00,785.00,399,386,0.00,0.00,0,0
1508117883,s1,0.00,0.00,0.00,0,0,0.00,0.00,0.00,0,0,0.00,0.00,0,0
1508117883,eth0,0.00,180.00,180.00,180,0,0.00,3.00,3.00,3,0,0.00,0.00,0,0
1508117883,s2,0.00,0.00,0.00,0,0,0.00,0.00,0.00,0,0,0.00,0.00,0,0
1508117883,s1-eth2,0.00,0.00,0.00,0,0,0.00,0.00,0.00,0,0,0.00,0.00,0,0
1508117883,s1-eth1,0.00,0.00,0.00,0,0,0.00,0.00,0.00,0,0,0.00,0.00,0,0
1508117883,s3,0.00,0.00,0.00,0,0,0.00,0.00,0.00,0,0,0.00,0.00,0,0
1508117883,s2-eth2,12228.00,261922.00,274150.00,261922,12228,160.00,173.00,333.00,173,160,0.00,0.00,0,0
1508117883,s2-eth1,249810.00,12302.00,262112.00,12302,249810,165.00,161.00,326.00,161,165,0.00,0.00,0,0
1508117883,lo,516.00,516.00,1032.00,516,516,9.00,9.00,18.00,9,9,0.00,0.00,0,0
1508117883,s3-eth2,2254.00,48448.00,50702.00,48448,2254,29.00,32.00,61.00,32,29,0.00,0.00,0,0
1508117883,s3-eth1,45420.00,2254.00,47674.00,2254,45420,30.00,29.00,59.00,29,30,0.00,0.00,0,0
1508117883,total,310228.00,325622.00,635850.00,325622,310228,393.00,407.00,800.00,407,393,0.00,0.00,0,0
1508117884,s1,0.00,0.00,0.00,0,0,0.00,0.00,0.00,0,0,0.00,0.00,0,0
1508117884,eth0,0.00,0.00,0.00,0,0,0.00,0.00,0.00,0,0,0.00,0.00,0,0
1508117884,s2,0.00,0.00,0.00,0,0,0.00,0.00,0.00,0,0,0.00,0.00,0,0
1508117884,s1-eth2,0.00,0.00,0.00,0,0,0.00,0.00,0.00,0,0,0.00,0.00,0,0
1508117884,s1-eth1,0.00,0.00,0.00,0,0,0.00,0.00,0.00,0,0,0.00,0.00,0,0
1508117884,s3,0.00,0.00,0.00,0,0,0.00,0.00,0.00,0,0,0.00,0.00,0,0
1508117884,s2-eth2,12834.00,252838.00,265672.00,252838,12834,163.00,167.00,330.00,167,163,0.00,0.00,0,0
1508117884,s2-eth1,251324.00,12418.00,263742.00,12418,251324,166.00,161.00,327.00,161,166,0.00,0.00,0,0
1508117884,lo,0.00,0.00,0.00,0,0,0.00,0.00,0.00,0,0,0.00,0.00,0,0
1508117884,s3-eth2,3108.00,71158.00,74266.00,71158,3108,42.00,47.00,89.00,47,42,0.00,0.00,0,0
1508117884,s3-eth1,72672.00,3108.00,75780.00,3108,72672,48.00,42.00,90.00,42,48,0.00,0.00,0,0
1508117884,total,339938.00,339522.00,679460.00,339522,339938,419.00,417.00,836.00,417,419,0.00,0.00,0,0
1508117885,s1,0.00,0.00,0.00,0,0,0.00,0.00,0.00,0,0,0.00,0.00,0,0
1508117885,eth0,0.00,0.00,0.00,0,0,0.00,0.00,0.00,0,0,0.00,0.00,0,0
1508117885,s2,0.00,0.00,0.00,0,0,0.00,0.00,0.00,0,0,0.00,0.00,0,0
1508117885,s1-eth2,0.00,0.00,0.00,0,0,0.00,0.00,0.00,0,0,0.00,0.00,0,0
1508117885,s1-eth1,449.00,0.00,449.00,0,449,2.00,0.00,2.00,0,2,0.00,0.00,0,0
1508117885,s3,0.00,0.00,0.00,0,0,0.00,0.00,0.00,0,0,0.00,0.00,0,0
1508117885,s2-eth2,12358.00,260408.00,272766.00,260408,12358,161.00,172.00,333.00,172,161,0.00,0.00,0,0
1508117885,s2-eth1,249810.00,12358.00,262168.00,12358,249810,165.00,161.00,326.00,161,165,0.00,0.00,0,0
1508117885,lo,0.00,0.00,0.00,0,0,0.00,0.00,0.00,0,0,0.00,0.00,0,0
1508117885,s3-eth2,2516.00,102952.00,105468.00,102952,2516,34.00,68.00,102.00,68,34,0.00,0.00,0,0
1508117885,s3-eth1,96896.00,2516.00,99412.00,2516,96896,64.00,34.00,98.00,34,64,0.00,0.00,0,0
1508117885,total,362029.00,378234.00,740263.00,378234,362029,426.00,435.00,861.00,435,426,0.00,0.00,0,0
1508117886,s1,0.00,0.00,0.00,0,0,0.00,0.00,0.00,0,0,0.00,0.00,0,0
1508117886,eth0,0.00,0.00,0.00,0,0,0.00,0.00,0.00,0,0,0.00,0.00,0,0
1508117886,s2,0.00,0.00,0.00,0,0,0.00,0.00,0.00,0,0,0.00,0.00,0,0
1508117886,s1-eth2,0.00,0.00,0.00,0,0,0.00,0.00,0.00,0,0,0.00,0.00,0,0
1508117886,s1-eth1,0.00,0.00,0.00,0,0,0.00,0.00,0.00,0,0,0.00,0.00,0,0
1508117886,s3,0.00,0.00,0.00,0,0,0.00,0.00,0.00,0,0,0.00,0.00,0,0
1508117886,s2-eth2,12418.00,257380.00,269798.00,257380,12418,159.00,170.00,329.00,170,159,0.00,0.00,0,0
1508117886,s2-eth1,249810.00,12418.00,262228.00,12418,249810,165.00,159.00,324.00,159,165,0.00,0.00,0,0
1508117886,lo,0.00,0.00,0.00,0,0,0.00,0.00,0.00,0,0,0.00,0.00,0,0
1508117886,s3-eth2,4544.00,104466.00,109010.00,104466,4544,58.00,69.00,127.00,69,58,0.00,0.00,0,0
1508117886,s3-eth1,105980.00,4544.00,110524.00,4544,105980,70.00,58.00,128.00,58,70,0.00,0.00,0,0
1508117886,total,372752.00,378808.00,751560.00,378808,372752,452.00,456.00,908.00,456,452,0.00,0.00,0,0
1508117887,s1,0.00,0.00,0.00,0,0,0.00,0.00,0.00,0,0,0.00,0.00,0,0
1508117887,eth0,0.00,0.00,0.00,0,0,0.00,0.00,0.00,0,0,0.00,0.00,0,0
1508117887,s2,0.00,0.00,0.00,0,0,0.00,0.00,0.00,0,0,0.00,0.00,0,0
1508117887,s1-eth2,107.00,0.00,107.00,0,107,1.00,0.00,1.00,0,1,0.00,0.00,0,0
1508117887,s1-eth1,0.00,0.00,0.00,0,0,0.00,0.00,0.00,0,0,0.00,0.00,0,0
1508117887,s3,0.00,0.00,0.00,0,0,0.00,0.00,0.00,0,0,0.00,0.00,0,0
1508117887,s2-eth2,12428.00,266464.00,278892.00,266464,12428,162.00,176.00,338.00,176,162,0.00,0.00,0,0
1508117887,s2-eth1,249810.00,12428.00,262238.00,12428,249810,165.00,162.00,327.00,162,165,0.00,0.00,0,0
1508117887,lo,0.00,0.00,0.00,0,0,0.00,0.00,0.00,0,0,0.00,0.00,0,0
1508117887,s3-eth2,3708.00,119606.00,123314.00,119606,3708,48.00,79.00,127.00,79,48,0.00,0.00,0,0
1508117887,s3-eth1,112036.00,3708.00,115744.00,3708,112036,74.00,48.00,122.00,48,74,0.00,0.00,0,0
1508117887,total,378089.00,402206.00,780295.00,402206,378089,450.00,465.00,915.00,465,450,0.00,0.00,0,0
1508117888,s1,0.00,0.00,0.00,0,0,0.00,0.00,0.00,0,0,0.00,0.00,0,0
1508117888,eth0,0.00,0.00,0.00,0,0,0.00,0.00,0.00,0,0,0.00,0.00,0,0
1508117888,s2,0.00,0.00,0.00,0,0,0.00,0.00,0.00,0,0,0.00,0.00,0,0
1508117888,s1-eth2,0.00,0.00,0.00,0,0,0.00,0.00,0.00,0,0,0.00,0.00,0,0
1508117888,s1-eth1,0.00,0.00,0.00,0,0,0.00,0.00,0.00,0,0,0.00,0.00,0,0
1508117888,s3,0.00,0.00,0.00,0,0,0.00,0.00,0.00,0,0,0.00,0.00,0,0
1508117888,s2-eth2,12465.00,249810.00,262275.00,249810,12465,162.00,165.00,327.00,165,162,0.00,0.00,0,0
1508117888,s2-eth1,249917.00,12432.00,262349.00,12432,249917,166.00,162.00,328.00,162,166,0.00,0.00,0,0
1508117888,lo,516.00,516.00,1032.00,516,516,9.00,9.00,18.00,9,9,0.00,0.00,0,0
1508117888,s3-eth2,4830.00,109008.00,113838.00,109008,4830,63.00,72.00,135.00,72,63,0.00,0.00,0,0
1508117888,s3-eth1,112143.00,4830.00,116973.00,4830,112143,75.00,63.00,138.00,63,75,0.00,0.00,0,0
1508117888,total,379871.00,376596.00,756467.00,376596,379871,475.00,471.00,946.00,471,475,0.00,0.00,0,0
1508117889,s1,0.00,0.00,0.00,0,0,0.00,0.00,0.00,0,0,0.00,0.00,0,0
1508117889,eth0,0.00,0.00,0.00,0,0,0.00,0.00,0.00,0,0,0.00,0.00,0,0
1508117889,s2,0.00,0.00,0.00,0,0,0.00,0.00,0.00,0,0,0.00,0.00,0,0
1508117889,s1-eth2,0.00,0.00,0.00,0,0,0.00,0.00,0.00,0,0,0.00,0.00,0,0
1508117889,s1-eth1,0.00,0.00,0.00,0,0,0.00,0.00,0.00,0,0,0.00,0.00,0,0
1508117889,s3,0.00,0.00,0.00,0,0,0.00,0.00,0.00,0,0,0.00,0.00,0,0
1508117889,s2-eth2,12484.00,258894.00,271378.00,258894,12484,162.00,171.00,333.00,171,162,0.00,0.00,0,0
1508117889,s2-eth1,251324.00,12410.00,263734.00,12410,251324,166.00,161.00,327.00,161,166,0.00,0.00,0,0
1508117889,lo,0.00,0.00,0.00,0,0,0.00,0.00,0.00,0,0,0.00,0.00,0,0
1508117889,s3-eth2,3141.00,121120.00,124261.00,121120,3141,42.00,80.00,122.00,80,42,0.00,0.00,0,0
1508117889,s3-eth1,115064.00,3034.00,118098.00,3034,115064,76.00,41.00,117.00,41,76,0.00,0.00,0,0
1508117889,total,382013.00,395458.00,777471.00,395458,382013,446.00,453.00,899.00,453,446,0.00,0.00,0,0
1508117890,s1,0.00,0.00,0.00,0,0,0.00,0.00,0.00,0,0,0.00,0.00,0,0
1508117890,eth0,0.00,119.88,119.88,120,0,0.00,2.00,2.00,2,0,0.00,0.00,0,0
1508117890,s2,0.00,0.00,0.00,0,0,0.00,0.00,0.00,0,0,0.00,0.00,0,0
1508117890,s1-eth2,20599.40,384171.84,404771.25,384556,20620,245.75,253.75,499.50,254,246,0.00,0.00,0,0
1508117890,s1-eth1,382659.34,20257.74,402917.09,20278,383042,252.75,244.76,497.50,245,253,0.00,0.00,0,0
1508117890,s3,0.00,0.00,0.00,0,0,0.00,0.00,0.00,0,0,0.00,0.00,0,0
1508117890,s2-eth2,12267.73,264685.31,276953.06,264950,12280,159.84,174.83,334.67,175,160,0.00,0.00,0,0
1508117890,s2-eth1,249560.45,12267.73,261828.17,12280,249810,164.84,159.84,324.68,160,165,0.00,0.00,0,0
1508117890,lo,0.00,0.00,0.00,0,0,0.00,0.00,0.00,0,0,0.00,0.00,0,0
1508117890,s3-eth2,3788.21,113436.57,117224.78,113550,3792,45.95,74.93,120.88,75,46,0.00,0.00,0,0
1508117890,s3-eth1,119486.52,3446.55,122933.07,3450,119606,78.92,44.96,123.88,45,79,0.00,0.00,0,0
1508117890,total,788361.69,798385.62,1586747.25,799184,789150,948.05,955.04,1903.10,956,949,0.00,0.00,0,0
1508117891,s1,0.00,0.00,0.00,0,0,0.00,0.00,0.00,0,0,0.00,0.00,0,0
1508117891,eth0,0.00,314.00,314.00,314,0,0.00,2.00,2.00,2,0,0.00,0.00,0,0
1508117891,s2,0.00,0.00,0.00,0,0,0.00,0.00,0.00,0,0,0.00,0.00,0,0
1508117891,s1-eth2,36704.00,1250564.00,1287268.00,1250564,36704,496.00,826.00,1322.00,826,496,0.00,0.00,0,0
1508117891,s1-eth1,1250564.00,36704.00,1287268.00,36704,1250564,826.00,496.00,1322.00,496,826,0.00,0.00,0,0
1508117891,s3,0.00,0.00,0.00,0,0,0.00,0.00,0.00,0,0,0.00,0.00,0,0
1508117891,s2-eth2,12296.00,251324.00,263620.00,251324,12296,160.00,166.00,326.00,166,160,0.00,0.00,0,0
1508117891,s2-eth1,250152.00,12296.00,262448.00,12296,250152,166.00,160.00,326.00,160,166,0.00,0.00,0,0
1508117891,lo,0.00,0.00,0.00,0,0,0.00,0.00,0.00,0,0,0.00,0.00,0,0
1508117891,s3-eth2,4324.00,87812.00,92136.00,87812,4324,56.00,58.00,114.00,58,56,0.00,0.00,0,0
1508117891,s3-eth1,80242.00,4324.00,84566.00,4324,80242,53.00,56.00,109.00,56,53,0.00,0.00,0,0
1508117891,total,1634282.00,1643338.00,3277620.00,1643338,1634282,1757.00,1764.00,3521.00,1764,1757,0.00,0.00,0,0
1508117892,s1,0.00,0.00,0.00,0,0,0.00,0.00,0.00,0,0,0.00,0.00,0,0
1508117892,eth0,0.00,60.00,60.00,60,0,0.00,1.00,1.00,1,0,0.00,0.00,0,0
1508117892,s2,0.00,0.00,0.00,0,0,0.00,0.00,0.00,0,0,0.00,0.00,0,0
1508117892,s1-eth2,35742.00,1250564.00,1286306.00,1250564,35742,483.00,826.00,1309.00,826,483,0.00,0.00,0,0
1508117892,s1-eth1,1249392.00,35742.00,1285134.00,35742,1249392,826.00,483.00,1309.00,483,826,0.00,0.00,0,0
1508117892,s3,0.00,0.00,0.00,0,0,0.00,0.00,0.00,0,0,0.00,0.00,0,0
1508117892,s2-eth2,12122.00,264992.00,277114.00,264992,12122,161.00,176.00,337.00,176,161,0.00,0.