1508120750,eth0,0.00,0.00,0.00,0,0,0.00,0.00,0.00,0,0,0.00,0.00,0,0
1508120750,s2,0.00,0.00,0.00,0,0,0.00,0.00,0.00,0,0,0.00,0.00,0,0
1508120750,s2-eth2,0.00,0.00,0.00,0,0,0.00,0.00,0.00,0,0,0.00,0.00,0,0
1508120750,s2-eth1,0.00,0.00,0.00,0,0,0.00,0.00,0.00,0,0,0.00,0.00,0,0
1508120750,lo,0.00,0.00,0.00,0,0,0.00,0.00,0.00,0,0,0.00,0.00,0,0
1508120750,total,0.00,0.00,0.00,0,0,0.00,0.00,0.00,0,0,0.00,0.00,0,0
1508120751,eth0,151.85,244.76,396.60,245,152,2.00,2.00,4.00,2,2,0.00,0.00,0,0
1508120751,s2,89.91,0.00,89.91,0,90,1.00,0.00,1.00,0,1,0.00,0.00,0,0
1508120751,s2-eth2,9236.76,237910.09,247146.86,238148,9246,104.90,97.90,202.80,98,105,0.00,0.00,0,0
1508120751,s2-eth1,245350.66,7292.71,252643.36,7300,245596,109.89,95.90,205.79,96,110,0.00,0.00,0,0
1508120751,lo,628.37,628.37,1256.74,629,629,6.99,6.99,13.99,7,7,0.00,0.00,0,0
1508120751,total,255457.55,246075.94,501533.47,246322,255713,224.78,202.80,427.57,203,225,0.00,0.00,0,0
1508120752,eth0,152.00,245.00,397.00,245,152,2.00,2.00,4.00,2,2,0.00,0.00,0,0
1508120752,s2,0.00,0.00,0.00,0,0,0.00,0.00,0.00,0,0,0.00,0.00,0,0
1508120752,s2-eth2,6662.00,228932.00,235594.00,228932,6662,88.00,90.00,178.00,90,88,0.00,0.00,0,0
1508120752,s2-eth1,244932.00,5946.00,250878.00,5946,244932,97.00,85.00,182.00,85,97,0.00,0.00,0,0
1508120752,lo,341.00,341.00,682.00,341,341,4.00,4.00,8.00,4,4,0.00,0.00,0,0
1508120752,total,252087.00,235464.00,487551.00,235464,252087,191.00,181.00,372.00,181,191,0.00,0.00,0,0
1508120753,eth0,0.00,0.00,0.00,0,0,0.00,0.00,0.00,0,0,0.00,0.00,0,0
1508120753,s2,0.00,0.00,0.00,0,0,0.00,0.00,0.00,0,0,0.00,0.00,0,0
1508120753,s2-eth2,5859.00,246308.00,252167.00,246308,5859,83.00,90.00,173.00,90,83,0.00,0.00,0,0
1508120753,s2-eth1,246371.00,5532.00,251903.00,5532,246371,87.00,82.00,169.00,82,87,0.00,0.00,0,0
1508120753,lo,0.00,0.00,0.00,0,0,0.00,0.00,0.00,0,0,0.00,0.00,0,0
1508120753,total,252230.00,251840.00,504070.00,251840,252230,170.00,172.00,342.00,172,170,0.00,0.00,0,0
1508120754,eth0,0.00,0.00,0.00,0,0,0.00,0.00,0.00,0,0,0.00,0.00,0,0
1508120754,s2,70.00,140.00,210.00,140,70,1.00,2.00,3.00,2,1,0.00,0.00,0,0
1508120754,s2-eth2,7550.00,212876.00,220426.00,212876,7550,102.00,88.00,190.00,88,102,0.00,0.00,0,0
1508120754,s2-eth1,231422.00,7036.00,238458.00,7036,231422,102.00,98.00,200.00,98,102,0.00,0.00,0,0
1508120754,lo,804.00,804.00,1608.00,804,804,9.00,9.00,18.00,9,9,0.00,0.00,0,0
1508120754,total,239846.00,220856.00,460702.00,220856,239846,214.00,197.00,411.00,197,214,0.00,0.00,0,0
1508120755,eth0,0.00,1214.79,1214.79,1216,0,0.00,4.00,4.00,4,0,0.00,0.00,0,0
1508120755,s2,0.00,0.00,0.00,0,0,0.00,0.00,0.00,0,0,0.00,0.00,0,0
1508120755,s2-eth2,5063.94,113960.05,119023.98,114074,5069,63.94,60.94,124.88,61,64,0.00,0.00,0,0
1508120755,s2-eth1,115869.13,4737.26,120606.40,4742,115985,63.94,62.94,126.87,63,64,0.00,0.00,0,0
1508120755,lo,0.00,0.00,0.00,0,0,0.00,0.00,0.00,0,0,0.00,0.00,0,0
1508120755,total,120933.07,119912.09,240845.16,120032,121054,127.87,127.87,255.74,128,128,0.00,0.00,0,0
1508120756,eth0,0.00,511.49,511.49,512,0,0.00,5.00,5.00,5,0,0.00,0.00,0,0
1508120756,s2,0.00,0.00,0.00,0,0,0.00,0.00,0.00,0,0,0.00,0.00,0,0
1508120756,s2-eth2,2169.83,89034.97,91204.80,89124,2172,31.97,33.97,65.93,34,32,0.00,0.00,0,0
1508120756,s2-eth1,84563.44,2169.83,86733.27,2172,84648,31.97,31.97,63.94,32,32,0.00,0.00,0,0
1508120756,lo,0.00,0.00,0.00,0,0,0.00,0.00,0.00,0,0,0.00,0.00,0,0
1508120756,total,86733.27,91716.29,178449.56,91808,86820,63.94,70.93,134.87,71,64,0.00,0.00,0,0
1508120757,eth0,60.00,478.00,538.00,478,60,1.00,4.00,5.00,4,1,0.00,0.00,0,0
1508120757,s2,0.00,0.00,0.00,0,0,0.00,0.00,0.00,0,0,0.00,0.00,0,0
1508120757,s2-eth2,1980.00,88860.00,90840.00,88860,1980,30.00,30.00,60.00,30,30,0.00,0.00,0,0
1508120757,s2-eth1,96298.00,1980.00,98278.00,1980,96298,33.00,30.00,63.00,30,33,0.00,0.00,0,0
1508120757,lo,0.00,0.00,0.00,0,0,0.00,0.00,0.00,0,0,0.00,0.00,0,0
1508120757,total,98338.00,91318.00,189656.00,91318,98338,64.00,64.00,128.00,64,64,0.00,0.00,0,0
1508120758,eth0,0.00,209.79,209.79,210,0,0.00,2.00,2.00,2,0,0.00,0.00,0,0
1508120758,s2,69.93,139.86,209.79,140,70,1.00,2.00,3.00,2,1,0.00,0.00,0,0
1508120758,s2-eth2,2822.18,72995.01,75817.19,73068,2825,35.96,31.97,67.93,32,36,0.00,0.00,0,0
1508120758,s2-eth1,60164.84,2233.77,62398.60,2236,60225,29.97,31.97,61.94,32,30,0.00,0.00,0,0
1508120758,lo,803.20,803.20,1606.39,804,804,8.99,8.99,17.98,9,9,0.00,0.00,0,0
1508120758,total,63860.14,76381.62,140241.77,76458,63924,75.92,76.92,152.85,77,76,0.00,0.00,0,0
1508120759,eth0,0.00,0.00,0.00,0,0,0.00,0.00,0.00,0,0,0.00,0.00,0,0
1508120759,s2,0.00,0.00,0.00,0,0,0.00,0.00,0.00,0,0,0.00,0.00,0,0
1508120759,s2-eth2,1188.00,53316.00,54504.00,53316,1188,18.00,18.00,36.00,18,18,0.00,0.00,0,0
1508120759,s2-eth1,62272.00,1188.00,63460.00,1188,62272,22.00,18.00,40.00,18,22,0.00,0.00,0,0
1508120759,lo,0.00,0.00,0.00,0,0,0.00,0.00,0.00,0,0,0.00,0.00,0,0
1508120759,total,63460.00,54504.00,117964.00,54504,63460,40.00,36.00,76.00,36,40,0.00,0.00,0,0
1508120760,eth0,0.00,0.00,0.00,0,0,0.00,0.00,0.00,0,0,0.00,0.00,0,0
1508120760,s2,0.00,0.00,0.00,0,0,0.00,0.00,0.00,0,0,0.00,0.00,0,0
1508120760,s2-eth2,1650.00,79974.00,81624.00,79974,1650,25.00,27.00,52.00,27,25,0.00,0.00,0,0
1508120760,s2-eth1,68126.00,1650.00,69776.00,1650,68126,23.00,25.00,48.00,25,23,0.00,0.00,0,0
1508120760,lo,0.00,0.00,0.00,0,0,0.00,0.00,0.00,0,0,0.00,0.00,0,0
1508120760,total,69706.30,81542.46,151248.75,81624,69776,47.95,51.95,99.90,52,48,0.00,0.00,0,0
1508120761,eth0,0.00,332.00,332.00,332,0,0.00,2.00,2.00,2,0,0.00,0.00,0,0
1508120761,s2,0.00,0.00,0.00,0,0,0.00,0.00,0.00,0,0,0.00,0.00,0,0
1508120761,s2-eth2,2178.00,109594.00,111772.00,109594,2178,33.00,37.00,70.00,37,33,0.00,0.00,0,0
1508120761,s2-eth1,112556.00,2178.00,114734.00,2178,112556,38.00,33.00,71.00,33,38,0.00,0.00,0,0
1508120761,lo,0.00,0.00,0.00,0,0,0.00,0.00,0.00,0,0,0.00,0.00,0,0
1508120761,total,114734.00,112104.00,226838.00,112104,114734,71.00,72.00,143.00,72,71,0.00,0.00,0,0
1508120762,eth0,0.00,274.00,274.00,274,0,0.00,2.00,2.00,2,0,0.00,0.00,0,0
1508120762,s2,0.00,0.00,0.00,0,0,0.00,0.00,0.00,0,0,0.00,0.00,0,0
1508120762,s2-eth2,4314.00,180946.00,185260.00,180946,4314,63.00,65.00,128.00,65,63,0.00,0.00,0,0
1508120762,s2-eth1,169098.00,4314.00,173412.00,4314,169098,61.00,63.00,124.00,63,61,0.00,0.00,0,0
1508120762,lo,172.00,172.00,344.00,172,172,3.00,3.00,6.00,3,3,0.00,0.00,0,0
1508120762,total,173584.00,185706.00,359290.00,185706,173584,127.00,133.00,260.00,133,127,0.00,0.00,0,0
1508120763,eth0,0.00,180.00,180.00,180,0,0.00,3.00,3.00,3,0,0.00,0.00,0,0
1508120763,s2,0.00,0.00,0.00,0,0,0.00,0.00,0.00,0,0,0.00,0.00,0,0
1508120763,s2-eth2,4422.00,210302.00,214724.00,210302,4422,67.00,71.00,138.00,71,67,0.00,0.00,0,0
1508120763,s2-eth1,207340.00,4422.00,211762.00,4422,207340,70.00,67.00,137.00,67,70,0.00,0.00,0,0
1508120763,lo,0.00,0.00,0.00,0,0,0.00,0.00,0.00,0,0,0.00,0.00,0,0
1508120763,total,211762.00,214904.00,426666.00,214904,211762,137.00,141.00,278.00,141,137,0.00,0.00,0,0
1508120764,eth0,0.00,0.00,0.00,0,0,0.00,0.00,0.00,0,0,0.00,0.00,0,0
1508120764,s2,0.00,0.00,0.00,0,0,0.00,0.00,0.00,0,0,0.00,0.00,0,0
1508120764,s2-eth2,4841.16,129872.13,134713.30,130002,4846,62.94,60.94,123.88,61,63,0.00,0.00,0,0
1508120764,s2-eth1,134277.72,4499.50,138777.22,4504,134412,61.94,61.94,123.88,62,62,0.00,0.00,0,0
1508120764,lo,0.00,0.00,0.00,0,0,0.00,0.00,0.00,0,0,0.00,0.00,0,0
1508120764,total,139118.89,134371.62,273490.53,134506,139258,124.88,122.88,247.75,123,125,0.00,0.00,0,0
1508120765,eth0,0.00,332.00,332.00,332,0,0.00,2.00,2.00,2,0,0.00,0.00,0,0
1508120765,s2,0.00,0.00,0.00,0,0,0.00,0.00,0.00,0,0,0.00,0.00,0,0
1508120765,s2-eth2,2574.00,118480.00,121054.00,118480,2574,39.00,40.00,79.00,40,39,0.00,0.00,0,0
1508120765,s2-eth1,121442.00,2574.00,124016.00,2574,121442,41.00,39.00,80.00,39,41,0.00,0.00,0,0
1508120765,lo,0.00,0.00,0.00,0,0,0.00,0.00,0.00,0,0,0.00,0.00,0,0
1508120765,total,124016.00,121386.00,245402.00,121386,124016,80.00,81.00,161.00,81,80,0.00,0.00,0,0
1508120766,eth0,0.00,60.00,60.00,60,0,0.00,1.00,1.00,1,0,0.00,0.00,0,0
1508120766,s2,0.00,0.00,0.00,0,0,0.00,0.00,0.00,0,0,0.00,0.00,0,0
1508120766,s2-eth2,2975.00,112952.00,115927.00,112952,2975,43.00,44.00,87.00,44,43,0.00,0.00,0,0
1508120766,s2-eth1,101211.00,2868.00,104079.00,2868,101211,41.00,42.00,83.00,42,41,0.00,0.00,0,0
1508120766,lo,0.00,0.00,0.00,0,0,0.00,0.00,0.00,0,0,0.00,0.00,0,0
1508120766,total,104186.00,115880.00,220066.00,115880,104186,84.00,87.00,171.00,87,84,0.00,0.00,0,0
1508120767,eth0,0.00,178.00,178.00,178,0,0.00,2.00,2.00,2,0,0.00,0.00,0,0
1508120767,s2,0.00,0.00,0.00,0,0,0.00,0.00,0.00,0,0,0.00,0.00,0,0
1508120767,s2-eth2,2382.00,89190.00,91572.00,89190,2382,35.00,35.00,70.00,35,35,0.00,0.00,0,0
1508120767,s2-eth1,101038.00,2448.00,103486.00,2448,101038,39.00,36.00,75.00,36,39,0.00,0.00,0,0
1508120767,lo,172.00,172.00,344.00,172,172,3.00,3.00,6.00,3,3,0.00,0.00,0,0
1508120767,total,103592.00,91988.00,195580.00,91988,103592,77.00,76.00,153.00,76,77,0.00,0.00,0,0
1508120768,eth0,0.00,0.00,0.00,0,0,0.00,0.00,0.00,0,0,0.00,0.00,0,0
1508120768,s2,0.00,0.00,0.00,0,0,0.00,0.00,0.00,0,0,0.00,0.00,0,0
1508120768,s2-eth2,2244.00,109594.00,111838.00,109594,2244,34.00,37.00,71.00,37,34,0.00,0.00,0,0
1508120768,s2-eth1,94784.00,2178.00,96962.00,2178,94784,32.00,33.00,65.00,33,32,0.00,0.00,0,0
1508120768,lo,0.00,0.00,0.00,0,0,0.00,0.00,0.00,0,0,0.00,0.00,0,0
1508120768,total,97028.00,111772.00,208800.00,111772,97028,66.00,70.00,136.00,70,66,0.00,0.00,0,0
1508120769,eth0,0.00,0.00,0.00,0,0,0.00,0.00,0.00,0,0,0.00,0.00,0,0
1508120769,s2,0.00,0.00,0.00,0,0,0.00,0.00,0.00,0,0,0.00,0.00,0,0
1508120769,s2-eth2,2314.00,86360.00,88674.00,86360,2314,33.00,36.00,69.00,36,33,0.00,0.00,0,0
1508120769,s2-eth1,89322.00,2314.00,91636.00,2314,89322,37.00,33.00,70.00,33,37,0.00,0.00,0,0
1508120769,lo,0.00,0.00,0.00,0,0,0.00,0.00,0.00,0,0,0.00,0.00,0,0
1508120769,total,91636.00,88674.00,180310.00,88674,91636,70.00,69.00,139.00,69,70,0.00,0.00,0,0
1508120770,eth0,0.00,179.82,179.82,180,0,0.00,3.00,3.00,3,0,0.00,0.00,0,0
1508120770,s2,0.00,0.00,0.00,0,0,0.00,0.00,0.00,0,0,0.00,0.00,0,0
1508120770,s2-eth2,2571.43,118361.64,120933.07,118480,2574,38.96,39.96,78.92,40,39,0.00,0.00,0,0
1508120770,s2-eth1,112443.56,2571.43,115014.98,2574,112556,37.96,38.96,76.92,39,38,0.00,0.00,0,0
1508120770,lo,0.00,0.00,0.00,0,0,0.00,0.00,0.00,0,0,0.00,0.00,0,0
1508120770,total,115014.98,121112.89,236127.88,121234,115130,76.92,81.92,158.84,82,77,0.00,0.00,0,0
1508120771,eth0,0.00,0.00,0.00,0,0,0.00,0.00,0.00,0,0,0.00,0.00,0,0
1508120771,s2,0.00,0.00,0.00,0,0,0.00,0.00,0.00,0,0,0.00,0.00,0,0
1508120771,s2-eth2,2337.66,90481.52,92819.18,90572,2340,33.97,33.97,67.93,34,34,0.00,0.00,0,0
1508120771,s2-eth1,95228.77,2337.66,97566.44,2340,95324,35.96,33.97,69.93,34,36,0.00,0.00,0,0
1508120771,lo,0.00,0.00,0.00,0,0,0.00,0.00,0.00,0,0,0.00,0.00,0,0
1508120771,total,97566.44,92819.18,190385.62,92912,97664,69.93,67.93,137.86,68,70,0.00,0.00,0,0
1508120772,eth0,0.00,0.00,0.00,0,0,0.00,0.00,0.00,0,0,0.00,0.00,0,0
1508120772,s2,0.00,0.00,0.00,0,0,0.00,0.00,0.00,0,0,0.00,0.00,0,0
1508120772,s2-eth2,2028.00,78724.00,80752.00,78724,2028,30.00,30.00,60.00,30,30,0.00,0.00,0,0
1508120772,s2-eth1,71352.00,2028.00,73380.00,2028,71352,28.00,30.00,58.00,30,28,0.00,0.00,0,0
1508120772,lo,172.00,172.00,344.00,172,172,3.00,3.00,6.00,3,3,0.00,0.00,0,0
1508120772,total,73552.00,80924.00,154476.00,80924,73552,61.00,63.00,124.00,63,61,0.00,0.00,0,0
1508120773,eth0,0.00,60.00,60.00,60,0,0.00,1.00,1.00,1,0,0.00,0.00,0,0
1508120773,s2,0.00,0.00,0.00,0,0,0.00,0.00,0.00,0,0,0.00,0.00,0,0
1508120773,s2-eth2,1434.00,62334.00,63768.00,62334,1434,21.00,23.00,44.00,23,21,0.00,0.00,0,0
1508120773,s2-eth1,68258.00,1434.00,69692.00,1434,68258,25.00,21.00,46.00,21,25,0.00,0.00,0,0
1508120773,lo,0.00,0.00,0.00,0,0,0.00,0.00,0.00,0,0,0.00,0.00,0,0
1508120773,total,69692.00,63828.00,133520.00,63828,69692,46.00,45.00,91.00,45,46,0.00,0.00,0,0
1508120774,eth0,0.00,331.67,331.67,332,0,0.00,2.00,2.00,2,0,0.00,0.00,0,0
1508120774,s2,0.00,0.00,0.00,0,0,0.00,0.00,0.00,0,0,0.00,0.00,0,0
1508120774,s2-eth2,1756.24,82895.11,84651.35,82978,1758,26.97,28.97,55.94,29,27,0.00,0.00,0,0
1508120774,s2-eth1,71058.95,1756.24,72815.19,1758,71130,24.98,26.97,51.95,27,25,0.00,0.00,0,0
1508120774,lo,295.70,295.70,591.41,296,296,3.00,3.00,5.99,3,3,0.00,0.00,0,0
1508120774,total,73110.89,85278.73,158389.61,85364,73184,54.95,60.94,115.88,61,55,0.00,0.00,0,0
1508120775,eth0,0.00,0.00,0.00,0,0,0.00,0.00,0.00,0,0,0.00,0.00,0,0
1508120775,s2,0.00,0.00,0.00,0,0,0.00,0.00,0.00,0,0,0.00,0.00,0,0
1508120775,s2-eth2,1776.00,68390.00,70166.00,68390,1776,26.00,27.00,53.00,27,26,0.00,0.00,0,0
1508120775,s2-eth1,77276.00,1776.00,79052.00,1776,77276,30.00,26.00,56.00,26,30,0.00,0.00,0,0
1508120775,lo,0.00,0.00,0.00,0,0,0.00,0.00,0.00,0,0,0.00,0.00,0,0
1508120775,total,79052.00,70166.00,149218.00,70166,79052,56.00,53.00,109.00,53,56,0.00,0.00,0,0
1508120776,eth0,0.00,0.00,0.00,0,0,0.00,0.00,0.00,0,0,0.00,0.00,0,0
1508120776,s2,0.00,0.00,0.00,0,0,0.00,0.00,0.00,0,0,0.00,0.00,0,0
1508120776,s2-eth2,2040.00,86162.00,88202.00,86162,2040,30.00,33.00,63.00,33,30,0.00,0.00,0,0
1508120776,s2-eth1,68390.00,2040.00,70430.00,2040,68390,27.00,30.00,57.00,30,27,0.00,0.00,0,0
1508120776,lo,0.00,0.00,0.00,0,0,0.00,0.00,0.00,0,0,0.00,0.00,0,0
1508120776,total,70430.00,88202.00,158632.00,88202,70430,57.00,63.00,120.00,63,57,0.00,0.00,0,0
1508120777,eth0,0.00,180.00,180.00,180,0,0.00,3.00,3.00,3,0,0.00,0.00,0,0
1508120777,s2,0.00,0.00,0.00,0,0,0.00,0.00,0.00,0,0,0.00,0.00,0,0
1508120777,s2-eth2,1980.00,88860.00,90840.00,88860,1980,30.00,30.00,60.00,30,30,0.00,0.00,0,0
1508120777,s2-eth1,103670.00,1980.00,105650.00,1980,103670,35.00,30.00,65.00,30,35,0.00,0.00,0,0
1508120777,lo,0.00,0.00,0.00,0,0,0.00,0.00,0.00,0,0,0.00,0.00,0,0
1508120777,total,105650.00,91020.00,196670.00,91020,105650,65.00,63.00,128.00,63,65,0.00,0.00,0,0
1508120778,eth0,0.00,0.00,0.00,0,0,0.00,0.00,0.00,0,0,0.00,0.00,0,0
1508120778,s2,0.00,0.00,0.00,0,0,0.00,0.00,0.00,0,0,0.00,0.00,0,0
1508120778,s2-eth2,2310.00,106632.00,108942.00,106632,2310,35.00,36.00,71.00,36,35,0.00,0.00,0,0
1508120778,s2-eth1,88860.00,2310.00,91170.00,2310,88860,30.00,35.00,65.00,35,30,0.00,0.00,0,0
1508120778,lo,0.00,0.00,0.00,0,0,0.00,0.00,0.00,0,0,0.00,0.00,0,0
1508120778,total,91170.00,108942.00,200112.00,108942,91170,65.00,71.00,136.00,71,65,0.00,0.00,0,0
1508120779,eth0,0.00,0.00,0.00,0,0,0.00,0.00,0.00,0,0,0.00,0.00,0,0
1508120779,s2,0.00,0.00,0.00,0,0,0.00,0.00,0.00,0,0,0.00,0.00,0,0
1508120779,s2-eth2,2406.00,83134.00,85540.00,83134,2406,31.00,31.00,62.00,31,31,0.00,0.00,0,0
1508120779,s2-eth1,95324.00,2064.00,97388.00,2064,95324,36.00,30.00,66.00,30,36,0.00,0.00,0,0
1508120779,lo,172.00,172.00,344.00,172,172,3.00,3.00,6.00,3,3,0.00,0.00,0,0
1508120779,total,97902.00,85370.00,183272.00,85370,97902,70.00,64.00,134.00,64,70,0.00,0.00,0,0
1508120780,eth0,0.00,0.00,0.00,0,0,0.00,0.00,0.00,0,0,0.00,0.00,0,0
1508120780,s2,0.00,0.00,0.00,0,0,0.00,0.00,0.00,0,0,0.00,0.00,0,0
1508120780,s2-eth2,2304.00,70168.00,72472.00,70168,2304,32.00,32.00,64.00,32,32,0.00,0.00,0,0
1508120780,s2-eth1,56806.00,2304.00,59110.00,2304,56806,27.00,32.00,59.00,32,27,0.00,0.00,0,0
1508120780,lo,0.00,0.00,0.00,0,0,0.00,0.00,0.00,0,0,0.00,0.00,0,0
1508120780,total,59110.00,72472.00,131582.00,72472,59110,59.00,64.00,123.00,64,59,0.00,0.00,0,0
1508120781,eth0,0.00,0.00,0.00,0,0,0.00,0.00,0.00,0,0,0.00,0.00,0,0
1508120781,s2,0.00,0.00,0.00,0,0,0.00,0.00,0.00,0,0,0.00,0.00,0,0
1508120781,s2-eth2,1452.00,68126.00,69578.00,68126,1452,22.00,23.00,45.00,23,22,0.00,0.00,0,0
1508120781,s2-eth1,74050.00,1518.00,75568.00,1518,74050,25.00,23.00,48.00,23,25,0.00,0.00,0,0
1508120781,lo,0.00,0.00,0.00,0,0,0.00,0.00,0.00,0,0,0.00,0.00,0,0
1508120781,total,75502.00,69644.00,145146.00,69644,75502,47.00,46.00,93.00,46,47,0.00,0.00,0,0
1508120782,eth0,0.00,0.00,0.00,0,0,0.00,0.00,0.00,0,0,0.00,0.00,0,0
1508120782,s2,0.00,0.00,0.00,0,0,0.00,0.00,0.00,0,0,0.00,0.00,0,0
1508120782,s2-eth2,1955.00,88860.00,90815.00,88860,1955,29.00,30.00,59.00,30,29,0.00,0.00,0,0
1508120782,s2-eth1,83043.00,1782.00,84825.00,1782,83043,29.00,27.00,56.00,27,29,0.00,0.00,0,0
1508120782,lo,0.00,0.00,0.00,0,0,0.00,0.00,0.00,0,0,0.00,0.00,0,0
1508120782,total,84998.00,90642.00,175640.00,90642,84998,58.00,57.00,115.00,57,58,0.00,0.00,0,0
1508120783,eth0,0.00,0.00,0.00,0,0,0.00,0.00,0.00,0,0,0.00,0.00,0,0
1508120783,s2,0.00,0.00,0.00,0,0,0.00,0.00,0.00,0,0,0.00,0.00,0,0
1508120783,s2-eth2,2706.00,139214.00,141920.00,139214,2706,41.00,47.00,88.00,47,41,0.00,0.00,0,0
1508120783,s2-eth1,139214.00,2706.00,141920.00,2706,139214,47.00,41.00,88.00,41,47,0.00,0.00,0,0
1508120783,lo,0.00,0.00,0.00,0,0,0.00,0.00,0.00,0,0,0.00,0.00,0,0
1508120783,total,141920.00,141920.00,283840.00,141920,141920,88.00,88.00,176.00,88,88,0.00,0.00,0,0
1508120784,eth0,0.00,179.82,179.82,180,0,0.00,3.00,3.00,3,0,0.00,0.00,0,0
1508120784,s2,0.00,0.00,0.00,0,0,0.00,0.00,0.00,0,0,0.00,0.00,0,0
1508120784,s2-eth2,4909.09,232647.36,237556.45,232880,4914,72.93,83.92,156.84,84,73,0.00,0.00,0,0
1508120784,s2-eth1,216010.00,4909.09,220919.09,4914,216226,72.93,72.93,145.85,73,73,0.00,0.00,0,0
1508120784,lo,171.83,171.83,343.66,172,172,3.00,3.00,5.99,3,3,0.00,0.00,0,0
1508120784,total,221090.92,237908.09,458999.00,238146,221312,148.85,162.84,311.69,163,149,0.00,0.00,0,0
1508120785,eth0,0.00,1464.00,1464.00,1464,0,0.00,4.00,4.00,4,0,0.00,0.00,0,0
1508120785,s2,0.00,0.00,0.00,0,0,0.00,0.00,0.00,0,0,0.00,0.00,0,0
1508120785,s2-eth2,6374.00,207212.00,213586.00,207212,6374,89.00,90.00,179.00,90,89,0.00,0.00,0,0
1508120785,s2-eth1,208858.00,6374.00,215232.00,6374,208858,93.00,89.00,182.00,89,93,0.00,0.00,0,0
1508120785,lo,0.00,0.00,0.00,0,0,0.00,0.00,0.00,0,0,0.00,0.00,0,0
1508120785,total,215232.00,215050.00,430282.00,215050,215232,182.00,183.00,365.00,183,182,0.00,0.00,0,0
1508120786,eth0,0.00,0.00,0.00,0,0,0.00,0.00,0.00,0,0,0.00,0.00,0,0
1508120786,s2,0.00,0.00,0.00,0,0,0.00,0.00,0.00,0,0,0.00,0.00,0,0
1508120786,s2-eth2,4446.00,108018.00,112464.00,108018,4446,59.00,57.00,116.00,57,59,0.00,0.00,0,0
1508120786,s2-eth1,108084.00,4446.00,112530.00,4446,108084,58.00,59.00,117.00,59,58,0.00,0.00,0,0
1508120786,lo,0.00,0.00,0.00,0,0,0.00,0.00,0.00,0,0,0.00,0.00,0,0
1508120786,total,112530.00,112464.00,224994.00,112464,112530,117.00,116.00,233.00,116,117,0.00,0.00,0,0
1508120787,eth0,0.00,172.00,172.00,172,0,0.00,2.00,2.00,2,0,0.00,0.00,0,0
1508120787,s2,0.00,0.00,0.00,0,0,0.00,0.00,0.00,0,0,0.00,0.00,0,0
1508120787,s2-eth2,2094.00,97878.00,99972.00,97878,2094,31.00,35.00,66.00,35,31,0.00,0.00,0,0
1508120787,s2-eth1,89058.00,2094.00,91152.00,2094,89058,33.00,31.00,64.00,31,33,0.00,0.00,0,0
1508120787,lo,0.00,0.00,0.00,0,0,0.00,0.00,0.00,0,0,0.00,0.00,0,0
1508120787,total,91152.00,100144.00,191296.00,100144,91152,64.00,68.00,132.00,68,64,0.00,0.00,0,0
1508120788,eth0,0.00,0.00,0.00,0,0,0.00,0.00,0.00,0,0,0.00,0.00,0,0
1508120788,s2,0.00,0.00,0.00,0,0,0.00,0.00,0.00,0,0,0.00,0.00,0,0
1508120788,s2-eth2,2100.00,86228.00,88328.00,86228,2100,30.00,34.00,64.00,34,30,0.00,0.00,0,0
1508120788,s2-eth1,89124.00,2100.00,91224.00,2100,89124,34.00,30.00,64.00,30,34,0.00,0.00,0,0
1508120788,lo,0.00,0.00,0.00,0,0,0.00,0.00,0.00,0,0,0.00,0.00,0,0
1508120788,total,91224.00,88328.00,179552.00,88328,91224,64.00,64.00,128.00,64,64,0.00,0.00,0,0
1508120789,eth0,0.00,0.00,0.00,0,0,0.00,0.00,0.00,0,0,0.00,0.00,0,0
1508120789,s2,0.00,0.00,0.00,0,0,0.00,0.00,0.00,0,0,0.00,0.00,0,0
1508120789,s2-eth2,2424.00,103736.00,106160.00,103736,2424,36.00,36.00,72.00,36,36,0.00,0.00,0,0
1508120789,s2-eth1,94916.00,2424.00,97340.00,2424,94916,34.00,36.00,70.00,36,34,0.00,0.00,0,0
1508120789,lo,172.00,172.00,344.00,172,172,3.00,3.00,6.00,3,3,0.00,0.00,0,0
1508120789,total,97512.00,106332.00,203844.00,106332,97512,73.00,75.00,148.00,75,73,0.00,0.00,0,0
1508120790,eth0,0.00,0.00,0.00,0,0,0.00,0.00,0.00,0,0,0.00,0.00,0,0
1508120790,s2,0.00,0.00,0.00,0,0,0.00,0.00,0.00,0,0,0.00,0.00,0,0
1508120790,s2-eth2,2391.61,94887.12,97278.73,94982,2394,34.97,34.97,69.93,35,35,0.00,0.00,0,0
1508120790,s2-eth1,100805.20,2391.61,103196.80,2394,100906,36.96,34.97,71.93,35,37,0.00,0.00,0,0
1508120790,lo,0.00,0.00,0.00,0,0,0.00,0.00,0.00,0,0,0.00,0.00,0,0
1508120790,total,103196.80,97278.73,200475.53,97376,103300,71.93,69.93,141.86,70,72,0.00,0.00,0,0
1508120791,eth0,0.00,119.88,119.88,120,0,0.00,2.00,2.00,2,0,0.00,0.00,0,0
1508120791,s2,0.00,0.00,0.00,0,0,0.00,0.00,0.00,0,0,0.00,0.00,0,0
1508120791,s2-eth2,2571.43,118361.64,120933.07,118480,2574,38.96,39.96,78.92,40,39,0.00,0.00,0,0
1508120791,s2-eth1,106867.13,2571.43,109438.56,2574,106974,36.96,38.96,75.92,39,37,0.00,0.00,0,0
1508120791,lo,0.00,0.00,0.00,0,0,0.00,0.00,0.00,0,0,0.00,0.00,0,0
1508120791,total,109438.56,121052.95,230491.52,121174,109548,75.92,80.92,156.84,81,76,0.00,0.00,0,0
1508120792,eth0,0.00,0.00,0.00,0,0,0.00,0.00,0.00,0,0,0.00,0.00,0,0
1508120792,s2,0.00,0.00,0.00,0,0,0.00,0.00,0.00,0,0,0.00,0.00,0,0
1508120792,s2-eth2,2310.00,106632.00,108942.00,106632,2310,35.00,36.00,71.00,36,35,0.00,0.00,0,0
1508120792,s2-eth1,118480.00,2310.00,120790.00,2310,118480,40.00,35.00,75.00,35,40,0.00,0.00,0,0
1508120792,lo,0.00,0.00,0.00,0,0,0.00,0.00,0.00,0,0,0.00,0.00,0,0
1508120792,total,120790.00,108942.00,229732.00,108942,120790,75.00,71.00,146.00,71,75,0.00,0.00,0,0
1508120793,eth0,0.00,0.00,0.00,0,0,0.00,0.00,0.00,0,0,0.00,0.00,0,0
1508120793,s2,0.00,0.00,0.00,0,0,0.00,0.00,0.00,0,0,0.00,0.00,0,0
1508120793,s2-eth2,2844.00,112886.00,115730.00,112886,2844,42.00,43.00,85.00,43,42,0.00,0.00,0,0
1508120793,s2-eth1,98076.00,2844.00,100920.00,2844,98076,38.00,42.00,80.00,42,38,0.00,0.00,0,0
1508120793,lo,0.00,0.00,0.00,0,0,0.00,0.00,0.00,0,0,0.00,0.00,0,0
1508120793,total,100920.00,115730.00,216650.00,115730,100920,80.00,85.00,165.00,85,80,0.00,0.00,0,0
1508120794,eth0,0.00,0.00,0.00,0,0,0.00,0.00,0.00,0,0,0.00,0.00,0,0
1508120794,s2,0.00,0.00,0.00,0,0,0.00,0.00,0.00,0,0,0.00,0.00,0,0
1508120794,s2-eth2,2439.56,109484.52,111924.08,109594,2442,36.96,36.96,73.93,37,37,0.00,0.00,0,0
1508120794,s2-eth1,121320.68,2439.56,123760.24,2442,121442,40.96,36.96,77.92,37,41,0.00,0.00,0,0
1508120794,lo,171.83,171.83,343.66,172,172,3.00,3.00,5.99,3,3,0.00,0.00,0,0
1508120794,total,123932.07,112095.91,236027.98,112208,124056,80.92,76.92,157.84,77,81,0.00,0.00,0,0
1508120795,eth0,0.00,59.94,59.94,60,0,0.00,1.00,1.00,1,0,0.00,0.00,0,0
1508120795,s2,0.00,0.00,0.00,0,0,0.00,0.00,0.00,0,0,0.00,0.00,0,0
1508120795,s2-eth2,2577.42,106855.15,109432.57,106962,2580,37.96,40.96,78.92,41,38,0.00,0.00,0,0
1508120795,s2-eth1,89100.90,2577.42,91678.32,2580,89190,34.97,37.96,72.93,38,35,0.00,0.00,0,0
1508120795,lo,0.00,0.00,0.00,0,0,0.00,0.00,0.00,0,0,0.00,0.00,0,0
1508120795,total,91678.32,109492.51,201170.83,109602,91770,72.93,79.92,152.85,80,73,0.00,0.00,0,0
1508120796,eth0,0.00,0.00,0.00,0,0,0.00,0.00,0.00,0,0,0.00,0.00,0,0
1508120796,s2,0.00,0.00,0.00,0,0,0.00,0.00,0.00,0,0,0.00,0.00,0,0
1508120796,s2-eth2,2292.00,102420.00,104712.00,102420,2292,34.00,38.00,72.00,38,34,0.00,0.00,0,0
1508120796,s2-eth1,115716.00,2292.00,118008.00,2292,115716,42.00,34.00,76.00,34,42,0.00,0.00,0,0
1508120796,lo,0.00,0.00,0.00,0,0,0.00,0.00,0.00,0,0,0.00,0.00,0,0
1508120796,total,118008.00,104712.00,222720.00,104712,118008,76.00,72.00,148.00,72,76,0.00,0.00,0,0
1508120797,eth0,728.00,706.00,1434.00,706,728,8.00,6.00,14.00,6,8,0.00,0.00,0,0
1508120797,s2,0.00,0.00,0.00,0,0,0.00,0.00,0.00,0,0,0.00,0.00,0,0
1508120797,s2-eth2,3254.00,105580.00,108834.00,105580,3254,43.00,42.00,85.00,42,43,0.00,0.00,0,0
1508120797,s2-eth1,86980.00,2802.00,89782.00,2802,86980,40.00,41.00,81.00,41,40,0.00,0.00,0,0
1508120797,lo,682.00,682.00,1364.00,682,682,8.00,8.00,16.00,8,8,0.00,0.00,0,0
1508120797,total,91644.00,109770.00,201414.00,109770,91644,99.00,97.00,196.00,97,99,0.00,0.00,0,0
1508120798,eth0,304.00,670.00,974.00,670,304,4.00,7.00,11.00,7,4,0.00,0.00,0,0
1508120798,s2,0.00,0.00,0.00,0,0,0.00,0.00,0.00,0,0,0.00,0.00,0,0
1508120798,s2-eth2,2612.00,92194.00,94806.00,92194,2612,38.00,37.00,75.00,37,38,0.00,0.00,0,0
1508120798,s2-eth1,107796.00,2424.00,110220.00,2424,107796,48.00,36.00,84.00,36,48,0.00,0.00,0,0
1508120798,lo,682.00,682.00,1364.00,682,682,8.00,8.00,16.00,8,8,0.00,0.00,0,0
1508120798,total,111394.00,95970.00,207364.00,95970,111394,98.00,88.00,186.00,88,98,0.00,0.00,0,0
1508120799,eth0,151.85,244.76,396.60,245,152,2.00,2.00,4.00,2,2,0.00,0.00,0,0
1508120799,s2,0.00,0.00,0.00,0,0,0.00,0.00,0.00,0,0,0.00,0.00,0,0
1508120799,s2-eth2,4396.60,109814.19,114210.79,109924,4401,48.95,41.96,90.91,42,49,0.00,0.00,0,0
1508120799,s2-eth1,96438.56,2709.29,99147.85,2712,96535,42.96,39.96,82.92,40,43,0.00,0.00,0,0
1508120799,lo,512.49,512.49,1024.98,513,513,6.99,6.99,13.99,7,7,0.00,0.00,0,0
1508120799,total,101499.50,113280.72,214780.22,113394,101601,100.90,90.91,191.81,91,101,0.00,0.00,0,0
1508120800,eth0,152.00,245.00,397.00,245,152,2.00,2.00,4.00,2,2,0.00,0.00,0,0
1508120800,s2,0.00,0.00,0.00,0,0,0.00,0.00,0.00,0,0,0.00,0.00,0,0
1508120800,s2-eth2,3495.00,112556.00,116051.00,112556,3495,42.00,38.00,80.00,38,42,0.00,0.00,0,0
1508120800,s2-eth1,119336.00,2442.00,121778.00,2442,119336,43.00,37.00,80.00,37,43,0.00,0.00,0,0
1508120800,lo,341.00,341.00,682.00,341,341,4.00,4.00,8.00,4,4,0.00,0.00,0,0
1508120800,total,123324.00,115584.00,238908.00,115584,123324,91.00,81.00,172.00,81,91,0.00,0.00,0,0
1508120801,eth0,0.00,0.00,0.00,0,0,0.00,0.00,0.00,0,0,0.00,0.00,0,0
1508120801,s2,0.00,0.00,0.00,0,0,0.00,0.00,0.00,0,0,0.00,0.00,0,0
1508120801,s2-eth2,2967.00,118480.00,121447.00,118480,2967,41.00,40.00,81.00,40,41,0.00,0.00,0,0
1508120801,s2-eth1,112663.00,2640.00,115303.00,2640,112663,39.00,40.00,79.00,40,39,0.00,0.00,0,0
1508120801,lo,0.00,0.00,0.00,0,0,0.00,0.00,0.00,0,0,0.00,0.00,0,0
1508120801,total,115630.00,121120.00,236750.00,121120,115630,80.00,80.00,160.00,80,80,0.00,0.00,0,0
1508120802,eth0,60.00,60.00,120.00,60,60,1.00,1.00,2.00,1,1,0.00,0.00,0,0
1508120802,s2,0.00,0.00,0.00,0,0,0.00,0.00,0.00,0,0,0.00,0.00,0,0
1508120802,s2-eth2,3242.00,109990.00,113232.00,109990,3242,44.00,43.00,87.00,43,44,0.00,0.00,0,0
1508120802,s2-eth1,107692.00,2868.00,110560.00,2868,107692,45.00,42.00,87.00,42,45,0.00,0.00,0,0
1508120802,lo,0.00,0.00,0.00,0,0,0.00,0.00,0.00,0,0,0.00,0.00,0,0
1508120802,total,110994.00,112918.00,223912.00,112918,110994,90.00,86.00,176.00,86,90,0.00,0.00,0,0
1508120803,eth0,0.00,0.00,0.00,0,0,0.00,0.00,0.00,0,0,0.00,0.00,0,0
1508120803,s2,0.00,0.00,0.00,0,0,0.00,0.00,0.00,0,0,0.00,0.00,0,0
1508120803,s2-eth2,3577.00,133290.00,136867.00,133290,3577,46.00,45.00,91.00,45,46,0.00,0.00,0,0
1508120803,s2-eth1,130328.00,2838.00,133166.00,2838,130328,44.00,43.00,87.00,43,44,0.00,0.00,0,0
1508120803,lo,0.00,0.00,0.00,0,0,0.00,0.00,0.00,0,0,0.00,0.00,0,0
1508120803,total,133905.00,136128.00,270033.00,136128,133905,90.00,88.00,178.00,88,90,0.00,0.00,0,0
1508120804,eth0,0.00,0.00,0.00,0,0,0.00,0.00,0.00,0,0,0.00,0.00,0,0
1508120804,s2,0.00,0.00,0.00,0,0,0.00,0.00,0.00,0,0,0.00,0.00,0,0
1508120804,s2-eth2,2964.00,99854.00,102818.00,99854,2964,42.00,43.00,85.00,43,42,0.00,0.00,0,0
1508120804,s2-eth1,107226.00,2964.00,110190.00,2964,107226,45.00,42.00,87.00,42,45,0.00,0.00,0,0
1508120804,lo,172.00,172.00,344.00,172,172,3.00,3.00,6.00,3,3,0.00,0.00,0,0
1508120804,total,110362.00,102990.00,213352.00,102990,110362,90.00,88.00,178.00,88,90,0.00,0.00,0,0
1508120805,eth0,0.00,180.00,180.00,180,0,0.00,3.00,3.00,3,0,0.00,0.00,0,0
1508120805,s2,0.00,0.00,0.00,0,0,0.00,0.00,0.00,0,0,0.00,0.00,0,0
1508120805,s2-eth2,1848.00,79974.00,81822.00,79974,1848,28.00,27.00,55.00,27,28,0.00,0.00,0,0
1508120805,s2-eth1,74499.00,1848.00,76347.00,1848,74499,27.00,28.00,55.00,28,27,0.00,0.00,0,0
1508120805,lo,0.00,0.00,0.00,0,0,0.00,0.00,0.00,0,0,0.00,0.00,0,0
1508120805,total,76347.00,82002.00,158349.00,82002,76347,55.00,58.00,113.00,58,55,0.00,0.00,0,0
1508120806,eth0,0.00,0.00,0.00,0,0,0.00,0.00,0.00,0,0,0.00,0.00,0,0
1508120806,s2,0.00,0.00,0.00,0,0,0.00,0.00,0.00,0,0,0.00,0.00,0,0
1508120806,s2-eth2,1955.00,88860.00,90815.00,88860,1955,29.00,30.00,59.00,30,29,0.00,0.00,0,0
1508120806,s2-eth1,85968.00,1848.00,87816.00,1848,85968,30.00,28.00,58.00,28,30,0.00,0.00,0,0
1508120806,lo,0.00,0.00,0.00,0,0,0.00,0.00,0.00,0,0,0.00,0.00,0,0
1508120806,total,87923.00,90708.00,178631.00,90708,87923,59.00,58.00,117.00,58,59,0.00,0.00,0,0
1508120807,eth0,0.00,0.00,0.00,0,0,0.00,0.00,0.00,0,0,0.00,0.00,0,0
1508120807,s2,0.00,0.00,0.00,0,0,0.00,0.00,0.00,0,0,0.00,0.00,0,0
1508120807,s2-eth2,2176.00,86228.00,88404.00,86228,2176,32.00,34.00,66.00,34,32,0.00,0.00,0,0
1508120807,s2-eth1,83266.00,2106.00,85372.00,2106,83266,33.00,31.00,64.00,31,33,0.00,0.00,0,0
1508120807,lo,0.00,0.00,0.00,0,0,0.00,0.00,0.00,0,0,0.00,0.00,0,0
1508120807,total,85442.00,88334.00,173776.00,88334,85442,65.00,65.00,130.00,65,65,0.00,0.00,0,0
1508120808,eth0,0.00,0.00,0.00,0,0,0.00,0.00,0.00,0,0,0.00,0.00,0,0
1508120808,s2,0.00,0.00,0.00,0,0,0.00,0.00,0.00,0,0,0.00,0.00,0,0
1508120808,s2-eth2,2514.00,83200.00,85714.00,83200,2514,33.00,32.00,65.00,32,33,0.00,0.00,0,0
1508120808,s2-eth1,86162.00,2172.00,88334.00,2172,86162,33.00,32.00,65.00,32,33,0.00,0.00,0,0
1508120808,lo,0.00,0.00,0.00,0,0,0.00,0.00,0.00,0,0,0.00,0.00,0,0
1508120808,total,88676.00,85372.00,174048.00,85372,88676,66.00,64.00,130.00,64,66,0.00,0.00,0,0
1508120809,eth0,0.00,0.00,0.00,0,0,0.00,0.00,0.00,0,0,0.00,0.00,0,0
1508120809,s2,0.00,0.00,0.00,0,0,0.00,0.00,0.00,0,0,0.00,0.00,0,0
1508120809,s2-eth2,1980.00,94784.00,96764.00,94784,1980,30.00,32.00,62.00,32,30,0.00,0.00,0,0
1508120809,s2-eth1,88860.00,1980.00,90840.00,1980,88860,30.00,30.00,60.00,30,30,0.00,0.00,0,0
1508120809,lo,172.00,172.00,344.00,172,172,3.00,3.00,6.00,3,3,0.00,0.00,0,0
1508120809,total,91012.00,96936.00,187948.00,96936,91012,63.00,65.00,128.00,65,63,0.00,0.00,0,0
1508120810,eth0,0.00,0.00,0.00,0,0,0.00,0.00,0.00,0,0,0.00,0.00,0,0
1508120810,s2,0.00,0.00,0.00,0,0,0.00,0.00,0.00,0,0,0.00,0.00,0,0
1508120810,s2-eth2,2112.00,94784.00,96896.00,94784,2112,32.00,32.00,64.00,32,32,0.00,0.00,0,0
1508120810,s2-eth1,97746.00,2112.00,99858.00,2112,97746,33.00,32.00,65.00,32,33,0.00,0.00,0,0
1508120810,lo,0.00,0.00,0.00,0,0,0.00,0.00,0.00,0,0,0.00,0.00,0,0
1508120810,total,99858.00,96896.00,196754.00,96896,99858,65.00,64.00,129.00,64,65,0.00,0.00,0,0
1508120811,eth0,0.00,0.00,0.00,0,0,0.00,0.00,0.00,0,0,0.00,0.00,0,0
1508120811,s2,0.00,0.00,0.00,0,0,0.00,0.00,0.00,0,0,0.00,0.00,0,0
1508120811,s2-eth2,2328.00,94982.00,97310.00,94982,2328,34.00,35.00,69.00,35,34,0.00,0.00,0,0
1508120811,s2-eth1,83476.00,2328.00,85804.00,2328,83476,32.00,34.00,66.00,34,32,0.00,0.00,0,0
1508120811,lo,0.00,0.00,0.00,0,0,0.00,0.00,0.00,0,0,0.00,0.00,0,0
1508120811,total,85804.00,97310.00,183114.00,97310,85804,66.00,69.00,135.00,69,66,0.00,0.00,0,0
1508120812,eth0,0.00,120.00,120.00,120,0,0.00,2.00,2.00,2,0,0.00,0.00,0,0
1508120812,s2,0.00,0.00,0.00,0,0,0.00,0.00,0.00,0,0,0.00,0.00,0,0
1508120812,s2-eth2,2124.00,72998.00,75122.00,72998,2124,30.00,31.00,61.00,31,30,0.00,0.00,0,0
1508120812,s2-eth1,83332.00,2124.00,85456.00,2124,83332,34.00,30.00,64.00,30,34,0.00,0.00,0,0
1508120812,lo,0.00,0.00,0.00,0,0,0.00,0.00,0.00,0,0,0.00,0.00,0,0
1508120812,total,85456.00,75242.00,160698.00,75242,85456,64.00,63.00,127.00,63,64,0.00,0.00,0,0
1508120813,eth0,0.00,0.00,0.00,0,0,0.00,0.00,0.00,0,0,0.00,0.00,0,0
1508120813,s2,0.00,0.00,0.00,0,0,0.00,0.00,0.00,0,0,0.00,0.00,0,0
1508120813,s2-eth2,1794.00,62202.00,63996.00,62202,1794,23.00,21.00,44.00,21,23,0.00,0.00,0,0
1508120813,s2-eth1,53423.00,1452.00,54875.00,1452,53423,19.00,22.00,41.00,22,19,0.00,0.00,0,0
1508120813,lo,0.00,0.00,0.00,0,0,0.00,0.00,0.00,0,0,0.00,0.00,0,0
1508120813,total,55217.00,63654.00,118871.00,63654,55217,42.00,43.00,85.00,43,42,0.00,0.00,0,0
1508120814,eth0,0.00,0.00,0.00,0,0,0.00,0.00,0.00,0,0,0.00,0.00,0,0
1508120814,s2,0.00,0.00,0.00,0,0,0.00,0.00,0.00,0,0,0.00,0.00,0,0
1508120814,s2-eth2,1559.00,68126.00,69685.00,68126,1559,23.00,23.00,46.00,23,23,0.00,0.00,0,0
1508120814,s2-eth1,74050.00,1452.00,75502.00,1452,74050,25.00,22.00,47.00,22,25,0.00,0.00,0,0
1508120814,lo,172.00,172.00,344.00,172,172,3.00,3.00,6.00,3,3,0.00,0.00,0,0
1508120814,total,75781.00,69750.00,145531.00,69750,75781,51.00,48.00,99.00,48,51,0.00,0.00,0,0
1508120815,eth0,0.00,1464.00,1464.00,1464,0,0.00,4.00,4.00,4,0,0.00,0.00,0,0
1508120815,s2,0.00,0.00,0.00,0,0,0.00,0.00,0.00,0,0,0.00,0.00,0,0
1508120815,s2-eth2,1698.00,74182.00,75880.00,74182,1698,25.00,27.00,52.00,27,25,0.00,0.00,0,0
1508120815,s2-eth1,62334.00,1698.00,64032.00,1698,62334,23.00,25.00,48.00,25,23,0.00,0.00,0,0
1508120815,lo,0.00,0.00,0.00,0,0,0.00,0.00,0.00,0,0,0.00,0.00,0,0
1508120815,total,64032.00,77344.00,141376.00,77344,64032,48.00,56.00,104.00,56,48,0.00,0.00,0,0
1508120816,eth0,0.00,0.00,0.00,0,0,0.00,0.00,0.00,0,0,0.00,0.00,0,0
1508120816,s2,0.00,0.00,0