1503628796,s5,0.00,0.00,0.00,0,0,0.00,0.00,0.00,0,0,0.00,0.00,0,0
1503628796,s1,0.00,0.00,0.00,0,0,0.00,0.00,0.00,0,0,0.00,0.00,0,0
1503628796,eth0,0.00,0.00,0.00,0,0,0.00,0.00,0.00,0,0,0.00,0.00,0,0
1503628796,eth1,0.00,0.00,0.00,0,0,0.00,0.00,0.00,0,0,0.00,0.00,0,0
1503628796,s2,0.00,0.00,0.00,0,0,0.00,0.00,0.00,0,0,0.00,0.00,0,0
1503628796,s1-eth2,0.00,0.00,0.00,0,0,0.00,0.00,0.00,0,0,0.00,0.00,0,0
1503628796,s1-eth1,0.00,0.00,0.00,0,0,0.00,0.00,0.00,0,0,0.00,0.00,0,0
1503628796,s3,0.00,0.00,0.00,0,0,0.00,0.00,0.00,0,0,0.00,0.00,0,0
1503628796,s2-eth2,0.00,0.00,0.00,0,0,0.00,0.00,0.00,0,0,0.00,0.00,0,0
1503628796,s2-eth1,0.00,0.00,0.00,0,0,0.00,0.00,0.00,0,0,0.00,0.00,0,0
1503628796,lo,0.00,0.00,0.00,0,0,0.00,0.00,0.00,0,0,0.00,0.00,0,0
1503628796,s4,0.00,0.00,0.00,0,0,0.00,0.00,0.00,0,0,0.00,0.00,0,0
1503628796,s3-eth2,0.00,0.00,0.00,0,0,0.00,0.00,0.00,0,0,0.00,0.00,0,0
1503628796,s3-eth1,0.00,0.00,0.00,0,0,0.00,0.00,0.00,0,0,0.00,0.00,0,0
1503628796,total,0.00,0.00,0.00,0,0,0.00,0.00,0.00,0,0,0.00,0.00,0,0
1503628797,s5,0.00,0.00,0.00,0,0,0.00,0.00,0.00,0,0,0.00,0.00,0,0
1503628797,s1,90.00,1907.00,1997.00,1907,90,1.00,11.00,12.00,11,1,0.00,0.00,0,0
1503628797,eth0,152.00,245.00,397.00,245,152,2.00,2.00,4.00,2,2,0.00,0.00,0,0
1503628797,eth1,0.00,0.00,0.00,0,0,0.00,0.00,0.00,0,0,0.00,0.00,0,0
1503628797,s2,90.00,1378.00,1468.00,1378,90,1.00,9.00,10.00,9,1,0.00,0.00,0,0
1503628797,s1-eth2,143089.00,5842919.00,5986008.00,5842919,143089,1930.00,3869.00,5799.00,3869,1930,0.00,0.00,0,0
1503628797,s1-eth1,5842164.00,142672.00,5984836.00,142672,5842164,3871.00,1928.00,5799.00,1928,3871,0.00,0.00,0,0
1503628797,s3,250.00,1763.00,2013.00,1763,250,3.00,10.00,13.00,10,3,0.00,0.00,0,0
1503628797,s2-eth2,144345.00,5846515.00,5990860.00,5846515,144345,1937.00,3868.00,5805.00,3868,1937,0.00,0.00,0,0
1503628797,s2-eth1,5842919.00,143089.00,5986008.00,143089,5842919,3869.00,1930.00,5799.00,1930,3869,0.00,0.00,0,0
1503628797,lo,10420.00,10420.00,20840.00,10420,10420,100.00,100.00,200.00,100,100,0.00,0.00,0,0
1503628797,s4,0.00,0.00,0.00,0,0,0.00,0.00,0.00,0,0,0.00,0.00,0,0
1503628797,s3-eth2,145523.00,5848672.00,5994195.00,5848672,145523,1943.00,3864.00,5807.00,3864,1943,0.00,0.00,0,0
1503628797,s3-eth1,5846515.00,144345.00,5990860.00,144345,5846515,3868.00,1937.00,5805.00,1937,3868,0.00,0.00,0,0
1503628797,total,17975556.00,17983924.00,35959480.00,17983925,17975557,17525.00,17528.00,35053.00,17528,17525,0.00,0.00,0,0
1503628798,s5,0.00,0.00,0.00,0,0,0.00,0.00,0.00,0,0,0.00,0.00,0,0
1503628798,s1,0.00,776.00,776.00,776,0,0.00,3.00,3.00,3,0,0.00,0.00,0,0
1503628798,eth0,152.00,245.00,397.00,245,152,2.00,2.00,4.00,2,2,0.00,0.00,0,0
1503628798,eth1,0.00,0.00,0.00,0,0,0.00,0.00,0.00,0,0,0.00,0.00,0,0
1503628798,s2,0.00,1385.00,1385.00,1385,0,0.00,5.00,5.00,5,0,0.00,0.00,0,0
1503628798,s1-eth2,145312.00,5909918.00,6055230.00,5909918,145312,1957.00,3906.00,5863.00,3906,1957,0.00,0.00,0,0
1503628798,s1-eth1,5910292.00,144522.00,6054814.00,144522,5910292,3908.00,1953.00,5861.00,1953,3908,0.00,0.00,0,0
1503628798,s3,0.00,1385.00,1385.00,1385,0,0.00,5.00,5.00,5,0,0.00,0.00,0,0
1503628798,s2-eth2,145907.00,5906783.00,6052690.00,5906783,145907,1958.00,3903.00,5861.00,3903,1958,0.00,0.00,0,0
1503628798,s2-eth1,5909918.00,145312.00,6055230.00,145312,5909918,3906.00,1957.00,5863.00,1957,3906,0.00,0.00,0,0
1503628798,lo,4516.00,4516.00,9032.00,4516,4516,43.00,43.00,86.00,43,43,0.00,0.00,0,0
1503628798,s4,0.00,0.00,0.00,0,0,0.00,0.00,0.00,0,0,0.00,0.00,0,0
1503628798,s3-eth2,146576.00,5912170.00,6058746.00,5912170,146576,1960.00,3905.00,5865.00,3905,1960,0.00,0.00,0,0
1503628798,s3-eth1,5906783.00,145907.00,6052690.00,145907,5906783,3903.00,1958.00,5861.00,1958,3903,0.00,0.00,0,0
1503628798,total,18169456.00,18172920.00,36342376.00,18172919,18169456,17637.00,17640.00,35277.00,17640,17637,0.00,0.00,0,0
1503628799,s5,0.00,0.00,0.00,0,0,0.00,0.00,0.00,0,0,0.00,0.00,0,0
1503628799,s1,0.00,1108.00,1108.00,1108,0,0.00,6.00,6.00,6,0,0.00,0.00,0,0
1503628799,eth0,60.00,60.00,120.00,60,60,1.00,1.00,2.00,1,1,0.00,0.00,0,0
1503628799,eth1,60.00,60.00,120.00,60,60,1.00,1.00,2.00,1,1,0.00,0.00,0,0
1503628799,s2,0.00,841.00,841.00,841,0,0.00,5.00,5.00,5,0,0.00,0.00,0,0
1503628799,s1-eth2,148467.00,6064608.00,6213075.00,6064608,148467,2003.00,4010.00,6013.00,4010,2003,0.00,0.00,0,0
1503628799,s1-eth1,6066519.00,148144.00,6214663.00,148144,6066519,4013.00,2002.00,6015.00,2002,4013,0.00,0.00,0,0
1503628799,s3,0.00,841.00,841.00,841,0,0.00,5.00,5.00,5,0,0.00,0.00,0,0
1503628799,s2-eth2,148989.00,6062430.00,6211419.00,6062430,148989,2007.00,4006.00,6013.00,4006,2007,0.00,0.00,0,0
1503628799,s2-eth1,6064608.00,148467.00,6213075.00,148467,6064608,4010.00,2003.00,6013.00,2003,4010,0.00,0.00,0,0
1503628799,lo,4701.00,4701.00,9402.00,4701,4701,46.00,46.00,92.00,46,46,0.00,0.00,0,0
1503628799,s4,0.00,0.00,0.00,0,0,0.00,0.00,0.00,0,0,0.00,0.00,0,0
1503628799,s3-eth2,149363.00,6063570.00,6212933.00,6063570,149363,2009.00,4005.00,6014.00,4005,2009,0.00,0.00,0,0
1503628799,s3-eth1,6062430.00,148989.00,6211419.00,148989,6062430,4006.00,2007.00,6013.00,2007,4006,0.00,0.00,0,0
1503628799,total,18645196.00,18643820.00,37289016.00,18643819,18645197,18096.00,18097.00,36193.00,18097,18096,0.00,0.00,0,0
1503628800,s5,0.00,0.00,0.00,0,0,0.00,0.00,0.00,0,0,0.00,0.00,0,0
1503628800,s1,70.00,879.00,949.00,879,70,1.00,5.00,6.00,5,1,0.00,0.00,0,0
1503628800,eth0,0.00,0.00,0.00,0,0,0.00,0.00,0.00,0,0,0.00,0.00,0,0
1503628800,eth1,0.00,0.00,0.00,0,0,0.00,0.00,0.00,0,0,0.00,0.00,0,0
1503628800,s2,70.00,537.00,607.00,537,70,1.00,4.00,5.00,4,1,0.00,0.00,0,0
1503628800,s1-eth2,144740.00,5922133.00,6066873.00,5922133,144740,1956.00,3916.00,5872.00,3916,1956,0.00,0.00,0,0
1503628800,s1-eth1,5914633.00,144522.00,6059155.00,144522,5914633,3912.00,1953.00,5865.00,1953,3912,0.00,0.00,0,0
1503628800,s3,0.00,607.00,607.00,607,0,0.00,5.00,5.00,5,0,0.00,0.00,0,0
1503628800,s2-eth2,145059.00,5921721.00,6066780.00,5921721,145059,1957.00,3914.00,5871.00,3914,1957,0.00,0.00,0,0
1503628800,s2-eth1,5922133.00,144740.00,6066873.00,144740,5922133,3916.00,1956.00,5872.00,1956,3916,0.00,0.00,0,0
1503628800,lo,4916.00,4916.00,9832.00,4916,4916,55.00,55.00,110.00,55,55,0.00,0.00,0,0
1503628800,s4,0.00,0.00,0.00,0,0,0.00,0.00,0.00,0,0,0.00,0.00,0,0
1503628800,s3-eth2,145456.00,5918296.00,6063752.00,5918296,145456,1959.00,3910.00,5869.00,3910,1959,0.00,0.00,0,0
1503628800,s3-eth1,5921721.00,145059.00,6066780.00,145059,5921721,3914.00,1957.00,5871.00,1957,3914,0.00,0.00,0,0
1503628800,total,18198798.00,18203410.00,36402208.00,18203410,18198798,17671.00,17675.00,35346.00,17675,17671,0.00,0.00,0,0
1503628801,s5,0.00,0.00,0.00,0,0,0.00,0.00,0.00,0,0,0.00,0.00,0,0
1503628801,s1,0.00,70.00,70.00,70,0,0.00,1.00,1.00,1,0,0.00,0.00,0,0
1503628801,eth0,0.00,0.00,0.00,0,0,0.00,0.00,0.00,0,0,0.00,0.00,0,0
1503628801,eth1,0.00,0.00,0.00,0,0,0.00,0.00,0.00,0,0,0.00,0.00,0,0
1503628801,s2,0.00,70.00,70.00,70,0,0.00,1.00,1.00,1,0,0.00,0.00,0,0
1503628801,s1-eth2,149924.00,6130256.00,6280180.00,6130256,149924,2026.00,4050.00,6076.00,4050,2026,0.00,0.00,0,0
1503628801,s1-eth1,6131770.00,149998.00,6281768.00,149998,6131770,4051.00,2027.00,6078.00,2027,4051,0.00,0.00,0,0
1503628801,s3,70.00,342.00,412.00,342,70,1.00,1.00,2.00,1,1,0.00,0.00,0,0
1503628801,s2-eth2,150340.00,6133284.00,6283624.00,6133284,150340,2028.00,4052.00,6080.00,4052,2028,0.00,0.00,0,0
1503628801,s2-eth1,6130256.00,149924.00,6280180.00,149924,6130256,4050.00,2026.00,6076.00,2026,4050,0.00,0.00,0,0
1503628801,lo,1130.00,1130.00,2260.00,1130,1130,12.00,12.00,24.00,12,12,0.00,0.00,0,0
1503628801,s4,0.00,0.00,0.00,0,0,0.00,0.00,0.00,0,0,0.00,0.00,0,0
1503628801,s3-eth2,150410.00,6131700.00,6282110.00,6131700,150410,2029.00,4050.00,6079.00,4050,2029,0.00,0.00,0,0
1503628801,s3-eth1,6133284.00,150340.00,6283624.00,150340,6133284,4052.00,2028.00,6080.00,2028,4052,0.00,0.00,0,0
1503628801,total,18847184.00,18847114.00,37694296.00,18847114,18847184,18249.00,18248.00,36497.00,18248,18249,0.00,0.00,0,0
1503628802,s5,0.00,0.00,0.00,0,0,0.00,0.00,0.00,0,0,0.00,0.00,0,0
1503628802,s1,0.00,107.00,107.00,107,0,0.00,1.00,1.00,1,0,0.00,0.00,0,0
1503628802,eth0,0.00,0.00,0.00,0,0,0.00,0.00,0.00,0,0,0.00,0.00,0,0
1503628802,eth1,0.00,0.00,0.00,0,0,0.00,0.00,0.00,0,0,0.00,0.00,0,0
1503628802,s2,0.00,107.00,107.00,107,0,0.00,1.00,1.00,1,0,0.00,0.00,0,0
1503628802,s1-eth2,149439.00,6118181.00,6267620.00,6118181,149439,2019.00,4042.00,6061.00,4042,2019,0.00,0.00,0,0
1503628802,s1-eth1,6118288.00,149406.00,6267694.00,149406,6118288,4043.00,2019.00,6062.00,2019,4043,0.00,0.00,0,0
1503628802,s3,0.00,107.00,107.00,107,0,0.00,1.00,1.00,1,0,0.00,0.00,0,0
1503628802,s2-eth2,149365.00,6115046.00,6264411.00,6115046,149365,2018.00,4039.00,6057.00,4039,2018,0.00,0.00,0,0
1503628802,s2-eth1,6118181.00,149439.00,6267620.00,149439,6118181,4042.00,2019.00,6061.00,2019,4042,0.00,0.00,0,0
1503628802,lo,915.00,915.00,1830.00,915,915,9.00,9.00,18.00,9,9,0.00,0.00,0,0
1503628802,s4,0.00,0.00,0.00,0,0,0.00,0.00,0.00,0,0,0.00,0.00,0,0
1503628802,s3-eth2,149439.00,6116560.00,6265999.00,6116560,149439,2019.00,4040.00,6059.00,4040,2019,0.00,0.00,0,0
1503628802,s3-eth1,6115046.00,149365.00,6264411.00,149365,6115046,4039.00,2018.00,6057.00,2018,4039,0.00,0.00,0,0
1503628802,total,18800672.00,18799232.00,37599904.00,18799233,18800673,18189.00,18189.00,36378.00,18189,18189,0.00,0.00,0,0
1503628803,s5,0.00,0.00,0.00,0,0,0.00,0.00,0.00,0,0,0.00,0.00,0,0
1503628803,s1,0.00,247.00,247.00,247,0,0.00,3.00,3.00,3,0,0.00,0.00,0,0
1503628803,eth0,0.00,0.00,0.00,0,0,0.00,0.00,0.00,0,0,0.00,0.00,0,0
1503628803,eth1,0.00,0.00,0.00,0,0,0.00,0.00,0.00,0,0,0.00,0.00,0,0
1503628803,s2,0.00,589.00,589.00,589,0,0.00,4.00,4.00,4,0,0.00,0.00,0,0
1503628803,s1-eth2,147520.00,6010757.00,6158277.00,6010757,147520,1990.00,3972.00,5962.00,3972,1990,0.00,0.00,0,0
1503628803,s1-eth1,6015369.00,147034.00,6162403.00,147034,6015369,3976.00,1987.00,5963.00,1987,3976,0.00,0.00,0,0
1503628803,s3,0.00,589.00,589.00,589,0,0.00,4.00,4.00,4,0,0.00,0.00,0,0
1503628803,s2-eth2,147627.00,6012201.00,6159828.00,6012201,147627,1991.00,3972.00,5963.00,3972,1991,0.00,0.00,0,0
1503628803,s2-eth1,6010757.00,147520.00,6158277.00,147520,6010757,3972.00,1990.00,5962.00,1990,3972,0.00,0.00,0,0
1503628803,lo,3175.00,3175.00,6350.00,3175,3175,33.00,33.00,66.00,33,33,0.00,0.00,0,0
1503628803,s4,0.00,0.00,0.00,0,0,0.00,0.00,0.00,0,0,0.00,0.00,0,0
1503628803,s3-eth2,147734.00,6009066.00,6156800.00,6009066,147734,1992.00,3969.00,5961.00,3969,1992,0.00,0.00,0,0
1503628803,s3-eth1,6012201.00,147627.00,6159828.00,147627,6012201,3972.00,1991.00,5963.00,1991,3972,0.00,0.00,0,0
1503628803,total,18484384.00,18478804.00,36963188.00,18478805,18484383,17926.00,17925.00,35851.00,17925,17926,0.00,0.00,0,0
1503628804,s5,0.00,0.00,0.00,0,0,0.00,0.00,0.00,0,0,0.00,0.00,0,0
1503628804,s1,70.00,552.00,622.00,552,70,1.00,4.00,5.00,4,1,0.00,0.00,0,0
1503628804,eth0,0.00,0.00,0.00,0,0,0.00,0.00,0.00,0,0,0.00,0.00,0,0
1503628804,eth1,0.00,0.00,0.00,0,0,0.00,0.00,0.00,0,0,0.00,0.00,0,0
1503628804,s2,70.00,210.00,280.00,210,70,1.00,3.00,4.00,3,1,0.00,0.00,0,0
1503628804,s1-eth2,149846.00,6127710.00,6277556.00,6127710,149846,2025.00,4051.00,6076.00,4051,2025,0.00,0.00,0,0
1503628804,s1-eth1,6129294.00,149776.00,6279070.00,149776,6129294,4053.00,2024.00,6077.00,2024,4053,0.00,0.00,0,0
1503628804,s3,0.00,280.00,280.00,280,0,0.00,4.00,4.00,4,0,0.00,0.00,0,0
1503628804,s2-eth2,149986.00,6127298.00,6277284.00,6127298,149986,2027.00,4049.00,6076.00,4049,2027,0.00,0.00,0,0
1503628804,s2-eth1,6127710.00,149846.00,6277556.00,149846,6127710,4051.00,2025.00,6076.00,2025,4051,0.00,0.00,0,0
1503628804,lo,3542.00,3542.00,7084.00,3542,3542,39.00,39.00,78.00,39,39,0.00,0.00,0,0
1503628804,s4,0.00,0.00,0.00,0,0,0.00,0.00,0.00,0,0,0.00,0.00,0,0
1503628804,s3-eth2,149982.00,6128742.00,6278724.00,6128742,149982,2027.00,4049.00,6076.00,4049,2027,0.00,0.00,0,0
1503628804,s3-eth1,6127298.00,149986.00,6277284.00,149986,6127298,4049.00,2027.00,6076.00,2027,4049,0.00,0.00,0,0
1503628804,total,18837798.00,18837942.00,37675740.00,18837942,18837798,18273.00,18275.00,36548.00,18275,18273,0.00,0.00,0,0
1503628805,s5,0.00,0.00,0.00,0,0,0.00,0.00,0.00,0,0,0.00,0.00,0,0
1503628805,s1,0.00,412.00,412.00,412,0,0.00,2.00,2.00,2,0,0.00,0.00,0,0
1503628805,eth0,0.00,0.00,0.00,0,0,0.00,0.00,0.00,0,0,0.00,0.00,0,0
1503628805,eth1,0.00,0.00,0.00,0,0,0.00,0.00,0.00,0,0,0.00,0.00,0,0
1503628805,s2,0.00,412.00,412.00,412,0,0.00,2.00,2.00,2,0,0.00,0.00,0,0
1503628805,s1-eth2,150442.00,6151794.00,6302236.00,6151794,150442,2033.00,4065.00,6098.00,4065,2033,0.00,0.00,0,0
1503628805,s1-eth1,6153650.00,150442.00,6304092.00,150442,6153650,4067.00,2033.00,6100.00,2033,4067,0.00,0.00,0,0
1503628805,s3,70.00,0.00,70.00,0,70,1.00,0.00,1.00,0,1,0.00,0.00,0,0
1503628805,s2-eth2,150590.00,6151794.00,6302384.00,6151794,150590,2035.00,4065.00,6100.00,4065,2035,0.00,0.00,0,0
1503628805,s2-eth1,6151794.00,150442.00,6302236.00,150442,6151794,4065.00,2033.00,6098.00,2033,4065,0.00,0.00,0,0
1503628805,lo,1800.00,1800.00,3600.00,1800,1800,21.00,21.00,42.00,21,21,0.00,0.00,0,0
1503628805,s4,0.00,0.00,0.00,0,0,0.00,0.00,0.00,0,0,0.00,0.00,0,0
1503628805,s3-eth2,151076.00,6152896.00,6303972.00,6152896,151076,2038.00,4064.00,6102.00,4064,2038,0.00,0.00,0,0
1503628805,s3-eth1,6151794.00,150590.00,6302384.00,150590,6151794,4065.00,2035.00,6100.00,2035,4065,0.00,0.00,0,0
1503628805,total,18911216.00,18910582.00,37821800.00,18910582,18911216,18325.00,18320.00,36645.00,18320,18325,0.00,0.00,0,0
1503628806,s5,0.00,0.00,0.00,0,0,0.00,0.00,0.00,0,0,0.00,0.00,0,0
1503628806,s1,0.00,0.00,0.00,0,0,0.00,0.00,0.00,0,0,0.00,0.00,0,0
1503628806,eth0,0.00,0.00,0.00,0,0,0.00,0.00,0.00,0,0,0.00,0.00,0,0
1503628806,eth1,0.00,0.00,0.00,0,0,0.00,0.00,0.00,0,0,0.00,0.00,0,0
1503628806,s2,0.00,0.00,0.00,0,0,0.00,0.00,0.00,0,0,0.00,0.00,0,0
1503628806,s1-eth2,150146.00,6148354.00,6298500.00,6148354,150146,2029.00,4061.00,6090.00,4061,2029,0.00,0.00,0,0
1503628806,s1-eth1,6145326.00,150146.00,6295472.00,150146,6145326,4059.00,2029.00,6088.00,2029,4059,0.00,0.00,0,0
1503628806,s3,0.00,0.00,0.00,0,0,0.00,0.00,0.00,0,0,0.00,0.00,0,0
1503628806,s2-eth2,149998.00,6148354.00,6298352.00,6148354,149998,2027.00,4061.00,6088.00,4061,2027,0.00,0.00,0,0
1503628806,s2-eth1,6148354.00,150146.00,6298500.00,150146,6148354,4061.00,2029.00,6090.00,2029,4061,0.00,0.00,0,0
1503628806,lo,0.00,0.00,0.00,0,0,0.00,0.00,0.00,0,0,0.00,0.00,0,0
1503628806,s4,0.00,0.00,0.00,0,0,0.00,0.00,0.00,0,0,0.00,0.00,0,0
1503628806,s3-eth2,150146.00,6149868.00,6300014.00,6149868,150146,2029.00,4062.00,6091.00,4062,2029,0.00,0.00,0,0
1503628806,s3-eth1,6148354.00,149998.00,6298352.00,149998,6148354,4061.00,2027.00,6088.00,2027,4061,0.00,0.00,0,0
1503628806,total,18892324.00,18896866.00,37789192.00,18896866,18892324,18266.00,18269.00,36535.00,18269,18266,0.00,0.00,0,0
1503628807,s5,0.00,0.00,0.00,0,0,0.00,0.00,0.00,0,0,0.00,0.00,0,0
1503628807,s1,0.00,0.00,0.00,0,0,0.00,0.00,0.00,0,0,0.00,0.00,0,0
1503628807,eth0,0.00,0.00,0.00,0,0,0.00,0.00,0.00,0,0,0.00,0.00,0,0
1503628807,eth1,0.00,0.00,0.00,0,0,0.00,0.00,0.00,0,0,0.00,0.00,0,0
1503628807,s2,0.00,0.00,0.00,0,0,0.00,0.00,0.00,0,0,0.00,0.00,0,0
1503628807,s1-eth2,151330.00,6195288.00,6346618.00,6195288,151330,2045.00,4092.00,6137.00,4092,2045,0.00,0.00,0,0
1503628807,s1-eth1,6195288.00,151404.00,6346692.00,151404,6195288,4092.00,2046.00,6138.00,2046,4092,0.00,0.00,0,0
1503628807,s3,0.00,342.00,342.00,342,0,0.00,1.00,1.00,1,0,0.00,0.00,0,0
1503628807,s2-eth2,151820.00,6196802.00,6348622.00,6196802,151820,2048.00,4093.00,6141.00,4093,2048,0.00,0.00,0,0
1503628807,s2-eth1,6196802.00,151330.00,6348132.00,151330,6196802,4093.00,2045.00,6138.00,2045,4093,0.00,0.00,0,0
1503628807,lo,326.00,326.00,652.00,326,326,3.00,3.00,6.00,3,3,0.00,0.00,0,0
1503628807,s4,0.00,0.00,0.00,0,0,0.00,0.00,0.00,0,0,0.00,0.00,0,0
1503628807,s3-eth2,151746.00,6196802.00,6348548.00,6196802,151746,2047.00,4093.00,6140.00,4093,2047,0.00,0.00,0,0
1503628807,s3-eth1,6196802.00,151820.00,6348622.00,151820,6196802,4093.00,2048.00,6141.00,2048,4093,0.00,0.00,0,0
1503628807,total,19044114.00,19044114.00,38088228.00,19044114,19044114,18421.00,18421.00,36842.00,18421,18421,0.00,0.00,0,0
1503628808,s5,0.00,0.00,0.00,0,0,0.00,0.00,0.00,0,0,0.00,0.00,0,0
1503628808,s1,0.00,0.00,0.00,0,0,0.00,0.00,0.00,0,0,0.00,0.00,0,0
1503628808,eth0,0.00,0.00,0.00,0,0,0.00,0.00,0.00,0,0,0.00,0.00,0,0
1503628808,eth1,0.00,0.00,0.00,0,0,0.00,0.00,0.00,0,0,0.00,0.00,0,0
1503628808,s2,0.00,0.00,0.00,0,0,0.00,0.00,0.00,0,0,0.00,0.00,0,0
1503628808,s1-eth2,149702.00,6124130.00,6273832.00,6124130,149702,2023.00,4045.00,6068.00,4045,2023,0.00,0.00,0,0
1503628808,s1-eth1,6124130.00,149702.00,6273832.00,149702,6124130,4045.00,2023.00,6068.00,2023,4045,0.00,0.00,0,0
1503628808,s3,0.00,0.00,0.00,0,0,0.00,0.00,0.00,0,0,0.00,0.00,0,0
1503628808,s2-eth2,149554.00,6124130.00,6273684.00,6124130,149554,2021.00,4045.00,6066.00,4045,2021,0.00,0.00,0,0
1503628808,s2-eth1,6122616.00,149702.00,6272318.00,149702,6122616,4044.00,2023.00,6067.00,2023,4044,0.00,0.00,0,0
1503628808,lo,0.00,0.00,0.00,0,0,0.00,0.00,0.00,0,0,0.00,0.00,0,0
1503628808,s4,0.00,0.00,0.00,0,0,0.00,0.00,0.00,0,0,0.00,0.00,0,0
1503628808,s3-eth2,149406.00,6124130.00,6273536.00,6124130,149406,2019.00,4045.00,6064.00,4045,2019,0.00,0.00,0,0
1503628808,s3-eth1,6124130.00,149554.00,6273684.00,149554,6124130,4045.00,2021.00,6066.00,2021,4045,0.00,0.00,0,0
1503628808,total,18819538.00,18821348.00,37640888.00,18821348,18819538,18197.00,18202.00,36399.00,18202,18197,0.00,0.00,0,0
1503628809,s5,0.00,0.00,0.00,0,0,0.00,0.00,0.00,0,0,0.00,0.00,0,0
1503628809,s1,0.00,342.00,342.00,342,0,0.00,1.00,1.00,1,0,0.00,0.00,0,0
1503628809,eth0,0.00,0.00,0.00,0,0,0.00,0.00,0.00,0,0,0.00,0.00,0,0
1503628809,eth1,0.00,0.00,0.00,0,0,0.00,0.00,0.00,0,0,0.00,0.00,0,0
1503628809,s2,0.00,0.00,0.00,0,0,0.00,0.00,0.00,0,0,0.00,0.00,0,0
1503628809,s1-eth2,149480.00,6115388.00,6264868.00,6115388,149480,2020.00,4040.00,6060.00,4040,2020,0.00,0.00,0,0
1503628809,s1-eth1,6116902.00,149480.00,6266382.00,149480,6116902,4041.00,2020.00,6061.00,2020,4041,0.00,0.00,0,0
1503628809,s3,0.00,0.00,0.00,0,0,0.00,0.00,0.00,0,0,0.00,0.00,0,0
1503628809,s2-eth2,149480.00,6116560.00,6266040.00,6116560,149480,2020.00,4040.00,6060.00,4040,2020,0.00,0.00,0,0
1503628809,s2-eth1,6115388.00,149480.00,6264868.00,149480,6115388,4040.00,2020.00,6060.00,2020,4040,0.00,0.00,0,0
1503628809,lo,670.00,670.00,1340.00,670,670,9.00,9.00,18.00,9,9,0.00,0.00,0,0
1503628809,s4,0.00,0.00,0.00,0,0,0.00,0.00,0.00,0,0,0.00,0.00,0,0
1503628809,s3-eth2,149480.00,6115046.00,6264526.00,6115046,149480,2020.00,4039.00,6059.00,4039,2020,0.00,0.00,0,0
1503628809,s3-eth1,6116560.00,149480.00,6266040.00,149480,6116560,4040.00,2020.00,6060.00,2020,4040,0.00,0.00,0,0
1503628809,total,18797960.00,18796446.00,37594408.00,18796446,18797960,18190.00,18189.00,36379.00,18189,18190,0.00,0.00,0,0
1503628810,s5,0.00,0.00,0.00,0,0,0.00,0.00,0.00,0,0,0.00,0.00,0,0
1503628810,s1,0.00,107.00,107.00,107,0,0.00,1.00,1.00,1,0,0.00,0.00,0,0
1503628810,eth0,0.00,0.00,0.00,0,0,0.00,0.00,0.00,0,0,0.00,0.00,0,0
1503628810,eth1,0.00,0.00,0.00,0,0,0.00,0.00,0.00,0,0,0.00,0.00,0,0
1503628810,s2,0.00,107.00,107.00,107,0,0.00,1.00,1.00,1,0,0.00,0.00,0,0
1503628810,s1-eth2,147959.00,6053079.00,6201038.00,6053079,147959,1999.00,3999.00,5998.00,3999,1999,0.00,0.00,0,0
1503628810,s1-eth1,6051672.00,147852.00,6199524.00,147852,6051672,3999.00,1998.00,5997.00,1998,3999,0.00,0.00,0,0
1503628810,s3,0.00,107.00,107.00,107,0,0.00,1.00,1.00,1,0,0.00,0.00,0,0
1503628810,s2-eth2,147959.00,6052972.00,6200931.00,6052972,147959,1999.00,3998.00,5997.00,3998,1999,0.00,0.00,0,0
1503628810,s2-eth1,6053079.00,147959.00,6201038.00,147959,6053079,3999.00,1999.00,5998.00,1999,3999,0.00,0.00,0,0
1503628810,lo,1259.00,1259.00,2518.00,1259,1259,15.00,15.00,30.00,15,15,0.00,0.00,0,0
1503628810,s4,0.00,0.00,0.00,0,0,0.00,0.00,0.00,0,0,0.00,0.00,0,0
1503628810,s3-eth2,148033.00,6052972.00,6201005.00,6052972,148033,2000.00,3998.00,5998.00,3998,2000,0.00,0.00,0,0
1503628810,s3-eth1,6052972.00,147959.00,6200931.00,147959,6052972,3998.00,1999.00,5997.00,1999,3998,0.00,0.00,0,0
1503628810,total,18602932.00,18604372.00,37207304.00,18604373,18602933,18009.00,18009.00,36018.00,18009,18009,0.00,0.00,0,0
1503628811,s5,0.00,0.00,0.00,0,0,0.00,0.00,0.00,0,0,0.00,0.00,0,0
1503628811,s1,0.00,107.00,107.00,107,0,0.00,1.00,1.00,1,0,0.00,0.00,0,0
1503628811,eth0,0.00,0.00,0.00,0,0,0.00,0.00,0.00,0,0,0.00,0.00,0,0
1503628811,eth1,0.00,0.00,0.00,0,0,0.00,0.00,0.00,0,0,0.00,0.00,0,0
1503628811,s2,0.00,107.00,107.00,107,0,0.00,1.00,1.00,1,0,0.00,0.00,0,0
1503628811,s1-eth2,145558.00,5956183.00,6101741.00,5956183,145558,1967.00,3935.00,5902.00,3935,1967,0.00,0.00,0,0
1503628811,s1-eth1,5956183.00,145558.00,6101741.00,145558,5956183,3935.00,1967.00,5902.00,1967,3935,0.00,0.00,0,0
1503628811,s3,0.00,107.00,107.00,107,0,0.00,1.00,1.00,1,0,0.00,0.00,0,0
1503628811,s2-eth2,145665.00,5959211.00,6104876.00,5959211,145665,1968.00,3937.00,5905.00,3937,1968,0.00,0.00,0,0
1503628811,s2-eth1,5956183.00,145558.00,6101741.00,145558,5956183,3935.00,1967.00,5902.00,1967,3935,0.00,0.00,0,0
1503628811,lo,915.00,915.00,1830.00,915,915,9.00,9.00,18.00,9,9,0.00,0.00,0,0
1503628811,s4,0.00,0.00,0.00,0,0,0.00,0.00,0.00,0,0,0.00,0.00,0,0
1503628811,s3-eth2,145772.00,5969702.00,6115474.00,5969702,145772,1969.00,3943.00,5912.00,3943,1969,0.00,0.00,0,0
1503628811,s3-eth1,5959211.00,145665.00,6104876.00,145665,5959211,3937.00,1968.00,5905.00,1968,3937,0.00,0.00,0,0
1503628811,total,18309488.00,18323112.00,36632600.00,18323113,18309487,17720.00,17729.00,35449.00,17729,17720,0.00,0.00,0,0
1503628812,s5,0.00,0.00,0.00,0,0,0.00,0.00,0.00,0,0,0.00,0.00,0,0
1503628812,s1,0.00,0.00,0.00,0,0,0.00,0.00,0.00,0,0,0.00,0.00,0,0
1503628812,eth0,0.00,0.00,0.00,0,0,0.00,0.00,0.00,0,0,0.00,0.00,0,0
1503628812,eth1,0.00,118.00,118.00,118,0,0.00,1.00,1.00,1,0,0.00,0.00,0,0
1503628812,s2,0.00,0.00,0.00,0,0,0.00,0.00,0.00,0,0,0.00,0.00,0,0
1503628812,s1-eth2,150368.00,6142298.00,6292666.00,6142298,150368,2032.00,4057.00,6089.00,4057,2032,0.00,0.00,0,0
1503628812,s1-eth1,6143812.00,150220.00,6294032.00,150220,6143812,4058.00,2030.00,6088.00,2030,4058,0.00,0.00,0,0
1503628812,s3,0.00,0.00,0.00,0,0,0.00,0.00,0.00,0,0,0.00,0.00,0,0
1503628812,s2-eth2,150368.00,6143812.00,6294180.00,6143812,150368,2032.00,4058.00,6090.00,4058,2032,0.00,0.00,0,0
1503628812,s2-eth1,6142298.00,150368.00,6292666.00,150368,6142298,4057.00,2032.00,6089.00,2032,4057,0.00,0.00,0,0
1503628812,lo,0.00,0.00,0.00,0,0,0.00,0.00,0.00,0,0,0.00,0.00,0,0
1503628812,s4,0.00,0.00,0.00,0,0,0.00,0.00,0.00,0,0,0.00,0.00,0,0
1503628812,s3-eth2,150294.00,6143812.00,6294106.00,6143812,150294,2031.00,4058.00,6089.00,4058,2031,0.00,0.00,0,0
1503628812,s3-eth1,6143812.00,150368.00,6294180.00,150368,6143812,4058.00,2032.00,6090.00,2032,4058,0.00,0.00,0,0
1503628812,total,18880952.00,18880996.00,37761948.00,18880996,18880952,18268.00,18268.00,36536.00,18268,18268,0.00,0.00,0,0
1503628813,s5,0.00,0.00,0.00,0,0,0.00,0.00,0.00,0,0,0.00,0.00,0,0
1503628813,s1,0.00,0.00,0.00,0,0,0.00,0.00,0.00,0,0,0.00,0.00,0,0
1503628813,eth0,0.00,0.00,0.00,0,0,0.00,0.00,0.00,0,0,0.00,0.00,0,0
1503628813,eth1,0.00,0.00,0.00,0,0,0.00,0.00,0.00,0,0,0.00,0.00,0,0
1503628813,s2,0.00,342.00,342.00,342,0,0.00,1.00,1.00,1,0,0.00,0.00,0,0
1503628813,s1-eth2,150710.00,6161980.00,6312690.00,6161980,150710,2033.00,4070.00,6103.00,4070,2033,0.00,0.00,0,0
1503628813,s1-eth1,6160466.00,150516.00,6310982.00,150516,6160466,4069.00,2034.00,6103.00,2034,4069,0.00,0.00,0,0
1503628813,s3,0.00,342.00,342.00,342,0,0.00,1.00,1.00,1,0,0.00,0.00,0,0
1503628813,s2-eth2,150710.00,6161980.00,6312690.00,6161980,150710,2033.00,4070.00,6103.00,4070,2033,0.00,0.00,0,0
1503628813,s2-eth1,6161980.00,150710.00,6312690.00,150710,6161980,4070.00,2033.00,6103.00,2033,4070,0.00,0.00,0,0
1503628813,lo,652.00,652.00,1304.00,652,652,6.00,6.00,12.00,6,6,0.00,0.00,0,0
1503628813,s4,0.00,0.00,0.00,0,0,0.00,0.00,0.00,0,0,0.00,0.00,0,0
1503628813,s3-eth2,150858.00,6163494.00,6314352.00,6163494,150858,2035.00,4071.00,6106.00,4071,2035,0.00,0.00,0,0
1503628813,s3-eth1,6161980.00,150710.00,6312690.00,150710,6161980,4070.00,2033.00,6103.00,2033,4070,0.00,0.00,0,0
1503628813,total,18937356.00,18940726.00,37878080.00,18940726,18937356,18316.00,18319.00,36635.00,18319,18316,0.00,0.00,0,0
1503628814,s5,0.00,0.00,0.00,0,0,0.00,0.00,0.00,0,0,0.00,0.00,0,0
1503628814,s1,0.00,0.00,0.00,0,0,0.00,0.00,0.00,0,0,0.00,0.00,0,0
1503628814,eth0,0.00,0.00,0.00,0,0,0.00,0.00,0.00,0,0,0.00,0.00,0,0
1503628814,eth1,0.00,0.00,0.00,0,0,0.00,0.00,0.00,0,0,0.00,0.00,0,0
1503628814,s2,0.00,0.00,0.00,0,0,0.00,0.00,0.00,0,0,0.00,0.00,0,0
1503628814,s1-eth2,149554.00,6125644.00,6275198.00,6125644,149554,2021.00,4046.00,6067.00,4046,2021,0.00,0.00,0,0
1503628814,s1-eth1,6122616.00,149554.00,6272170.00,149554,6122616,4044.00,2021.00,6065.00,2021,4044,0.00,0.00,0,0
1503628814,s3,0.00,0.00,0.00,0,0,0.00,0.00,0.00,0,0,0.00,0.00,0,0
1503628814,s2-eth2,149628.00,6124130.00,6273758.00,6124130,149628,2022.00,4045.00,6067.00,4045,2022,0.00,0.00,0,0
1503628814,s2-eth1,6125644.00,149554.00,6275198.00,149554,6125644,4046.00,2021.00,6067.00,2021,4046,0.00,0.00,0,0
1503628814,lo,0.00,0.00,0.00,0,0,0.00,0.00,0.00,0,0,0.00,0.00,0,0
1503628814,s4,0.00,0.00,0.00,0,0,0.00,0.00,0.00,0,0,0.00,0.00,0,0
1503628814,s3-eth2,149822.00,6122616.00,6272438.00,6122616,149822,2021.00,4044.00,6065.00,4044,2021,0.00,0.00,0,0
1503628814,s3-eth1,6124130.00,149628.00,6273758.00,149628,6124130,4045.00,2022.00,6067.00,2022,4045,0.00,0.00,0,0
1503628814,total,18821394.00,18821126.00,37642520.00,18821126,18821394,18199.00,18199.00,36398.00,18199,18199,0.00,0.00,0,0
1503628815,s5,0.00,0.00,0.00,0,0,0.00,0.00,0.00,0,0,0.00,0.00,0,0
1503628815,s1,0.00,340.98,340.98,342,0,0.00,1.00,1.00,1,0,0.00,0.00,0,0
1503628815,eth0,0.00,0.00,0.00,0,0,0.00,0.00,0.00,0,0,0.00,0.00,0,0
1503628815,eth1,0.00,0.00,0.00,0,0,0.00,0.00,0.00,0,0,0.00,0.00,0,0
1503628815,s2,0.00,340.98,340.98,342,0,0.00,1.00,1.00,1,0,0.00,0.00,0,0
1503628815,s1-eth2,139081.67,5650697.50,5789779.00,5673300,139638,1879.48,3733.07,5612.55,3748,1887,0.00,0.00,0,0
1503628815,s1-eth1,5638633.50,137976.09,5776609.50,138528,5661188,3725.10,1864.54,5589.64,1872,3740,0.00,0.00,0,0
1503628815,s3,0.00,0.00,0.00,0,0,0.00,0.00,0.00,0,0,0.00,0.00,0,0
1503628815,s2-eth2,139818.73,5637125.50,5776944.50,5659674,140378,1889.44,3724.10,5613.55,3739,1897,0.00,0.00,0,0
1503628815,s2-eth1,5650697.50,139081.67,5789779.00,139638,5673300,3733.07,1879.48,5612.55,1887,3748,0.00,0.00,0,0
1503628815,lo,992.03,992.03,1984.06,996,996,11.95,11.95,23.90,12,12,0.00,0.00,0,0
1503628815,s4,0.00,0.00,0.00,0,0,0.00,0.00,0.00,0,0,0.00,0.00,0,0
1503628815,s3-eth2,139892.44,5650356.50,5790249.00,5672958,140452,1890.44,3732.07,5622.51,3747,1898,0.00,0.00,0,0
1503628815,s3-eth1,5637125.50,139818.73,5776944.50,140378,5659674,3724.10,1889.44,5613.55,1897,3739,0.00,0.00,0,0
1503628815,total,17346242.00,17356730.00,34702972.00,17426156,17415626,16853.59,16836.65,33690.24,16904,16921,0.00,0.00,0,0
1503628816,s5,0.00,0.00,0.00,0,0,0.00,0.00,0.00,0,0,0.00,0.00,0,0
1503628816,s1,0.00,0.00,0.00,0,0,0.00,0.00,0.00,0,0,0.00,0.00,0,0
1503628816,eth0,0.00,0.00,0.00,0,0,0.00,0.00,0.00,0,0,0.00,0.00,0,0
1503628816,eth1,0.00,0.00,0.00,0,0,0.00,0.00,0.00,0,0,0.00,0.00,0,0
1503628816,s2,0.00,0.00,0.00,0,0,0.00,0.00,0.00,0,0,0.00,0.00,0,0
1503628816,s1-eth2,124246.00,5127918.00,5252164.00,5127918,124246,1679.00,3387.00,5066.00,3387,1679,0.00,0.00,0,0
1503628816,s1-eth1,5132460.00,125282.00,5257742.00,125282,5132460,3390.00,1693.00,5083.00,1693,3390,0.00,0.00,0,0
1503628816,s3,0.00,342.00,342.00,342,0,0.00,1.00,1.00,1,0,0.00,0.00,0,0
1503628816,s2-eth2,123774.00,5138516.00,5262290.00,5138516,123774,1669.00,3394.00,5063.00,3394,1669,0.00,0.00,0,0
1503628816,s2-eth1,5127918.00,124246.00,5252164.00,124246,5127918,3387.00,1679.00,5066.00,1679,3387,0.00,0.00,0,0
1503628816,lo,326.00,326.00,652.00,326,326,3.00,3.00,6.00,3,3,0.00,0.00,0,0
1503628816,s4,0.00,0.00,0.00,0,0,0.00,0.00,0.00,0,0,0.00,0.00,0,0
1503628816,s3-eth2,123700.00,5197562.00,5321262.00,5197562,123700,1668.00,3433.00,5101.00,3433,1668,0.00,0.00,0,0
1503628816,s3-eth1,5138516.00,123774.00,5262290.00,123774,5138516,3394.00,1669.00,5063.00,1669,3394,0.00,0.00,0,0
1503628816,total,15770940.00,15837966.00,31608906.00,15837966,15770940,15190.00,15259.00,30449.00,15259,15190,0.00,0.00,0,0
1503628817,s5,0.00,0.00,0.00,0,0,0.00,0.00,0.00,0,0,0.00,0.00,0,0
1503628817,s1,0.00,0.00,0.00,0,0,0.00,0.00,0.00,0,0,0.00,0.00,0,0
1503628817,eth0,0.00,0.00,0.00,0,0,0.00,0.00,0.00,0,0,0.00,0.00,0,0
1503628817,eth1,0.00,0.00,0.00,0,0,0.00,0.00,0.00,0,0,0.00,0.00,0,0
1503628817,s2,0.00,0.00,0.00,0,0,0.00,0.00,0.00,0,0,0.00,0.00,0,0
1503628817,s1-eth2,139194.00,5671444.00,5810638.00,5671444,139194,1881.00,3746.00,5627.00,3746,1881,0.00,0.00,0,0
1503628817,s1-eth1,5682042.00,139194.00,5821236.00,139194,5682042,3753.00,1881.00,5634.00,1881,3753,0.00,0.00,0,0
1503628817,s3,0.00,0.00,0.00,0,0,0.00,0.00,0.00,0,0,0.00,0.00,0,0
1503628817,s2-eth2,139342.00,5685070.00,5824412.00,5685070,139342,1883.00,3755.00,5638.00,3755,1883,0.00,0.00,0,0
1503628817,s2-eth1,5671444.00,139194.00,5810638.00,139194,5671444,3746.00,1881.00,5627.00,1881,3746,0.00,0.00,0,0
1503628817,lo,0.00,0.00,0.00,0,0,0.00,0.00,0.00,0,0,0.00,0.00,0,0
1503628817,s4,0.00,0.00,0.00,0,0,0.00,0.00,0.00,0,0,0.00,0.00,0,0
1503628817,s3-eth2,139416.00,5677500.00,5816916.00,5677500,139416,1884.00,3750.00,5634.00,3750,1884,0.00,0.00,0,0
1503628817,s3-eth1,5685070.00,139342.00,5824412.00,139342,5685070,3755.00,1883.00,5638.00,1883,3755,0.00,0.00,0,0
1503628817,total,17456508.00,17451744.00,34908252.00,17451744,17456508,16902.00,16896.00,33798.00,16896,16902,0.00,0.00,0,0
1503628818,s5,0.00,0.00,0.00,0,0,0.00,0.00,0.00,0,0,0.00,0.00,0,0
1503628818,s1,0.00,0.00,0.00,0,0,0.00,0.00,0.00,0,0,0.00,0.00,0,0
1503628818,eth0,0.00,0.00,0.00,0,0,0.00,0.00,0.00,0,0,0.00,0.00,0,0
1503628818,eth1,0.00,0.00,0.00,0,0,0.00,0.00,0.00,0,0,0.00,0.00,0,0
1503628818,s2,0.00,0.00,0.00,0,0,0.00,0.00,0.00,0,0,0.00,0.00,0,0
1503628818,s1-eth2,128896.35,5221992.50,5350888.50,5441316,134310,1741.84,3449.14,5190.98,3594,1815,0.00,0.00,0,0
1503628818,s1-eth1,5219086.50,128470.25,5347556.50,133866,5438288,3447.22,1736.08,5183.30,1809,3592,0.00,0.00,0,0
1503628818,s3,0.00,0.00,0.00,0,0,0.00,0.00,0.00,0,0,0.00,0.00,0,0
1503628818,s2-eth2,128967.37,5229257.00,5358224.50,5448886,134384,1742.80,3453.93,5196.74,3599,1816,0.00,0.00,0,0
1503628818,s2-eth1,5221992.50,128896.35,5350888.50,134310,5441316,3449.14,1741.84,5190.98,1815,3594,0.00,0.00,0,0
1503628818,lo,0.00,0.00,0.00,0,0,0.00,0.00,0.00,0,0,0.00,0.00,0,0
1503628818,s4,0.00,0.00,0.00,0,0,0.00,0.00,0.00,0,0,0.00,0.00,0,0
1503628818,s3-eth2,129109.41,5176950.00,5306059.50,5394382,134532,1744.72,3419.39,5164.11,3563,1818,0.00,0.00,0,0
1503628818,s3-eth1,5229257.00,128967.37,5358224.50,134384,5448886,3453.93,1742.80,5196.74,1816,3599,0.00,0.00,0,0
1503628818,total,16057309.00,16014534.00,32071842.00,16687144,16731716,15579.65,15543.19,31122.84,16196,16234,0.00,0.00,0,0
1503628819,s5,0.00,0.00,0.00,0,0,0.00,0.00,0.00,0,0,0.00,0.00,0,0
1503628819,s1,0.00,0.00,0.00,0,0,0.00,0.00,0.00,0,0,0.00,0.00,0,0
1503628819,eth0,0.00,0.00,0.00,0,0,0.00,0.00,0.00,0,0,0.00,0.00,0,0
1503628819,eth1,0.00,0.00,0.00,0,0,0.00,0.00,0.00,0,0,0.00,0.00,0,0
1503628819,s2,0.00,0.00,0.00,0,0,0.00,0.00,0.00,0,0,0.00,0.00,0,0
1503628819,s1-eth2,130166.00,5406494.00,5536660.00,5406494,130166,1759.00,3571.00,5330.00,3571,1759,0.00,0.00,0,0
1503628819,s1-eth1,5398924.00,130684.00,5529608.00,130684,5398924,3566.00,1766.00,5332.00,1766,3566,0.00,0.00,0,0
1503628819,s3,0.00,0.00,0.00,0,0,0.00,0.00,0.00,0,0,0.00,0.00,0,0
1503628819,s2-eth2,130018.00,5401952.00,5531970.00,5401952,130018,1757.00,3568.00,5325.00,3568,1757,0.00,0.00,0,0
1503628819,s2-eth1,5406494.00,130166.00,5536660.00,130166,5406494,3571.00,1759.00,5330.00,1759,3571,0.00,0.00,0,0
1503628819,lo,344.00,344.00,688.00,344,344,6.00,6.00,12.00,6,6,0.00,0.00,0,0
1503628819,s4,0.00,0.00,0.00,0,0,0.00,0.00,0.00,0,0,0.00,0.00,0,0
1503628819,s3-eth2,129870.00,5370158.00,5500028.00,5370158,129870,1755.00,3547.00,5302.00,3547,1755,0.00,0.00,0,0
1503628819,s3-eth1,5401952.00,130018.00,5531970.00,130018,5401952,3568.00,1757.00,5325.00,1757,3568,0.00,0.00,0,0
1503628819,total,16597768.00,16569816.00,33167584.00,16569816,16597768,15982.00,15974.00,31956.00,15974,15982,0.00,0.00,0,0
1503628820,s5,0.00,0.00,0.00,0,0,0.00,0.00,0.00,0,0,0.00,0.00,0,0
1503628820,s1,0.00,0.00,0.00,0,0,0.00,0.00,0.00,0,0,0.00,0.00,0,0
1503628820,eth0,0.00,0.00,0.00,0,0,0.00,0.00,0.00,0,0,0.00,0.00,0,0
1503628820,eth1,0.00,86.00,86.00,86,0,0.00,1.00,1.00,1,0,0.00,0.00,0,0
1503628820,s2,0.00,0.00,0.00,0,0,0.00,0.00,0.00,0,0,0.00,0.00,0,0
1503628820,s1-eth2,136086.00,5565464.00,5701550.00,5565464,136086,1839.00,3676.00,5515.00,3676,1839,0.00,0.00,0,0
1503628820,s1-eth1,5548810.00,135716.00,5684526.00,135716,5548810,3665.00,1834.00,5499.00,1834,3665,0.00,0.00,0,0
1503628820,s3,0.00,0.00,0.00,0,0,0.00,0.00,0.00,0,0,0.00,0.00,0,0
1503628820,s2-eth2,136012.00,5570006.00,5706018.00,5570006,136012,1838.00,3679.00,5517.00,3679,1838,0.00,0.00,0,0
1503628820,s2-eth1,5565464.00,136086.00,5701550.00,136086,5565464,3676.00,1839.00,5515.00,1839,3676,0.00,0.00,0,0
1503628820,lo,344.00,344.00,688.00,344,344,6.00,6.00,12.00,6,6,0.00,0.00,0,0
1503628820,s4,0.00,0.00,0.00,0,0,0.00,0.00,0.00,0,0,0.00,0.00,0,0
1503628820,s3-eth2,136160.00,5580604.00,5716764.00,5580604,136160,1840.00,3686.00,5526.00,3686,1840,0.00,0.00,0,0
1503628820,s3-eth1,5570006.00,136012.00,5706018.00,136012,5570006,3679.00,1838.00,5517.00,1838,3679,0.00,0.00,0,0
1503628820,total,17092882.00,17124318.00,34217200.00,17124318,17092882,16543.00,16559.00,33102.00,16559,16543,0.00,0.00,0,0
1503628821,s5,0.00,0.00,0.00,0,0,0.00,0.00,0.00,0,0,0.00,0.00,0,0
1503628821,s1,0.00,341.66,341.66,342,0,0.00,1.00,1.00,1,0,0.00,0.00,0,0
1503628821,eth0,0.00,0.00,0.00,0,0,0.00,0.00,0.00,0,0,0.00,0.00,0,0
1503628821,eth1,0.00,0.00,0.00,0,0,0.00,0.00,0.00,0,0,0.00,0.00,0,0
1503628821,s2,0.00,0.00,0.00,0,0,0.00,0.00,0.00,0,0,0.00,0.00,0,0
1503628821,s1-eth2,142677.33,5850643.50,5993321.00,5856494,142820,1928.07,3865.13,5793.21,3869,1930,0.00,0.00,0,0
1503628821,s1-eth1,5843422.50,143046.95,5986469.50,143190,5849266,3861.14,1933.07,5794.21,1935,3865,0.00,0.00,0,0
1503628821,s3,0.00,0.00,0.00,0,0,0.00,0.00,0.00,0,0,0.00,0.00,0,0
1503628821,s2-eth2,142973.03,5842739.50,5985712.50,5848582,143116,1932.07,3859.14,5791.21,3863,1934,0.00,0.00,0,0
1503628821,s2-eth1,5850643.50,142677.33,5993321.00,142820,5856494,3865.13,1928.07,5793.21,1930,3869,0.00,0.00,0,0
1503628821,lo,497.50,497.50,995.01,498,498,5.99,5.99,11.99,6,6,0.00,0.00,0,0
1503628821,s4,0.00,0.00,0.00,0,0,0.00,0.00,0.00,0,0,0.00,0.00,0,0
1503628821,s3-eth2,142899.11,5856352.00,5999251.00,5862208,143042,1931.07,3868.13,5799.20,3872,1933,0.00,0.00,0,0
1503628821,s3-eth1,5842739.50,142973.03,5985712.50,143116,5848582,3859.14,1932.07,5791.21,1934,3863,0.00,0.00,0,0
1503628821,total,17965852.00,17979272.00,35945124.00,17997250,17983818,17382.62,17392.61,34775.23,17410,17400,0.00,0.00,0,0
1503628822,s5,0.00,0.00,0.00,0,0,0.00,0.00,0.00,0,0,0.00,0.00,0,0
1503628822,s1,0.00,0.00,0.00,0,0,0.00,0.00,0.00,0,0,0.00,0.00,0,0
1503628822,eth0,0.00,0.00,0.00,0,0,0.00,0.00,0.00,0,0,0.00,0.00,0,0
1503628822,eth1,0.00,0.00,0.00,0,0,0.00,0.00,0.00,0,0,0.00,0.00,0,0
1503628822,s2,0.00,0.00,0.00,0,0,0.00,0.00,0.00,0,0,0.00,0.00,0,0
1503628822,s1-eth2,146594.00,6012094.00,6158688.00,6012094,146594,1981.00,3971.00,5952.00,3971,1981,0.00,0.00,0,0
1503628822,s1-eth1,6012094.00,146520.00,6158614.00,146520,6012094,3971.00,1980.00,5951.00,1980,3971,0.00,0.00,0,0
1503628822,s3,0.00,0.00,0.00,0,0,0.00,0.00,0.00,0,0,0.00,0.00,0,0
1503628822,s2-eth2,146520.00,6013608.00,6160128.00,6013608,146520,1980.00,3972.00,5952.00,3972,1980,0.00,0.00,0,0
1503628822,s2-eth1,6012094.00,146594.00,6158688.00,146594,6012094,3971.00,1981.00,5952.00,1981,3971,0.00,0.00,0,0
1503628822,lo,0.00,0.00,0.00,0,0,0.00,0.00,0.00,0,0,0.00,0.00,0,0
1503628822,s4,0.00,0.00,0.00,0,0,0.00,0.00,0.00,0,0,0.00,0.00,0,0
1503628822,s3-eth2,146446.00,6018150.00,6164596.00,6018150,146446,1979.00,3975.00,5954.00,3975,1979,0.00,0.00,0,0
1503628822,s3-eth1,6013608.00,146520.00,6160128.00,146520,6013608,3972.00,1980.00,5952.00,1980,3972,0.00,0.00,0,0
1503628822,total,18477356.00,18483486.00,36960840.00,18483486,18477356,17854.00,17859.00,35713.00,17859,17854,0.00,0.00,0,0
1503628823,s5,0.00,0.00,0.00,0,0,0.00,0.00,0.00,0,0,0.00,0.00,0,0
1503628823,s1,0.00,0.00,0.00,0,0,0.00,0.00,0.00,0,0,0.00,0.00,0,0
1503628823,eth0,0.00,0.00,0.00,0,0,0.00,0.00,0.00,0,0,0.00,0.00,0,0
1503628823,eth1,0.00,0.00,0.00,0,0,0.00,0.00,0.00,0,0,0.00,0.00,0,0
1503628823,s2,0.00,342.00,342.00,342,0,0.00,1.00,1.00,1,0,0.00,0.00,0,0
1503628823,s1-eth2,145234.00,5910656.00,6055890.00,5910656,145234,1959.00,3904.00,5863.00,3904,1959,0.00,0.00,0,0
1503628823,s1-eth1,5916712.00,144744.00,6061456.00,144744,5916712,3908.00,1956.00,5864.00,1956,3908,0.00,0.00,0,0
1503628823,s3,0.00,342.00,342.00,342,0,0.00,1.00,1.00,1,0,0.00,0.00,0,0
1503628823,s2-eth2,145234.00,5918226.00,6063460.00,5918226,145234,1959.00,3909.00,5868.00,3909,1959,0.00,0.00,0,0
1503628823,s2-eth1,5910656.00,145234.00,6055890.00,145234,5910656,3904.00,1959.00,5863.00,1959,3904,0.00,0.00,0,0
1503628823,lo,652.00,652.00,1304.00,652,652,6.00,6.00,12.00,6,6,0.00,0.00,0,0
1503628823,s4,0.00,0.00,0.00,0,0,0.00,0.00,0.00,0,0,0.00,0.00,0,0
1503628823,s3-eth2,145234.00,5910656.00,6055890.00,5910656,145234,1959.00,3904.00,5863.00,3904,1959,0.00,0.00,0,0
1503628823,s3-eth1,5918226.00,145234.00,6063460.00,145234,5918226,3909.00,1959.00,5868.00,1959,3909,0.00,0.00,0,0
1503628823,total,18181948.00,18176086.00,36358032.00,18176086,18181948,17604.00,17599.00,35203.00,17599,17604,0.00,0.00,0,0
1503628824,s5,0.00,0.00,0.00,0,0,0.00,0.00,0.00,0,0,0.00,0.00,0,0
1503628824,s1,0.00,0.00,0.00,0,0,0.00,0.00,0.00,0,0,0.00,0.00,0,0
1503628824,eth0,0.00,0.00,0.00,0,0,0.00,0.00,0.00,0,0,0.00,0.00,0,0
1503628824,eth1,0.00,0.00,0.00,0,0,0.00,0.00,0.00,0,0,0.00,0.00,0,0
1503628824,s2,0.00,0.00,0.00,0,0,0.00,0.00,0.00,0,0,0.00,0.00,0,0
1503628824,s1-eth2,133200.00,5445858.00,5579058.00,5445858,133200,1800.00,3597.00,5397.00,3597,1800,0.00,0.00,0,0
1503628824,s1-eth1,5439802.00,132904.00,5572706.00,132904,5439802,3593.00,1796.00,5389.00,1796,3593,0.00,0.00,0,0
1503628824,s3,0.00,0.00,0.00,0,0,0.00,0.00,0.00,0,0,0.00,0.00,0,0
1503628824,s2-eth2,132978.00,5450400.00,5583378.00,5450400,132978,1797.00,3600.00,5397.00,3600,1797,0.00,0.00,0,0
1503628824,s2-eth1,5445858.00,133200.00,5579058.00,133200,5445858,3597.00,1800.00,5397.00,1800,3597,0.00,0.00,0,0
1503628824,lo,0.00,0.00,0.00,0,0,0.00,0.00,0.00,0,0,0.00,0.00,0,0
1503628824,s4,0.00,0.00,0.00,0,0,0.00,0.00,0.00,0,0,0.00,0.00,0,0
1503628824,s3-eth2,133200.00,5465540.00,5598740.00,5465540,133200,1800.00,3610.00,5410.00,3610,1800,0.00,0.00,0,0
1503628824,s3-eth1,5450400.00,132978.00,5583378.00,132978,5450400,3600.00,1797.00,5397.00,1797,3600,0.00,0.00,0,0
1503628824,total,16735438.00,16760880.00,33496318.00,16760880,16735438,16187.00,16200.00,32387.00,16200,16187,0.00,0.00,0,0
1503628825,s5,0.00,0.00,0.00,0,0,0.00,0.00,0.00,0,0,0.00,0.00,0,0
1503628825,s1,0.00,0.00,0.00,0,0,0.00,0.00,0.00,0,0,0.00,0.00,0,0
1503628825,eth0,0.00,0.00,0.00,0,0,0.00,0.00,0.00,0,0,0.00,0.00,0,0
1503628825,eth1,0.00,0.00,0.00,0,0,0.00,0.00,0.00,0,0,0.00,0.00,0,0
1503628825,s2,0.00,0.00,0.00,0,0,0.00,0.00,0.00,0,0,0.00,0.00,0,0
1503628825,s1-eth2,146594.00,6018150.00,6164744.00,6018150,146594,1981.00,3975.00,5956.00,3975,1981,0.00,0.00,0,0
1503628825,s1-eth1,6018150.00,146964.00,6165114.00,146964,6018150,3975.00,1986.00,5961.00,1986,3975,0.00,0.00,0,0
1503628825,s3,0.00,0.00,0.00,0,0,0.00,0.00,0.00,0,0,0.00,0.00,0,0
1503628825,s2-eth2,146594.00,6021178.00,6167772.00,6021178,146594,1981.00,3977.00,5958.00,3977,1981,0.00,0.00,0,0
1503628825,s2-eth1,6018150.00,146594.00,6164744.00,146594,6018150,3975.00,1981.00,5956.00,1981,3975,0.00,0.00,0,0
1503628825,lo,516.00,516.00,1032.00,516,516,9.00,9.00,18.00,9,9,0.00,0.00,0,0
1503628825,s4,0.00,0.00,0.00,0,0,0.00,0.00,0.00,0,0,0.00,0.00,0,0
1503628825,s3-eth2,146446.00,6019664.00,6166110.00,6019664,146446,1979.00,3976.00,5955.00,3976,1979,0.00,0.00,0,0
1503628825,s3-eth1,6021178.00,146594.00,6167772.00,146594,6021178,3977.00,1981.00,5958.00,1981,3977,0.00,0.00,0,0
1503628825,total,18497628.00,18499660.00,36997288.00,18499660,18497628,17877.00,17885.00,35762.00,17885,17877,0.00,0.00,0,0
1503628826,s5,0.00,0.00,0.00,0,0,0.00,0.00,0.00,0,0,0.00,0.00,0,0
1503628826,s1,0.00,107.00,107.00,107,0,0.00,1.00,1.00,1,0,0.00,0.00,0,0
1503628826,eth0,0.00,0.00,0.00,0,0,0.00,0.00,0.00,0,0,0.00,0.00,0,0
1503628826,eth1,0.00,0.00,0.00,0,0,0.00,0.00,0.00,0,0,0.00,0.00,0,0
1503628826,s2,0.00,107.00,107.00,107,0,0.00,1.00,1.00,1,0,0.00,0.00,0,0
1503628826,s1-eth2,151289.00,6187825.00,6339114.00,6187825,151289,2044.00,4088.00,6132.00,4088,2044,0.00,0.00,0,0
1503628826,s1-eth1,6192474.00,151330.00,6343804.00,151330,6192474,4092.00,2045.00,6137.00,2045,4092,0.00,0.00,0,0
1503628826,s3,0.00,107.00,107.00,107,0,0.00,1.00,1.00,1,0,0.00,0.00,0,0
1503628826,s2-eth2,151363.00,6189232.00,6340595.00,6189232,151363,2045.00,4088.00,6133.00,4088,2045,0.00,0.00,0,0
1503628826,s2-eth1,6187825.00,151289.00,6339114.00,151289,6187825,4088.00,2044.00,6132.00,2044,4088,0.00,0.00,0,0
1503628826,lo,915.00,915.00,1830.00,915,915,9.00,9.00,18.00,9,9,0.00,0.00,0,0
1503628826,s4,0.00,0.00,0.00,0,0,0.00,0.00,0.00,0,0,0.00,0.00,0,0
1503628826,s3-eth2,151215.00,6189232.00,6340447.00,6189232,151215,2043.00,4088.00,6131.00,4088,2043,0.00,0.00,0,0
1503628826,s3-eth1,6189232.00,151363.00,6340595.00,151363,6189232,4088.00,2045.00,6133.00,2045,4088,0.00,0.00,0,0
1503628826,total,19024312.00,19021508.00,38045820.00,19021507,19024313,18409.00,18410.00,36819.00,18410,18409,0.00,0.00,0,0
1503628827,s5,0.00,0.00,0.00,0,0,0.00,0.00,0.00,0,0,0.00,0.00,0,0
1503628827,s1,0.00,107.00,107.00,107,0,0.00,1.00,1.00,1,0,0.00,0.00,0,0
1503628827,eth0,0.00,0.00,0.00,0,0,0.00,0.00,0.00,0,0,0.00,0.00,0,0
1503628827,eth1,0.00,60.00,60.00,60,0,0.00,1.00,1.00,1,0,0.00,0.00,0,0
1503628827,s2,0.00,107.00,107.00,107,0,0.00,1.00,1.00,1,0,0.00,0.00,0,0
1503628827,s1-eth2,151034.00,6169657.00,6320691.00,6169657,151034,2041.00,4076.00,6117.00,4076,2041,0.00,0.00,0,0
1503628827,s1-eth1,6172685.00,151034.00,6323719.00,151034,6172685,4078.00,2041.00,6119.00,2041,4078,0.00,0.00,0,0
1503628827,s3,0.00,107.00,107.00,107,0,0.00,1.00,1.00,1,0,0.00,0.00,0,0
1503628827,s2-eth2,151067.00,6174199.00,6325266.00,6174199,151067,2041.00,4079.00,6120.00,4079,2041,0.00,0.00,0,0
1503628827,s2-eth1,6169657.00,151034.00,6320691.00,151034,6169657,4076.00,2041.00,6117.00,2041,4076,0.00,0.00,0,0
1503628827,lo,915.00,915.00,1830.00,915,915,9.00,9.00,18.00,9,9,0.00,0.00,0,0
1503628827,s4,0.00,0.00,0.00,0,0,0.00,0.00,0.00,0,0,0.00,0.00,0,0
1503628827,s3-eth2,151248.00,6171064.00,6322312.00,6171064,151248,2043.00,4076.00,6119.00,4076,2043,0.00,0.00,0,0
1503628827,s3-eth1,6174199.00,151067.00,6325266.00,151067,6174199,4079.00,2041.00,6120.00,2041,4079,0.00,0.00,0,0
1503628827,total,18970804.00,18969352.00,37940156.00,18969351,18970805,18367.00,18367.00,36734.00,18367,18367,0.00,0.00,0,0
1503628828,s5,0.00,0.00,0.00,0,0,0.00,0.00,0.00,0,0,0.00,0.00,0,0
1503628828,s1,0.00,0.00,0.00,0,0,0.00,0.00,0.00,0,0,0.00,0.00,0,0
1503628828,eth0,0.00,0.00,0.00,0,0,0.00,0.00,0.00,0,0,0.00,0.00,0,0
1503628828,eth1,0.00,0.00,0.00,0,0,0.00,0.00,0.00,0,0,0.00,0.00,0,0
1503628828,s2,0.00,0.00,0.00,0,0,0.00,0.00,0.00,0,0,0.00,0.00,0,0
1503628828,s1-eth2,150072.00,6142298.00,6292370.00,6142298,150072,2028.00,4057.00,6085.00,4057,2028,0.00,0.00,0,0
1503628828,s1-eth1,6142298.00,150072.00,6292370.00,150072,6142298,4057.00,2028.00,6085.00,2028,4057,0.00,0.00,0,0
1503628828,s3,0.00,0.00,0.00,0,0,0.00,0.00,0.00,0,0,0.00,0.00,0,0
1503628828,s2-eth2,150146.00,6146840.00,6296986.00,6146840,150146,2029.00,4060.00,6089.00,4060,2029,0.00,0.00,0,0
1503628828,s2-eth1,6142298.00,150072.00,6292370.00,150072,6142298,4057.00,2028.00,6085.00,2028,4057,0.00,0.00,0,0
1503628828,lo,0.00,0.00,0.00,0,0,0.00,0.00,0.00,0,0,0.00,0.00,0,0
1503628828,s4,0.00,0.00,0.00,0,0,0.00,0.00,0.00,0,0,0.00,0.00,0,0
1503628828,s3-eth2,150414.00,6140784.00,6291198.00,6140784,150414,2029.00,4056.00,6085.00,4056,2029,0.00,0.00,0,0
1503628828,s3-eth1,6146840.00,150146.00,6296986.00,150146,6146840,4060.00,2029.00,6089.00,2029,4060,0.00,0.00,0,0
1503628828,total,18882068.00,18880212.00,37762280.00,18880212,18882068,18260.00,18258.00,36518.00,18258,18260,0.00,0.00,0,0
1503628829,s5,0.00,0.00,0.00,0,0,0.00,0.00,0.00,0,0,0.00,0.00,0,0
1503628829,s1,0.00,342.00,342.00,342,0,0.00,1.00,1.00,1,0,0.00,0.00,0,0
1503628829,eth0,0.00,0.00,0.00,0,0,0.00,0.00,0.00,0,0,0.00,0.00,0,0
1503628829,eth1,0.00,0.00,0.00,0,0,0.00,0.00,0.00,0,0,0.00,0.00,0,0
1503628829,s2,0.00,342.00,342.00,342,0,0.00,1.00,1.00,1,0,0.00,0.00,0,0
1503628829,s1-eth2,142302.00,5818644.00,5960946.00,5818644,142302,1923.00,3844.00,5767.00,3844,1923,0.00,0.00,0,0
1503628829,s1-eth1,5824700.00,142302.00,5967002.00,142302,5824700,3848.00,1923.00,5771.00,1923,3848,0.00,0.00,0,0
1503628829,s3,0.00,0.00,0.00,0,0,0.00,0.00,0.00,0,0,0.00,0.00,0,0
1503628829,s2-eth2,142228.00,5829242.00,5971470.00,5829242,142228,1922.00,3851.00,5773.00,3851,1922,0.00,0.00,0,0
1503628829,s2-eth1,5818644.00,142302.00,5960946.00,142302,5818644,3844.00,1923.00,5767.00,1923,3844,0.00,0.00,0,0
1503628829,lo,652.00,652.00,1304.00,652,652,6.00,6.00,12.00,6,6,0.00,0.00,0,0
1503628829,s4,0.00,0.00,0.00,0,0,0.00,0.00,0.00,0,0,0.00,0.00,0,0
1503628829,s3-eth2,142376.00,5836470.00,5978846.00,5836470,142376,1924.00,3855.00,5779.00,3855,1924,0.00,0.00,0,0
1503628829,s3-eth1,5829242.00,142228.00,5971470.00,142228,5829242,3851.00,1922.00,5773.00,1922,3851,0.00,0.00,0,0
1503628829,total,17900144.00,17912524.00,35812668.00,17912524,17900144,17318.00,17326.00,34644.00,17326,17318,0.00,0.00,0,0
1503628830,s5,0.00,0.00,0.00,0,0,0.00,0.00,0.00,0,0,0.00,0.00,0,0
1503628830,s1,0.00,0.00,0.00,0,0,0.00,0.00,0.00,0,0,0.00,0.00,0,0
1503628830,eth0,0.00,0.00,0.00,0,0,0.00,0.00,0.00,0,0,0.00,0.00,0,0
1503628830,eth1,0.00,0.00,0.00,0,0,0.00,0.00,0.00,0,0,0.00,0.00,0,0
1503628830,s2,0.00,0.00,0.00,0,0,0.00,0.00,0.00,0,0,0.00,0.00,0,0
1503628830,s1-eth2,148888.00,6093850.00,6242738.00,6093850,148888,2012.00,4025.00,6037.00,4025,2012,0.00,0.00,0,0
1503628830,s1-eth1,6093850.00,148888.00,6242738.00,148888,6093850,4025.00,2012.00,6037.00,2012,4025,0.00,0.00,0,0
1503628830,s3,0.00,0.00,0.00,0,0,0.00,0.00,0.00,0,0,0.00,0.00,0,0
1503628830,s2-eth2,148888.00,6095364.00,6244252.00,6095364,148888,2012.00,4026.00,6038.00,4026,2012,0.00,0.00,0,0
1503628830,s2-eth1,6093850.00,148888.00,6242738.00,148888,6093850,4025.00,2012.00,6037.00,2012,4025,0.00,0.00,0,0
1503628830,lo,344.00,344.00,688.00,344,344,6.00,6.00,12.00,6,6,0.00,0.00,0,0
1503628830,s4,0.00,0.00,0.00,0,0,0.00,0.00,0.00,0,0,0.00,0.00,0,0
1503628830,s3-eth2,148740.00,6098392.00,6247132.00,6098392,148740,2010.00,4028.00,6038.00,4028,2010,0.00,0.00,0,0
1503628830,s3-eth1,6095364.00,148888.00,6244252.00,148888,6095364,4026.00,2012.00,6038.00,2012,4026,0.00,0.00,0,0
1503628830,total,18729924.00,18734614.00,37464536.00,18734614,18729924,18116.00,18121.00,36237.00,18121,18116,0.00,0.00,0,0
1503628831,s5,0.00,0.00,0.00,0,0,0.00,0.00,0.00,0,0,0.00,0.00,0,0
1503628831,s1,0.00,0.00,0.00,0,0,0.00,0.00,0.00,0,0,0.00,0.00,0,0
1503628831,eth0,0.00,0.00,0.00,0,0,0.00,0.00,0.00,0,0,0.00,0.00,0,0
1503628831,eth1,0.00,0.00,0.00,0,0,0.00,0.00,0.00,0,0,0.00,0.00,0,0
1503628831,s2,0.00,0.00,0.00,0,0,0.00,0.00,0.00,0,0,0.00,0.00,0,0
1503628831,s1-eth2,150516.00,6157438.00,6307954.00,6157438,150516,2034.00,4067.00,6101.00,4067,2034,0.00,0.00,0,0
1503628831,s1-eth1,6158952.00,150516.00,6309468.00,150516,6158952,4068.00,2034.00,6102.00,2034,4068,0.00,0.00,0,0
1503628831,s3,0.00,0.00,0.00,0,0,0.00,0.00,0.00,0,0,0.00,0.00,0,0
1503628831,s2-eth2,150516.00,6154410.00,6304926.00,6154410,150516,2034.00,4065.00,6099.00,4065,2034,0.00,0.00,0,0
1503628831,s2-eth1,6157438.00,150516.00,6307954.00,150516,6157438,4067.00,2034.00,6101.00,2034,4067,0.00,0.00,0,0
1503628831,lo,0.00,0.00,0.00,0,0,0.00,0.00,0.00,0,0,0.00,0.00,0,0
1503628831,s4,0.00,0.00,0.00,0,0,0.00,0.00,0.00,0,0,0.00,0.00,0,0
1503628831,s3-eth2,150664.00,6154410.00,6305074.00,6154410,150664,2036.00,4065.00,6101.00,4065,2036,0.00,0.00,0,0
1503628831,s3-eth1,6154410.00,150516.00,6304926.00,150516,6154410,4065.00,2034.00,6099.00,2034,4065,0.00,0.00,0,0
1503628831,total,18922496.00,18917806.00,37840304.00,18917806,18922496,18304.00,18299.00,36603.00,18299,18304,0.00,0.00,0,0
1503628832,s5,0.00,0.00,0.00,0,0,0.00,0.00,0.00,0,0,0.00,0.00,0,0
1503628832,s1,0.00,0.00,0.00,0,0,0.00,0.00,0.00,0,0,0.00,0.00,0,0
1503628832,eth0,0.00,0.00,0.00,0,0,0.00,0.00,0.00,0,0,0.00,0.00,0,0
1503628832,eth1,0.00,0.00,0.00,0,0,0.00,0.00,0.00,0,0,0.00,0.00,0,0
1503628832,s2,0.00,0.00,0.00,0,0,0.00,0.00,0.00,0,0,0.00,0.00,0,0
1503628832,s1-eth2,151668.00,6202900.00,6354568.00,6202900,151668,2050.00,4098.00,6148.00,4098,2050,0.00,0.00,0,0
1503628832,s1-eth1,6204414.00,151668.00,6356082.00,151668,6204414,4099.00,2050.00,6149.00,2050,4099,0.00,0.00,0,0
1503628832,s3,0.00,0.00,0.00,0,0,0.00,0.00,0.00,0,0,0.00,0.00,0,0
1503628832,s2-eth2,151668.00,6205928.00,6357596.00,6205928,151668,2050.00,4100.00,6150.00,4100,2050,0.00,0.00,0,0
1503628832,s2-eth1,6202900.00,151668.00,6354568.00,151668,6202900,4098.00,2050.00,6148.00,2050,4098,0.00,0.00,0,0
1503628832,lo,888.00,888.00,1776.00,888,888,9.00,9.00,18.00,9,9,0.00,0.00,0,0
1503628832,s4,0.00,0.00,0.00,0,0,0.00,0.00,0.00,0,0,0.00,0.00,0,0
1503628832,s3-eth2,151594.00,6178676.00,6330270.00,6178676,151594,2049.00,4082.00,6131.00,4082,2049,0.00,0.00,0,0
1503628832,s3-eth1,6205928.00,151668.00,6357596.00,151668,6205928,4100.00,2050.00,6150.00,2050,4100,0.00,0.00,0,0
1503628832,total,19069060.00,19043396.00,38112456.00,19043396,19069060,18455.00,18439.00,36894.00,18439,18455,0.00,0.00,0,0
1503628833,s5,0.00,0.00,0.00,0,0,0.00,0.00,0.00,0,0,0.00,0.00,0,0
1503628833,s1,0.00,342.00,342.00,342,0,0.00,1.00,1.00,1,0,0.00,0.00,0,0
1503628833,eth0,0.00,0.00,0.00,0,0,0.00,0.00,0.00,0,0,0.00,0.00,0,0
1503628833,eth1,0.00,0.00,0.00,0,0,0.00,0.00,0.00,0,0,0.00,0.00,0,0
1503628833,s2,0.00,0.00,0.00,0,0,0.00,0.00,0.00,0,0,0.00,0.00,0,0
1503628833,s1-eth2,150516.00,6157780.00,6308296.00,6157780,150516,2034.00,4068.00,6102.00,4068,2034,0.00,0.00,0,0
1503628833,s1-eth1,6157780.00,150516.00,6308296.00,150516,6157780,4068.00,2034.00,6102.00,2034,4068,0.00,0.00,0,0
1503628833,s3,0.00,0.00,0.00,0,0,0.00,0.00,0.00,0,0,0.00,0.00,0,0
1503628833,s2-eth2,150590.00,6157438.00,6308028.00,6157438,150590,2035.00,4067.00,6102.00,4067,2035,0.00,0.00,0,0
1503628833,s2-eth1,6157780.00,150516.00,6308296.00,150516,6157780,4068.00,2034.00,6102.00,2034,4068,0.00,0.00,0,0
1503628833,lo,326.00,326.00,652.00,326,326,3.00,3.00,6.00,3,3,0.00,0.00,0,0
1503628833,s4,0.00,0.00,0.00,0,0,0.00,0.00,0.00,0,0,0.00,0.00,0,0
1503628833,s3-eth2,150590.00,6158952.00,6309542.00,6158952,150590,2035.00,4068.00,6103.00,4068,2035,0.00,0.00,0,0
1503628833,s3-eth1,6157438.00,150590.00,6308028.00,150590,6157438,4067.00,2035.00,6102.00,2035,4067,0.00,0.00,0,0
1503628833,total,18925020.00,18926460.00,37851480.00,18926460,18925020,18310.00,18310.00,36620.00,18310,18310,0.00,0.00,0,0
1503628834,s5,0.00,0.00,0.00,0,0,0.00,0.00,0.00,0,0,0.00,0.00,0,0
1503628834,s1,0.00,0.00,0.00,0,0,0.00,0.00,0.00,0,0,0.00,0.00,0,0
1503628834,eth0,0.00,0.00,0.00,0,0,0.00,0.00,0.00,0,0,0.00,0.00,0,0
1503628834,eth1,0.00,0.00,0.00,0,0,0.00,0.00,0.00,0,0,0.00,0.00,0,0
1503628834,s2,0.00,0.00,0.00,0,0,0.00,0.00,0.00,0,0,0.00,0.00,0,0
1503628834,s1-eth2,149332.00,6108990.00,6258322.00,6108990,149332,2018.00,4035.00,6053.00,4035,2018,0.00,0.00,0,0
1503628834,s1-eth1,6107476.00,149110.00,6256586.00,149110,6107476,4034.00,2015.00,6049.00,2015,4034,0.00,0.00,0,0
1503628834,s3,0.00,0.00,0.00,0,0,0.00,0.00,0.00,0,0,0.00,0.00,0,0
1503628834,s2-eth2,149258.00,6104448.00,6253706.00,6104448,149258,2017.00,4032.00,6049.00,4032,2017,0.00,0.00,0,0
1503628834,s2-eth1,6108990.00,149332.00,6258322.00,149332,6108990,4035.00,2018.00,6053.00,2018,4035,0.00,0.00,0,0
1503628834,lo,0.00,0.00,0.00,0,0,0.00,0.00,0.00,0,0,0.00,0.00,0,0
1503628834,s4,0.00,0.00,0.00,0,0,0.00,0.00,0.00,0,0,0.00,0.00,0,0
1503628834,s3-eth2,149258.00,6105962.00,6255220.00,6105962,149258,2017.00,4033.00,6050.00,4033,2017,0.00,0.00,0,0
1503628834,s3-eth1,6104448.00,149258.00,6253706.00,149258,6104448,4032.00,2017.00,6049.00,2017,4032,0.00,0.00,0,0
1503628834,total,18768762.00,18767100.00,37535864.00,18767100,18768762,18153.00,18150.00,36303.00,18150,18153,0.00,0.00,0,0
1503628835,s5,0.00,0.00,0.00,0,0,0.00,0.00,0.00,0,0,0.00,0.00,0,0
1503628835,s1,0.00,0.00,0.00,0,0,0.00,0.00,0.00,0,0,0.00,0.00,0,0
1503628835,eth0,0.00,0.00,0.00,0,0,0.00,0.00,0.00,0,0,0.00,0.00,0,0
1503628835,eth1,0.00,0.00,0.00,0,0,0.00,0.00,0.00,0,0,0.00,0.00,0,0
1503628835,s2,0.00,0.00,0.00,0,0,0.00,0.00,0.00,0,0,0.00,0.00,0,0
1503628835,s1-eth2,150368.00,6157438.00,6307806.00,6157438,150368,2032.00,4067.00,6099.00,4067,2032,0.00,0.00,0,0
1503628835,s1-eth1,6157438.00,150590.00,6308028.00,150590,6157438,4067.00,2035.00,6102.00,2035,4067,0.00,0.00,0,0
1503628835,s3,0.00,342.00,342.00,342,0,0.00,1.00,1.00,1,0,0.00,0.00,0,0
1503628835,s2-eth2,150710.00,6134728.00,6285438.00,6134728,150710,2033.00,4052.00,6085.00,4052,2033,0.00,0.00,0,0
1503628835,s2-eth1,6157438.00,150368.00,6307806.00,150368,6157438,4067.00,2032.00,6099.00,2032,4067,0.00,0.00,0,0
1503628835,lo,670.00,670.00,1340.00,670,670,9.00,9.00,18.00,9,9,0.00,0.00,0,0
1503628835,s4,0.00,0.00,0.00,0,0,0.00,0.00,0.00,0,0,0.00,0.00,0,0
1503628835,s3-eth2,150636.00,6122616.00,6273252.00,6122616,150636,2032.00,4044.00,6076.00,4044,2032,0.00,0.00,0,0
1503628835,s3-eth1,6134728.00,150710.00,6285438.00,150710,6134728,4052.00,2033.00,6085.00,2033,4052,0.00,0.00,0,0
1503628835,total,18901988.00,18867462.00,37769448.00,18867462,18901988,18292.00,18273.00,36565.00,18273,18292,0.00,0.00,0,0
1503628836,s5,0.00,0.00,0.00,0,0,0.00,0.00,0.00,0,0,0.00,0.00,0,0
1503628836,s1,0.00,0.00,0.00,0,0,0.00,0.00,0.00,0,0,0.00,0.00,0,0
1503628836,eth0,0.00,0.00,0.00,0,0,0.00,0.00,0.00,0,0,0.00,0.00,0,0
1503628836,eth1,0.00,0.00,0.00,0,0,0.00,0.00,0.00,0,0,0.00,0.00,0,0
1503628836,s2,0.00,342.00,342.00,342,0,0.00,1.00,1.00,1,0,0.00,0.00,0,0
1503628836,s1-eth2,151376.00,6178634.00,6330010.00,6178634,151376,2042.00,4081.00,6123.00,4081,2042,0.00,0.00,0,0
1503628836,s1-eth1,6178634.00,150960.00,6329594.00,150960,6178634,4081.00,2040.00,6121.00,2040,4081,0.00,0.00,0,0
1503628836,s3,0.00,342.00,342.00,342,0,0.00,1.00,1.00,1,0,0.00,0.00,0,0
1503628836,s2-eth2,151376.00,6177120.00,6328496.00,6177120,151376,2042.00,4080.00,6122.00,4080,2042,0.00,0.00,0,0
1503628836,s2-eth1,6178634.00,151376.00,6330010.00,151376,6178634,4081.00,2042.00,6123.00,2042,4081,0.00,0.00,0,0
1503628836,lo,652.00,652.00,1304.00,652,652,6.00,6.00,12.00,6,6,0.00,0.00,0,0
1503628836,s4,0.00,0.00,0.00,0,0,0.00,0.00,0.00,0,0,0.00,0.00,0,0
1503628836,s3-eth2,151376.00,6177120.00,6328496.00,6177120,151376,2042.00,4080.00,6122.00,4080,2042,0.00,0.00,0,0
1503628836,s3-eth1,6177120.00,151376.00,6328496.00,151376,6177120,4080.00,2042.00,6122.00,2042,4080,0.00,0.00,0,0
1503628836,total,18989168.00,18987922.00,37977088.00,18987922,18989168,18374.00,18373.00,36747.00,18373,18374,0.00,0.00,0,0
1503628837,s5,0.00,0.00,0.00,0,0,0.00,0.00,0.00,0,0,0.00,0.00,0,0
1503628837,s1,0.00,0.00,0.00,0,0,0.00,0.00,0.00,0,0,0.00,0.00,0,0
1503628837,eth0,0.00,0.00,0.00,0,0,0.00,0.00,0.00,0,0,0.00,0.00,0,0
1503628837,eth1,0.00,0.00,0.00,0,0,0.00,0.00,0.00,0,0,0.00,0.00,0,0
1503628837,s2,0.00,0.00,0.00,0,0,0.00,0.00,0.00,0,0,0.00,0.00,0,0
1503628837,s1-eth2,150812.00,6169550.00,6320362.00,6169550,150812,2038.00,4075.00,6113.00,4075,2038,0.00,0.00,0,0
1503628837,s1-eth1,6172578.00,150886.00,6323464.00,150886,6172578,4077.00,2039.00,6116.00,2039,4077,0.00,0.00,0,0
1503628837,s3,0.00,0.00,0.00,0,0,0.00,0.00,0.00,0,0,0.00,0.00,0,0
1503628837,s2-eth2,150812.00,6169550.00,6320362.00,6169550,150812,2038.00,4075.00,6113.00,4075,2038,0.00,0.00,0,0
1503628837,s2-eth1,6169550.00,150812.00,6320362.00,150812,6169550,4075.00,2038.00,6113.00,2038,4075,0.00,0.00,0,0
1503628837,lo,172.00,172.00,344.00,172,172,3.00,3.00,6.00,3,3,0.00,0.00,0,0
1503628837,s4,0.00,0.00,0.00,0,0,0.00,0.00,0.00,0,0,0.00,0.00,0,0
1503628837,s3-eth2,150886.00,6169550.00,6320436.00,6169550,150886,2039.00,4075.00,6114.00,4075,2039,0.00,0.00,0,0
1503628837,s3-eth1,6169550.00,150812.00,6320362.00,150812,6169550,4075.00,2038.00,6113.00,2038,4075,0.00,0.00,0,0
1503628837,total,18964360.00,18961332.00,37925692.00,18961332,18964360,18345.00,18343.00,36688.00,18343,18345,0.00,0.00,0,0
1503628838,s5,0.00,0.00,0.00,0,0,0.00,0.00,0.00,0,0,0.00,0.00,0,0
1503628838,s1,0.00,0.00,0.00,0,0,0.00,0.00,0.00,0,0,0.00,0.00,0,0
1503628838,eth0,0.00,0.00,0.00,0,0,0.00,0.00,0.00,0,0,0.00,0.00,0,0
1503628838,eth1,0.00,0.00,0.00,0,0,0.00,0.00,0.00,0,0,0.00,0.00,0,0
1503628838,s2,0.00,0.00,0.00,0,0,0.00,0.00,0.00,0,0,0.00,0.00,0,0
1503628838,s1-eth2,150220.00,6146840.00,6297060.00,6146840,150220,2030.00,4060.00,6090.00,4060,2030,0.00,0.00,0,0
1503628838,s1-eth1,6146840.00,150146.00,6296986.00,150146,6146840,4060.00,2029.00,6089.00,2029,4060,0.00,0.00,0,0
1503628838,s3,0.00,0.00,0.00,0,0,0.00,0.00,0.00,0,0,0.00,0.00,0,0
1503628838,s2-eth2,150294.00,6145326.00,6295620.00,6145326,150294,2031.00,4059.00,6090.00,4059,2031,0.00,0.00,0,0
1503628838,s2-eth1,6146840.00,150220.00,6297060.00,150220,6146840,4060.00,2030.00,6090.00,2030,4060,0.00,0.00,0,0
1503628838,lo,0.00,0.00,0.00,0,0,0.00,0.00,0.00,0,0,0.00,0.00,0,0
1503628838,s4,0.00,0.00,0.00,0,0,0.00,0.00,0.00,0,0,0.00,0.00,0,0
1503628838,s3-eth2,150220.00,6146840.00,6297060.00,6146840,150220,2030.00,4060.00,6090.00,4060,2030,0.00,0.00,0,0
1503628838,s3-eth1,6145326.00,150294.00,6295620.00,150294,6145326,4059.00,2031.00,6090.00,2031,4059,0.00,0.00,0,0
1503628838,total,18889740.00,18889666.00,37779408.00,18889666,18889740,18270.00,18269.00,36539.00,18269,18270,0.00,0.00,0,0
1503628839,s5,0.00,0.00,0.00,0,0,0.00,0.00,0.00,0,0,0.00,0.00,0,0
1503628839,s1,0.00,0.00,0.00,0,0,0.00,0.00,0.00,0,0,0.00,0.00,0,0
1503628839,eth0,0.00,0.00,0.00,0,0,0.00,0.00,0.00,0,0,0.00,0.00,0,0
1503628839,eth1,0.00,0.00,0.00,0,0,0.00,0.00,0.00,0,0,0.00,0.00,0,0
1503628839,s2,0.00,0.00,0.00,0,0,0.00,0.00,0.00,0,0,0.00,0.00,0,0
1503628839,s1-eth2,146372.00,5989384.00,6135756.00,5989384,146372,1978.00,3956.00,5934.00,3956,1978,0.00,0.00,0,0
1503628839,s1-eth1,5989384.00,146520.00,6135904.00,146520,5989384,3956.00,1980.00,5936.00,1980,3956,0.00,0.00,0,0
1503628839,s3,0.00,0.00,0.00,0,0,0.00,0.00,0.00,0,0,0.00,0.00,0,0
1503628839,s2-eth2,146372.00,5987870.00,6134242.00,5987870,146372,1978.00,3955.00,5933.00,3955,1978,0.00,0.00,0,0
1503628839,s2-eth1,5990898.00,146446.00,6137344.00,146446,5990898,3957.00,1979.00,5936.00,1979,3957,0.00,0.00,0,0
1503628839,lo,0.00,0.00,0.00,0,0,0.00,0.00,0.00,0,0,0.00,0.00,0,0
1503628839,s4,0.00,0.00,0.00,0,0,0.00,0.00,0.00,0,0,0.00,0.00,0,0
1503628839,s3-eth2,146372.00,5992412.00,6138784.00,5992412,146372,1978.00,3958.00,5936.00,3958,1978,0.00,0.00,0,0
1503628839,s3-eth1,5987870.00,146372.00,6134242.00,146372,5987870,3955.00,1978.00,5933.00,1978,3955,0.00,0.00,0,0
1503628839,total,18407268.00,18409004.00,36816272.00,18409004,18407268,17802.00,17806.00,35608.00,17806,17802,0.00,0.00,0,0
1503628840,s5,0.00,0.00,0.00,0,0,0.00,0.00,0.00,0,0,0.00,0.00,0,0
1503628840,s1,0.00,0.00,0.00,0,0,0.00,0.00,0.00,0,0,0.00,0.00,0,0
1503628840,eth0,0.00,0.00,0.00,0,0,0.00,0.00,0.00,0,0,0.00,0.00,0,0
1503628840,eth1,0.00,0.00,0.00,0,0,0.00,0.00,0.00,0,0,0.00,0.00,0,0
1503628840,s2,0.00,0.00,0.00,0,0,0.00,0.00,0.00,0,0,0.00,0.00,0,0
1503628840,s1-eth2,148074.00,6062056.00,6210130.00,6062056,148074,2001.00,4004.00,6005.00,4004,2001,0.00,0.00,0,0
1503628840,s1-eth1,6060542.00,148000.00,6208542.00,148000,6060542,4003.00,2000.00,6003.00,2000,4003,0.00,0.00,0,0
1503628840,s3,0.00,0.00,0.00,0,0,0.00,0.00,0.00,0,0,0.00,0.00,0,0
1503628840,s2-eth2,148000.00,6060542.00,6208542.00,6060542,148000,2000.00,4003.00,6003.00,4003,2000,0.00,0.00,0,0
1503628840,s2-eth1,6062056.00,148000.00,6210056.00,148000,6062056,4004.00,2000.00,6004.00,2000,4004,0.00,0.00,0,0
1503628840,lo,688.00,688.00,1376.00,688,688,12.00,12.00,24.00,12,12,0.00,0.00,0,0
1503628840,s4,0.00,0.00,0.00,0,0,0.00,0.00,0.00,0,0,0.00,0.00,0,0
1503628840,s3-eth2,148074.00,6066598.00,6214672.00,6066598,148074,2001.00,4007.00,6008.00,4007,2001,0.00,0.00,0,0
1503628840,s3-eth1,6060542.00,148000.00,6208542.00,148000,6060542,4003.00,2000.00,6003.00,2000,4003,0.00,0.00,0,0
1503628840,total,18627976.00,18633884.00,37261860.00,18633884,18627976,18024.00,18026.00,36050.00,18026,18024,0.00,0.00,0,0
1503628841,s5,0.00,0.00,0.00,0,0,0.00,0.00,0.00,0,0,0.00,0.00,0,0
1503628841,s1,0.00,0.00,0.00,0,0,0.00,0.00,0.00,0,0,0.00,0.00,0,0
1503628841,eth0,0.00,0.00,0.00,0,0,0.00,0.00,0.00,0,0,0.00,0.00,0,0
1503628841,eth1,0.00,0.00,0.00,0,0,0.00,0.00,0.00,0,0,0.00,0.00,0,0
1503628841,s2,0.00,0.00,0.00,0,0,0.00,0.00,0.00,0,0,0.00,0.00,0,0
1503628841,s1-eth2,145410.00,5948506.00,6093916.00,5948506,145410,1965.00,3929.00,5894.00,3929,1965,0.00,0.00,0,0
1503628841,s1-eth1,5951534.00,145410.00,6096944.00,145410,5951534,3931.00,1965.00,5896.00,1965,3931,0.00,0.00,0,0
1503628841,s3,0.00,0.00,0.00,0,0,0.00,0.00,0.00,0,0,0.00,0.00,0,0
1503628841,s2-eth2,145410.00,5956076.00,6101486.00,5956076,145410,1965.00,3934.00,5899.00,3934,1965,0.00,0.00,0,0
1503628841,s2-eth1,5946992.00,145410.00,6092402.00,145410,5946992,3928.00,1965.00,5893.00,1965,3928,0.00,0.00,0,0
1503628841,lo,0.00,0.00,0.00,0,0,0.00,0.00,0.00,0,0,0.00,0.00,0,0
1503628841,s4,0.00,0.00,0.00,0,0,0.00,0.00,0.00,0,0,0.00,0.00,0,0
1503628841,s3-eth2,145410.00,5957590.00,6103000.00,5957590,145410,1965.00,3935.00,5900.00,3935,1965,0.00,0.00,0,0
1503628841,s3-eth1,5956076.00,145410.00,6101486.00,145410,5956076,3934.00,1965.00,5899.00,1965,3934,0.00,0.00,0,0
1503628841,total,18290832.00,18298402.00,36589232.00,18298402,18290832,17688.00,17693.00,35381.00,17693,17688,0.00,0.00,0,0
1503628842,s5,0.00,0.00,0.00,0,0,0.00,0.00,0.00,0,0,0.00,0.00,0,0
1503628842,s1,0.00,562.00,562.00,562,0,0.00,3.00,3.00,3,0,0.00,0.00,0,0
1503628842,eth0,684.00,1059.00,1743.00,1059,684,9.00,9.00,18.00,9,9,0.00,0.00,0,0
1503628842,eth1,288.00,108.00,396.00,108,288,3.00,1.00,4.00,1,3,0.00,0.00,0,0
1503628842,s2,0.00,220.00,220.00,220,0,0.00,2.00,2.00,2,0,0.00,0.00,0,0
1503628842,s1-eth2,137046.00,5581166.00,5718212.00,5581166,137046,1851.00,3689.00,5540.00,3689,1851,0.00,0.00,0,0
1503628842,s1-eth1,5598460.00,136826.00,5735286.00,136826,5598460,3704.00,1849.00,5553.00,1849,3704,0.00,0.00,0,0
1503628842,s3,0.00,220.00,220.00,220,0,0.00,2.00,2.00,2,0,0.00,0.00,0,0
1503628842,s2-eth2,137046.00,5547296.00,5684342.00,5547296,137046,1851.00,3664.00,5515.00,3664,1851,0.00,0.00,0,0
1503628842,s2-eth1,5581166.00,137046.00,5718212.00,137046,5581166,3689.00,1851.00,5540.00,1851,3689,0.00,0.00,0,0
1503628842,lo,3369.00,3369.00,6738.00,3369,3369,36.00,36.00,72.00,36,36,0.00,0.00,0,0
1503628842,s4,0.00,0.00,0.00,0,0,0.00,0.00,0.00,0,0,0.00,0.00,0,0
1503628842,s3-eth2,137046.00,5533670.00,5670716.00,5533670,137046,1851.00,3655.00,5506.00,3655,1851,0.00,0.00,0,0
1503628842,s3-eth1,5547296.00,137046.00,5684342.00,137046,5547296,3664.00,1851.00,5515.00,1851,3664,0.00,0.00,0,0
1503628842,total,17142400.00,17078588.00,34220988.00,17078588,17142401,16658.00,16612.00,33270.00,16612,16658,0.00,0.00,0,0
1503628843,s5,0.00,0.00,0.00,0,0,0.00,0.00,0.00,0,0,0.00,0.00,0,0
1503628843,s1,0.00,529.47,529.47,530,0,0.00,3.00,3.00,3,0,0.00,0.00,0,0
1503628843,eth0,607.39,979.02,1586.41,980,608,7.99,7.99,15.98,8,8,0.00,0.00,0,0
1503628843,eth1,0.00,0.00,0.00,0,0,0.00,0.00,0.00,0,0,0.00,0.00,0,0
1503628843,s2,0.00,607.39,607.39,608,0,0.00,4.00,4.00,4,0,0.00,0.00,0,0
1503628843,s1-eth2,109636.37,4420096.00,4529732.50,4424516,109746,1481.52,2923.08,4404.60,2926,1483,0.00,0.00,0,0
1503628843,s1-eth1,4448241.00,109336.66,4557577.50,109446,4452689,2947.05,1477.52,4424.58,1479,2950,0.00,0.00,0,0
1503628843,s3,0.00,639.36,639.36,640,0,0.00,4.00,4.00,4,0,0.00,0.00,0,0
1503628843,s2-eth2,110789.21,4400356.00,4511145.00,4404756,110900,1492.51,2909.09,4401.60,2912,1494,0.00,0.00,0,0
1503628843,s2-eth1,4420096.00,109636.37,4529732.50,109746,4424516,2923.08,1481.52,4404.60,1483,2926,0.00,0.00,0,0
1503628843,lo,4821.18,4821.18,9642.36,4826,4826,49.95,49.95,99.90,50,50,0.00,0.00,0,0
1503628843,s4,0.00,0.00,0.00,0,0,0.00,0.00,0.00,0,0,0.00,0.00,0,0
1503628843,s3-eth2,111576.43,4381676.50,4493253.00,4386058,111688,1498.50,2894.11,4392.61,2897,1500,0.00,0.00,0,0
1503628843,s3-eth1,4400356.00,110789.21,4511145.00,110900,4404756,2909.09,1492.51,4401.60,1494,2912,0.00,0.00,0,0
1503628843,total,13606123.00,13539467.00,27145592.00,13553006,13619729,13309.69,13246.75,26556.44,13260,13323,0.00,0.00,0,0
1503628844,s5,0.00,0.00,0.00,0,0,0.00,0.00,0.00,0,0,0.00,0.00,0,0
1503628844,s1,0.00,1762.00,1762.00,1762,0,0.00,13.00,13.00,13,0,0.00,0.00,0,0
1503628844,eth0,608.00,980.00,1588.00,980,608,8.00,8.00,16.00,8,8,0.00,0.00,0,0
1503628844,eth1,0.00,0.00,0.00,0,0,0.00,0.00,0.00,0,0,0.00,0.00,0,0
1503628844,s2,0.00,1794.00,1794.00,1794,0,0.00,13.00,13.00,13,0,0.00,0.00,0,0
1503628844,s1-eth2,115172.00,4704168.00,4819340.00,4704168,115172,1546.00,3118.00,4664.00,3118,1546,0.00,0.00,0,0
1503628844,s1-eth1,4682500.00,113812.00,4796312.00,113812,4682500,3106.00,1538.00,4644.00,1538,3106,0.00,0.00,0,0
1503628844,s3,0.00,1512.00,1512.00,1512,0,0.00,10.00,10.00,10,0,0.00,0.00,0,0
1503628844,s2-eth2,115102.00,4722526.00,4837628.00,4722526,115102,1545.00,3123.00,4668.00,3123,1545,0.00,0.00,0,0
1503628844,s2-eth1,4704168.00,115172.00,4819340.00,115172,4704168,3118.00,1546.00,4664.00,1546,3118,0.00,0.00,0,0
1503628844,lo,11741.00,11741.00,23482.00,11741,11741,117.00,117.00,234.00,117,117,0.00,0.00,0,0
1503628844,s4,0.00,0.00,0.00,0,0,0.00,0.00,0.00,0,0,0.00,0.00,0,0
1503628844,s3-eth2,116574.00,4726708.00,4843282.00,4726708,116574,1555.00,3122.00,4677.00,3122,1555,0.00,0.00,0,0
1503628844,s3-eth1,4722526.00,115102.00,4837628.00,115102,4722526,3123.00,1545.00,4668.00,1545,3123,0.00,0.00,0,0
1503628844,total,14468391.00,14515277.00,28983668.00,14515277,14468391,14118.00,14153.00,28271.00,14153,14118,0.00,0.00,0,0
1503628845,s5,0.00,0.00,0.00,0,0,0.00,0.00,0.00,0,0,0.00,0.00,0,0
1503628845,s1,0.00,3274.00,3274.00,3274,0,0.00,14.00,14.00,14,0,0.00,0.00,0,0
1503628845,eth0,152.00,245.00,397.00,245,152,2.00,2.00,4.00,2,2,0.00,0.00,0,0
1503628845,eth1,0.00,0.00,0.00,0,0,0.00,0.00,0.00,0,0,0.00,0.00,0,0
1503628845,s2,0.00,2822.00,2822.00,2822,0,0.00,12.00,12.00,12,0,0.00,0.00,0,0
1503628845,s1-eth2,132834.00,5390086.00,5522920.00,5390086,132834,1786.00,3572.00,5358.00,3572,1786,0.00,0.00,0,0
1503628845,s1-eth1,5392706.00,131868.00,5524574.00,131868,5392706,3579.00,1782.00,5361.00,1782,3579,0.00,0.00,0,0
1503628845,s3,0.00,3072.00,3072.00,3072,0,0.00,15.00,15.00,15,0,0.00,0.00,0,0
1503628845,s2-eth2,134792.00,5385640.00,5520432.00,5385640,134792,1795.00,3564.00,5359.00,3564,1795,0.00,0.00,0,0
1503628845,s2-eth1,5390086.00,132834.00,5522920.00,132834,5390086,3572.00,1786.00,5358.00,1786,3572,0.00,0.00,0,0
1503628845,lo,13345.00,13345.00,26690.00,13345,13345,128.00,128.00,256.00,128,128,0.00,0.00,0,0
1503628845,s4,0.00,0.00,0.00,0,0,0.00,0.00,0.00,0,0,0.00,0.00,0,0
1503628845,s3-eth2,135572.00,5392868.00,5528440.00,5392868,135572,1796.00,3562.00,5358.00,3562,1796,0.00,0.00,0,0
1503628845,s3-eth1,5385640.00,134792.00,5520432.00,134792,5385640,3564.00,1795.00,5359.00,1795,3564,0.00,0.00,0,0
1503628845,total,16585127.00,16590846.00,33175972.00,16590846,16585127,16222.00,16232.00,32454.00,16232,16222,0.00,0.00,0,0
1503628846,s5,0.00,0.00,0.00,0,0,0.00,0.00,0.00,0,0,0.00,0.00,0,0
1503628846,s1,0.00,948.00,948.00,948,0,0.00,4.00,4.00,4,0,0.00,0.00,0,0
1503628846,eth0,152.00,245.00,397.00,245,152,2.00,2.00,4.00,2,2,0.00,0.00,0,0
1503628846,eth1,0.00,0.00,0.00,0,0,0.00,0.00,0.00,0,0,0.00,0.00,0,0
1503628846,s2,0.00,948.00,948.00,948,0,0.00,4.00,4.00,4,0,0.00,0.00,0,0
1503628846,s1-eth2,137671.00,5640598.00,5778269.00,5640598,137671,1857.00,3729.00,5586.00,3729,1857,0.00,0.00,0,0
1503628846,s1-eth1,5634649.00,137492.00,5772141.00,137492,5634649,3726.00,1858.00,5584.00,1858,3726,0.00,0.00,0,0
1503628846,s3,0.00,963.00,963.00,963,0,0.00,4.00,4.00,4,0,0.00,0.00,0,0
1503628846,s2-eth2,138085.00,5641785.00,5779870.00,5641785,138085,1857.00,3729.00,5586.00,3729,1857,0.00,0.00,0,0
1503628846,s2-eth1,5640598.00,137671.00,5778269.00,137671,5640598,3729.00,1857.00,5586.00,1857,3729,0.00,0.00,0,0
1503628846,lo,4138.00,4138.00,8276.00,4138,4138,39.00,39.00,78.00,39,39,0.00,0.00,0,0
1503628846,s4,0.00,0.00,0.00,0,0,0.00,0.00,0.00,0,0,0.00,0.00,0,0
1503628846,s3-eth2,138754.00,5627538.00,5766292.00,5627538,138754,1859.00,3717.00,5576.00,3717,1859,0.00,0.00,0,0
1503628846,s3-eth1,5641785.00,138085.00,5779870.00,138085,5641785,3729.00,1857.00,5586.00,1857,3729,0.00,0.00,0,0
1503628846,total,17335832.00,17330412.00,34666244.00,17330411,17335832,16798.00,16800.00,33598.00,16800,16798,0.00,0.00,0,0
1503628847,s5,0.00,0.00,0.00,0,0,0.00,0.00,0.00,0,0,0.00,0.00,0,0
1503628847,s1,0.00,716.00,716.00,716,0,0.00,3.00,3.00,3,0,0.00,0.00,0,0
1503628847,eth0,60.00,60.00,120.00,60,60,1.00,1.00,2.00,1,1,0.00,0.00,0,0
1503628847,eth1,60.00,60.00,120.00,60,60,1.00,1.00,2.00,1,1,0.00,0.00,0,0
1503628847,s2,0.00,716.00,716.00,716,0,0.00,3.00,3.00,3,0,0.00,0.00,0,0
1503628847,s1-eth2,141788.00,5776626.00,5918414.00,5776626,141788,1913.00,3818.00,5731.00,3818,1913,0.00,0.00,0,0
1503628847,s1-eth1,5783346.00,141340.00,5924686.00,141340,5783346,3825.00,1910.00,5735.00,1910,3825,0.00,0.00,0,0
1503628847,s3,0.00,701.00,701.00,701,0,0.00,3.00,3.00,3,0,0.00,0.00,0,0
1503628847,s2-eth2,142041.00,5777766.00,5919807.00,5777766,142041,1913.00,3817.00,5730.00,3817,1913,0.00,0.00,0,0
1503628847,s2-eth1,5776626.00,141788.00,5918414.00,141788,5776626,3818.00,1913.00,5731.00,1913,3818,0.00,0.00,0,0
1503628847,lo,2871.00,2871.00,5742.00,2871,2871,27.00,27.00,54.00,27,27,0.00,0.00,0,0
1503628847,s4,0.00,0.00,0.00,0,0,0.00,0.00,0.00,0,0,0.00,0.00,0,0
1503628847,s3-eth2,142563.00,5788022.00,5930585.00,5788022,142563,1917.00,3823.00,5740.00,3823,1917,0.00,0.00,0,0
1503628847,s3-eth1,5777766.00,142041.00,5919807.00,142041,5777766,3817.00,1913.00,5730.00,1913,3817,0.00,0.00,0,0
1503628847,total,17767120.00,17772708.00,35539828.00,17772707,17767121,17232.00,17232.00,34464.00,17232,17232,0.00,0.00,0,0
1503628848,s5,0.00,0.00,0.00,0,0,0.00,0.00,0.00,0,0,0.00,0.00,0,0
1503628848,s1,0.00,841.00,841.00,841,0,0.00,5.00,5.00,5,0,0.00,0.00,0,0
1503628848,eth0,0.00,0.00,0.00,0,0,0.00,0.00,0.00,0,0,0.00,0.00,0,0
1503628848,eth1,0.00,0.00,0.00,0,0,0.00,0.00,0.00,0,0,0.00,0.00,0,0
1503628848,s2,0.00,841.00,841.00,841,0,0.00,5.00,5.00,5,0,0.00,0.00,0,0
1503628848,s1-eth2,142551.00,5816115.00,5958666.00,5816115,142551,1923.00,3846.00,5769.00,3846,1923,0.00,0.00,0,0
1503628848,s1-eth1,5814531.00,142154.00,5956685.00,142154,5814531,3844.00,1921.00,5765.00,1921,3844,0.00,0.00,0,0
1503628848,s3,0.00,771.00,771.00,771,0,0.00,4.00,4.00,4,0,0.00,0.00,0,0
1503628848,s2-eth2,142999.00,5814204.00,5957203.00,5814204,142999,1926.00,3843.00,5769.00,3843,1926,0.00,0.00,0,0
1503628848,s2-eth1,5816115.00,142551.00,5958666.00,142551,5816115,3846.00,1923.00,5769.00,1923,3846,0.00,0.00,0,0
1503628848,lo,4211.00,4211.00,8422.00,4211,4211,42.00,42.00,84.00,42,42,0.00,0.00,0,0
1503628848,s4,0.00,0.00,0.00,0,0,0.00,0.00,0.00,0,0,0.00,0.00,0,0
1503628848,s3-eth2,143248.00,5815274.00,5958522.00,5815274,143248,1926.00,3841.00,5767.00,3841,1926,0.00,0.00,0,0
1503628848,s3-eth1,5814204.00,142999.00,5957203.00,142999,5814204,3843.00,1926.00,5769.00,1926,3843,0.00,0.00,0,0
1503628848,total,17877860.00,17879960.00,35757820.00,17879961,17877859,17350.00,17356.00,34706.00,17356,17350,0.00,0.00,0,0
1503628849,s5,0.00,0.00,0.00,0,0,0.00,0.00,0.00,0,0,0.00,0.00,0,0
1503628849,s1,0.00,327.00,327.00,327,0,0.00,1.00,1.00,1,0,0.00,0.00,0,0
1503628849,eth0,0.00,0.00,0.00,0,0,0.00,0.00,0.00,0,0,0.00,0.00,0,0
1503628849,eth1,0.00,0.00,0.00,0,0,0.00,0.00,0.00,0,0,0.00,0.00,0,0
1503628849,s2,0.00,327.00,327.00,327,0,0.00,1.00,1.00,1,0,0.00,0.00,0,0
1503628849,s1-eth2,141118.00,5773209.00,5914327.00,5773209,141118,1907.00,3814.00,5721.00,3814,1907,0.00,0.00,0,0
1503628849,s1-eth1,5780849.00,141044.00,5921893.00,141044,5780849,3820.00,1906.00,5726.00,1906,3820,0.00,0.00,0,0
1503628849,s3,0.00,739.00,739.00,739,0,0.00,3.00,3.00,3,0,0.00,0.00,0,0
1503628849,s2-eth2,141857.00,5776237.00,5918094.00,5776237,141857,1910.00,3816.00,5726.00,3816,1910,0.00,0.00,0,0
1503628849,s2-eth1,5773209.00,141118.00,5914327.00,141118,5773209,3814.00,1907.00,5721.00,1907,3814,0.00,0.00,0,0
1503628849,lo,1572.00,1572.00,3144.00,1572,1572,15.00,15.00,30.00,15,15,0.00,0.00,0,0
1503628849,s4,0.00,0.00,0.00,0,0,0.00,0.00,0.00,0,0,0.00,0.00,0,0
1503628849,s3-eth2,141931.00,5775910.00,5917841.00,5775910,141931,1911.00,3815.00,5726.00,3815,1911,0.00,0.00,0,0
1503628849,s3-eth1,5776237.00,141857.00,5918094.00,141857,5776237,3816.00,1910.00,5726.00,1910,3816,0.00,0.00,0,0
1503628849,total,17756772.00,17752340.00,35509112.00,17752340,17756773,17193.00,17188.00,34381.00,17188,17193,0.00,0.00,0,0
1503628850,s5,0.00,0.00,0.00,0,0,0.00,0.00,0.00,0,0,0.00,0.00,0,0
1503628850,s1,0.00,0.00,0.00,0,0,0.00,0.00,0.00,0,0,0.00,0.00,0,0
1503628850,eth0,0.00,0.00,0.00,0,0,0.00,0.00,0.00,0,0,0.00,0.00,0,0
1503628850,eth1,0.00,86.00,86.00,86,0,0.00,1.00,1.00,1,0,0.00,0.00,0,0
1503628850,s2,0.00,0.00,0.00,0,0,0.00,0.00,0.00,0,0,0.00,0.00,0,0
1503628850,s1-eth2,142450.00,5825872.00,5968322.00,5825872,142450,1925.00,3848.00,5773.00,3848,1925,0.00,0.00,0,0
1503628850,s1-eth1,5819923.00,142376.00,5962299.00,142376,5819923,3845.00,1924.00,5769.00,1924,3845,0.00,0.00,0,0
1503628850,s3,0.00,0.00,0.00,0,0,0.00,0.00,0.00,0,0,0.00,0.00,0,0
1503628850,s2-eth2,142450.00,5822844.00,5965294.00,5822844,142450,1925.00,3846.00,5771.00,3846,1925,0.00,0.00,0,0
1503628850,s2-eth1,5825872.00,142450.00,5968322.00,142450,5825872,3848.00,1925.00,5773.00,1925,3848,0.00,0.00,0,0
1503628850,lo,344.00,344.00,688.00,344,344,6.00,6.00,12.00,6,6,0.00,0.00,0,0
1503628850,s4,0.00,0.00,0.00,0,0,0.00,0.00,0.00,0,0,0.00,0.00,0,0
1503628850,s3-eth2,142792.00,5827386.00,5970178.00,5827386,142792,1926.00,3849.00,5775.00,3849,1926,0.00,0.00,0,0
1503628850,s3-eth1,5822844.00,142450.00,5965294.00,142450,5822844,3846.00,1925.00,5771.00,1925,3846,0.00,0.00,0,0
1503628850,total,17896676.00,17903808.00,35800484.00,17903808,17896675,17321.00,17324.00,34645.00,17324,17321,0.00,0.00,0,0
1503628851,s5,0.00,0.00,0.00,0,0,0.00,0.00,0.00,0,0,0.00,0.00,0,0
1503628851,s1,0.00,449.00,449.00,449,0,0.00,2.00,2.00,2,0,0.00,0.00,0,0
1503628851,eth0,0.00,0.00,0.00,0,0,0.00,0.00,0.00,0,0,0.00,0.00,0,0
1503628851,eth1,0.00,0.00,0.00,0,0,0.00,0.00,0.00,0,0,0.00,0.00,0,0
1503628851,s2,0.00,449.00,449.00,449,0,0.00,2.00,2.00,2,0,0.00,0.00,0,0
1503628851,s1-eth2,144407.00,5912619.00,6057026.00,5912619,144407,1951.00,3907.00,5858.00,3907,1951,0.00,0.00,0,0
1503628851,s1-eth1,5910003.00,144448.00,6054451.00,144448,5910003,3907.00,1952.00,5859.00,1952,3907,0.00,0.00,0,0
1503628851,s3,0.00,107.00,107.00,107,0,0.00,1.00,1.00,1,0,0.00,0.00,0,0
1503628851,s2-eth2,144407.00,5912512.00,6056919.00,5912512,144407,1951.00,3906.00,5857.00,3906,1951,0.00,0.00,0,0
1503628851,s2-eth1,5912619.00,144407.00,6057026.00,144407,5912619,3907.00,1951.00,5858.00,1951,3907,0.00,0.00,0,0
1503628851,lo,1567.00,1567.00,3134.00,1567,1567,15.00,15.00,30.00,15,15,0.00,0.00,0,0
1503628851,s4,0.00,0.00,0.00,0,0,0.00,0.00,0.00,0,0,0.00,0.00,0,0
1503628851,s3-eth2,144440.00,5912170.00,6056610.00,5912170,144440,1951.00,3905.00,5856.00,3905,1951,0.00,0.00,0,0
1503628851,s3-eth1,5912512.00,144407.00,6056919.00,144407,5912512,3906.00,1951.00,5857.00,1951,3906,0.00,0.00,0,0
1503628851,total,18169956.00,18173136.00,36343088.00,18173135,18169955,17588.00,17592.00,35180.00,17592,17588,0.00,0.00,0,0
1503628852,s5,0.00,0.00,0.00,0,0,0.00,0.00,0.00,0,0,0.00,0.00,0,0
1503628852,s1,0.00,247.00,247.00,247,0,0.00,3.00,3.00,3,0,0.00,0.00,0,0
1503628852,eth0,0.00,0.00,0.00,0,0,0.00,0.00,0.00,0,0,0.00,0.00,0,0
1503628852,eth1,0.00,0.00,0.00,0,0,0.00,0.00,0.00,0,0,0.00,0.00,0,0
1503628852,s2,0.00,247.00,247.00,247,0,0.00,3.00,3.00,3,0,0.00,0.00,0,0
1503628852,s1-eth2,148884.00,6094097.00,6242981.00,6094097,148884,2012.00,4028.00,6040.00,4028,2012,0.00,0.00,0,0
1503628852,s1-eth1,6094027.00,148814.00,6242841.00,148814,6094027,4027.00,2011.00,6038.00,2011,4027,0.00,0.00,0,0
1503628852,s3,0.00,177.00,177.00,177,0,0.00,2.00,2.00,2,0,0.00,0.00,0,0
1503628852,s2-eth2,148991.00,6095541.00,6244532.00,6095541,148991,2013.00,4028.00,6041.00,4028,2013,0.00,0.00,0,0
1503628852,s2-eth1,6094097.00,148884.00,6242981.00,148884,6094097,4028.00,2012.00,6040.00,2012,4028,0.00,0.00,0,0
1503628852,lo,2255.00,2255.00,4510.00,2255,2255,24.00,24.00,48.00,24,24,0.00,0.00,0,0
1503628852,s4,0.00,0.00,0.00,0,0,0.00,0.00,0.00,0,0,0.00,0.00,0,0
1503628852,s3-eth2,148987.00,6096878.00,6245865.00,6096878,148987,2013.00,4027.00,6040.00,4027,2013,0.00,0.00,0,0
1503628852,s3-eth1,6095541.00,148991.00,6244532.00,148991,6095541,4028.00,2013.00,6041.00,2013,4028,0.00,0.00,0,0
1503628852,total,18732782.00,18736132.00,37468912.00,18736131,18732782,18145.00,18151.00,36296.00,18151,18145,0.00,0.00,0,0
1503628853,s5,0.00,0.00,0.00,0,0,0.00,0.00,0.00,0,0,0.00,0.00,0,0
1503628853,s1,0.00,342.00,342.00,342,0,0.00,1.00,1.00,1,0,0.00,0.00,0,0
1503628853,eth0,0.00,0.00,0.00,0,0,0.00,0.00,0.00,0,0,0.00,0.00,0,0
1503628853,eth1,0.00,0.00,0.00,0,0,0.00,0.00,0.00,0,0,0.00,0.00,0,0
1503628853,s2,0.00,0.00,0.00,0,0,0.00,0.00,0.00,0,0,0.00,0.00,0,0
1503628853,s1-eth2,146816.00,6013950.00,6160766.00,6013950,146816,1984.00,3973.00,5957.00,3973,1984,0.00,0.00,0,0
1503628853,s1-eth1,6009478.00,146816.00,6156294.00,146816,6009478,3971.00,1984.00,5955.00,1984,3971,0.00,0.00,0,0
1503628853,s3,0.00,70.00,70.00,70,0,0.00,1.00,1.00,1,0,0.00,0.00,0,0
1503628853,s2-eth2,146812.00,6022692.00,6169504.00,6022692,146812,1984.00,3978.00,5962.00,3978,1984,0.00,0.00,0,0
1503628853,s2-eth1,6013950.00,146816.00,6160766.00,146816,6013950,3973.00,1984.00,5957.00,1984,3973,0.00,0.00,0,0
1503628853,lo,594.00,594.00,1188.00,594,594,6.00,6.00,12.00,6,6,0.00,0.00,0,0
1503628853,s4,0.00,0.00,0.00,0,0,0.00,0.00,0.00,0,0,0.00,0.00,0,0
1503628853,s3-eth2,146812.00,6027234.00,6174046.00,6027234,146812,1984.00,3981.00,5965.00,3981,1984,0.00,0.00,0,0
1503628853,s3-eth1,6022692.00,146812.00,6169504.00,146812,6022692,3978.00,1984.00,5962.00,1984,3978,0.00,0.00,0,0
1503628853,total,18487154.00,18505326.00,36992480.00,18505326,18487154,17880.00,17892.00,35772.00,17892,17880,0.00,0.00,0,0
1503628854,s5,0.00,0.00,0.00,0,0,0.00,0.00,0.00,0,0,0.00,0.00,0,0
1503628854,s1,0.00,0.00,0.00,0,0,0.00,0.00,0.00,0,0,0.00,0.00,0,0
1503628854,eth0,0.00,0.00,0.00,0,0,0.00,0.00,0.00,0,0,0.00,0.00,0,0
1503628854,eth1,0.00,0.00,0.00,0,0,0.00,0.00,0.00,0,0,0.00,0.00,0,0
1503628854,s2,0.00,0.00,0.00,0,0,0.00,0.00,0.00,0,0,0.00,0.00,0,0
1503628854,s1-eth2,146668.00,5999982.00,6146650.00,5999982,146668,1982.00,3963.00,5945.00,3963,1982,0.00,0.00,0,0
1503628854,s1-eth1,5999982.00,146742.00,6146724.00,146742,5999982,3963.00,1983.00,5946.00,1983,3963,0.00,0.00,0,0
1503628854,s3,0.00,0.00,0.00,0,0,0.00,0.00,0.00,0,0,0.00,0.00,0,0
1503628854,s2-eth2,146668.00,6006038.00,6152706.00,6006038,146668,1982.00,3967.00,5949.00,3967,1982,0.00,0.00,0,0
1503628854,s2-eth1,5999982.00,146668.00,6146650.00,146668,5999982,3963.00,1982.00,5945.00,1982,3963,0.00,0.00,0,0
1503628854,lo,0.00,0.00,0.00,0,0,0.00,0.00,0.00,0,0,0.00,0.00,0,0
1503628854,s4,0.00,0.00,0.00,0,0,0.00,0.00,0.00,0,0,0.00,0.00,0,0
1503628854,s3-eth2,147112.00,6013608.00,6160720.00,6013608,147112,1988.00,3972.00,5960.00,3972,1988,0.00,0.00,0,0
1503628854,s3-eth1,6006038.00,146668.00,6152706.00,146668,6006038,3967.00,1982.00,5949.00,1982,3967,0.00,0.00,0,0
1503628854,total,18428022.00,18441266.00,36869288.00,18459706,18446450,17827.17,17831.17,35658.34,17849,17845,0.00,0.00,0,0
1503628855,s5,0.00,0.00,0.00,0,0,0.00,0.00,0.00,0,0,0.00,0.00,0,0
1503628855,s1,0.00,0.00,0.00,0,0,0.00,0.00,0.00,0,0,0.00,0.00,0,0
1503628855,eth0,0.00,0.00,0.00,0,0,0.00,0.00,0.00,0,0,0.00,0.00,0,0
1503628855,eth1,0.00,0.00,0.00,0,0,0.00,0.00,0.00,0,0,0.00,0.00,0,0
1503628855,s2,0.00,0.00,0.00,0,0,0.00,0.00,0.00,0,0,0.00,0.00,0,0
1503628855,s1-eth2,148887.11,6095325.00,6244212.00,6101420,149036,2011.99,4025.97,6037.96,4030,2014,0.00,0.00,0,0
1503628855,s1-eth1,6095325.00,148887.11,6244212.00,149036,6101420,4025.97,2011.99,6037.96,2014,4030,0.00,0.00,0,0
1503628855,s3,0.00,0.00,0.00,0,0,0.00,0.00,0.00,0,0,0.00,0.00,0,0
1503628855,s2-eth2,148961.05,6092300.00,6241261.00,6098392,149110,2012.99,4023.98,6036.96,4028,2015,0.00,0.00,0,0
1503628855,s2-eth1,6095325.00,148887.11,6244212.00,149036,6101420,4025.97,2011.99,6037.96,2014,4030,0.00,0.00,0,0
1503628855,lo,343.66,343.66,687.31,344,344,5.99,5.99,11.99,6,6,0.00,0.00,0,0
1503628855,s4,0.00,0.00,0.00,0,0,0.00,0.00,0.00,0,0,0.00,0.00,0,0
1503628855,s3-eth2,148517.48,6095325.00,6243842.50,6101420,148666,2006.99,4025.97,6032.97,4030,2009,0.00,0.00,0,0
1503628855,s3-eth1,6092300.00,148961.05,6241261.00,149110,6098392,4023.98,2012.99,6036.96,2015,4028,0.00,0.00,0,0
1503628855,total,18748388.00,18748758.00,37497144.00,18748758,18748388,18132.00,18137.00,36269.00,18137,18132,0.00,0.00,0,0
1503628856,s5,0.00,0.00,0.00,0,0,0.00,0.00,0.00,0,0,0.00,0.00,0,0
1503628856,s1,0.00,0.00,0.00,0,0,0.00,0.00,0.00,0,0,0.00,0.00,0,0
1503628856,eth0,0.00,0.00,0.00,0,0,0.00,0.00,0.00,0,0,0.00,0.00,0,0
1503628856,eth1,0.00,0.00,0.00,0,0,0.00,0.00,0.00,0,0,0.00,0.00,0,0
1503628856,s2,0.00,0.00,0.00,0,0,0.00,0.00,0.00,0,0,0.00,0.00,0,0
1503628856,s1-eth2,56343.66,2107894.25,2164237.75,2110002,56400,761.24,1395.60,2156.84,1397,762,0.00,0.00,0,0
1503628856,s1-eth1,2172931.25,54791.21,2227722.25,54846,2175104,1438.56,740.26,2178.82,741,1440,0.00,0.00,0,0
1503628856,s3,0.00,341.66,341.66,342,0,0.00,1.00,1.00,1,0,0.00,0.00,0,0
1503628856,s2-eth2,58163.84,2033782.25,2091946.12,2035816,58222,782.22,1346.65,2128.87,1348,783,0.00,0.00,0,0
1503628856,s2-eth1,2107894.25,56343.66,2164237.75,56400,2110002,1395.60,761.24,2156.84,762,1397,0.00,0.00,0,0
1503628856,lo,325.67,325.67,651.35,326,326,3.00,3.00,5.99,3,3,0.00,0.00,0,0
1503628856,s4,0.00,0.00,0.00,0,0,0.00,0.00,0.00,0,0,0.00,0.00,0,0
1503628856,s3-eth2,59716.29,1955132.88,2014849.25,1957088,59776,803.20,1294.71,2097.90,1296,804,0.00,0.00,0,0
1503628856,s3-eth1,2033782.25,58163.84,2091946.12,58222,2035816,1346.65,782.22,2128.87,783,1348,0.00,0.00,0,0
1503628856,total,6489157.00,6266775.50,12755932.00,6273042,6495646,6530.47,6324.68,12855.15,6331,6537,0.00,0.00,0,0
1503628857,s5,0.00,0.00,0.00,0,0,0.00,0.00,0.00,0,0,0.00,0.00,0,0
1503628857,s1,0.00,0.00,0.00,0,0,0.00,0.00,0.00,0,0,0.00,0.00,0,0
1503628857,eth0,0.00,0.00,0.00,0,0,0.00,0.00,0.00,0,0,0.00,0.00,0,0
1503628857,eth1,0.00,0.00,0.00,0,0,0.00,0.00,0.00,0,0,0.00,0.00,0,0
1503628857,s2,0.00,0.00,0.00,0,0,0.00,0.00,0.00,0,0,0.00,0.00,0,0
1503628857,s1-eth2,0.00,0.00,0.00,0,0,0.00,0.00,0.00,0,0,0.00,0.00,0,0
1503628857,s1-eth1,0.00,0.00,0.00,0,0,0.00,0.00,0.00,0,0,0.00,0.00,0,0
1503628857,s3,0.00,0.00,0.00,0,0,0.00,0.00,0.00,0,0,0.00,0.00,0,0
1503628857,s2-eth2,0.00,0.00,0.00,0,0,0.00,0.00,0.00,0,0,0.00,0.00,0,0
1503628857,s2-eth1,0.00,0.00,0.00,0,0,0.00,0.00,0.00,0,0,0.00,0.00,0,0
1503628857,lo,172.00,172.00,344.00,172,172,3.00,3.00,6.00,3,3,0.00,0.00,0,0
1503628857,s4,0.00,0.00,0.00,0,0,0.00,0.00,0.00,0,0,0.00,0.00,0,0
1503628857,s3-eth2,0.00,0.00,0.00,0,0,0.00,0.00,0.00,0,0,0.00,0.00,0,0
1503628857,s3-eth1,0.00,0.00,0.00,0,0,0.00,0.00,0.00,0,0,0.00,0.00,0,0
1503628857,total,172.00,172.00,344.00,172,172,3.00,3.00,6.00,3,3,0.00,0.00,0,0
1503628858,s5,0.00,0.00,0.00,0,0,0.00,0.00,0.00,0,0,0.00,0.00,0,0
1503628858,s1,0.00,342.00,342.00,342,0,0.00,1.00,1.00,1,0,0.00,0.00,0,0
1503628858,eth0,0.00,0.00,0.00,0,0,0.00,0.00,0.00,0,0,0.00,0.00,0,0
1503628858,eth1,0.00,0.00,0.00,0,0,0.00,0.00,0.00,0,0,0.00,0.00,0,0
1503628858,s2,0.00,342.00,342.00,342,0,0.00,1.00,1.00,1,0,0.00,0.00,0,0
1503628858,s1-eth2,0.00,342.00,342.00,342,0,0.00,1.00,1.00,1,0,0.00,0.00,0,0
1503628858,s1-eth1,791.00,0.00,791.00,0,791,3.00,0.00,3.00,0,3,0.00,0.00,0,0
1503628858,s3,0.00,0.00,0.00,0,0,0.00,0.00,0.00,0,0,0.00,0.00,0,0
1503628858,s2-eth2,0.00,342.00,342.00,342,0,0.00,1.00,1.00,1,0,0.00,0.00,0,0
1503628858,s2-eth1,342.00,0.00,342.00,0,342,1.00,0.00,1.00,0,1,0.00,0.00,0,0
1503628858,lo,652.00,652.00,1304.00,652,652,6.00,6.00,12.00,6,6,0.00,0.00,0,0
1503628858,s4,0.00,0.00,0.00,0,0,0.00,0.00,0.00,0,0,0.00,0.00,0,0
1503628858,s3-eth2,342.00,0.00,342.00,0,342,1.00,0.00,1.00,0,1,0.00,0.00,0,0
1503628858,s3-eth1,342.00,0.00,342.00,0,342,1.00,0.00,1.00,0,1,0.00,0.00,0,0
1503628858,total,2469.00,2020.00,4489.00,2020,2469,12.00,10.00,22.00,10,12,0.00,0.00,0,0
1503628859,s5,0.00,0.00,0.00,0,0,0.00,0.00,0.00,0,0,0.00,0.00,0,0
1503628859,s1,0.00,107.00,107.00,107,0,0.00,1.00,1.00,1,0,0.00,0.00,0,0
1503628859,eth0,0.00,0.00,0.00,0,0,0.00,0.00,0.00,0,0,0.00,0.00,0,0
1503628859,eth1,0.00,0.00,0.00,0,0,0.00,0.00,0.00,0,0,0.00,0.00,0,0
1503628859,s2,0.00,107.00,107.00,107,0,0.00,1.00,1.00,1,0,0.00,0.00,0,0
1503628859,s1-eth2,107.00,107.00,214.00,107,107,1.00,1.00,2.00,1,1,0.00,0.00,0,0
1503628859,s1-eth1,107.00,0.00,107.00,0,107,1.00,0.00,1.00,0,1,0.00,0.00,0,0
1503628859,s3,0.00,107.00,107.00,107,0,0.00,1.00,1.00,1,0,0.00,0.00,0,0
1503628859,s2-eth2,107.00,0.00,107.00,0,107,1.00,0.00,1.00,0,1,0.00,0.00,0,0
1503628859,s2-eth1,107.00,107.00,214.00,107,107,1.00,1.00,2.00,1,1,0.00,0.00,0,0
1503628859,lo,915.00,915.00,1830.00,915,915,9.00,9.00,18.00,9,9,0.00,0.00,0,0
1503628859,s4,0.00,0.00,0.00,0,0,0.00,0.00,0.00,0,0,0.00,0.00,0,0
1503628859,s3-eth2,214.00,0.00,214.00,0,214,2.00,0.00,2.00,0,2,0.00,0.00,0,0
1503628859,s3-eth1,0.00,107.00,107.00,107,0,0.00,1.00,1.00,1,0,0.00,0.00,0,0
1503628859,total,1557.00,1557.00,3114.00,1557,1557,15.00,15.00,30.00,15,15,0.00,0.00,0,0
1503628860,s5,0.00,0.00,0.00,0,0,0.00,0.00,0.00,0,0,0.00,0.00,0,0
1503628860,s1,0.00,106.89,106.89,107,0,0.00,1.00,1.00,1,0,0.00,0.00,0,0
1503628860,eth0,0.00,0.00,0.00,0,0,0.00,0.00,0.00,0,0,0.00,0.00,0,0
1503628860,eth1,0.00,0.00,0.00,0,0,0.00,0.00,0.00,0,0,0.00,0.00,0,0
1503628860,s2,0.00,106.89,106.89,107,0,0.00,1.00,1.00,1,0,0.00,0.00,0,0
1503628860,s1-eth2,0.00,106.89,106.89,107,0,0.00,1.00,1.00,1,0,0.00,0.00,0,0
1503628860,s1-eth1,106.89,0.00,106.89,0,107,1.00,0.00,1.00,0,1,0.00,0.00,0,0
1503628860,s3,0.00,106.89,106.89,107,0,0.00,1.00,1.00,1,0,0.00,0.00,0,0
1503628860,s2-eth2,106.89,106.89,213.79,107,107,1.00,1.00,2.00,1,1,0.00,0.00,0,0
1503628860,s2-eth1,106.89,0.00,106.89,0,107,1.00,0.00,1.00,0,1,0.00,0.00,0,0
1503628860,lo,1257.74,1257.74,2515.48,1259,1259,14.99,14.99,29.97,15,15,0.00,0.00,0,0
1503628860,s4,0.00,0.00,0.00,0,0,0.00,0.00,0.00,0,0,0.00,0.00,0,0
1503628860,s3-eth2,106.89,0.00,106.89,0,107,1.00,0.00,1.00,0,1,0.00,0.00,0,0
1503628860,s3-eth1,106.89,106.89,213.79,107,107,1.00,1.00,2.00,1,1,0.00,0.00,0,0
1503628860,total,1792.21,1899.10,3691.31,1901,1794,19.98,20.98,40.96,21,20,0.00,0.00,0,0
1503628861,s5,0.00,0.00,0.00,0,0,0.00,0.00,0.00,0,0,0.00,0.00,0,0
1503628861,s1,0.00,0.00,0.00,0,0,0.00,0.00,0.00,0,0,0.00,0.00,0,0
1503628861,eth0,0.00,0.00,0.00,0,0,0.00,0.00,0.00,0,0,0.00,0.00,0,0
1503628861,eth1,0.00,0.00,0.00,0,0,0.00,0.00,0.00,0,0,0.00,0.00,0,0
1503628861,s2,0.00,0.00,0.00,0,0,0.00,0.00,0.00,0,0,0.00,0.00,0,0
1503628861,s1-eth2,0.00,0.00,0.00,0,0,0.00,0.00,0.00,0,0,0.00,0.00,0,0
1503628861,s1-eth1,0.00,0.00,0.00,0,0,0.00,0.00,0.00,0,0,0.00,0.00,0,0
1503628861,s3,0.00,0.00,0.00,0,0,0.00,0.00,0.00,0,0,0.00,0.00,0,0
1503628861,s2-eth2,0.00,0.00,0.00,0,0,0.00,0.00,0.00,0,0,0.00,0.00,0,0
1503628861,s2-eth1,0.00,0.00,0.00,0,0,0.00,0.00,0.00,0,0,0.00,0.00,0,0
1503628861,lo,0.00,0.00,0.00,0,0,0.00,0.00,0.00,0,0,0.00,0.00,0,0
1503628861,s4,0.00,0.00,0.00,0,0,0.00,0.00,0.00,0,0,0.00,0.00,0,0
1503628861,s3-eth2,0.00,0.00,0.00,0,0,0.00,0.00,0.00,0,0,0.00,0.00,0,0
1503628861,s3-eth1,0.00,0.00,0.00,0,0,0.00,0.00,0.00,0,0,0.00,0.00,0,0
1503628861,total,0.00,0.00,0.00,0,0,0.00,0.00,0.00,0,0,0.00,0.00,0,0
1503628862,s5,0.00,0.00,0.00,0,0,0.00,0.00,0.00,0,0,0.00,0.00,0,0
1503628862,s1,0.00,0.00,0.00,0,0,0.00,0.00,0.00,0,0,0.00,0.00,0,0
1503628862,eth0,0.00,0.00,0.00,0,0,0.00,0.00,0.00,0,0,0.00,0.00,0,0
1503628862,eth1,0.00,0.00,0.00,0,0,0.00,0.00,0.00,0,0,0.00,0.00,0,0
1503628862,s2,0.00,0.00,0.00,0,0,0.00,0.00,0.00,0,0,0.00,0.00,0,0
1503628862,s1-eth2,0.00,0.00,0.00,0,0,0.00,0.00,0.00,0,0,0.00,0.00,0,0
1503628862,s1-eth1,0.00,0.00,0.00,0,0,0.00,0.00,0.00,0,0,0.00,0.00,0,0
1503628862,s3,0.00,0.00,0.00,0,0,0.00,0.00,0.00,0,0,0.00,0.00,0,0
1503628862,s2-eth2,0.00,0.00,0.00,0,0,0.00,0.00,0.00,0,0,0.00,0.00,0,0
1503628862,s2-eth1,0.00,0.00,0.00,0,0,0.00,0.00,0.00,0,0,0.00,0.00,0,0
1503628862,lo,0.00,0.00,0.00,0,0,0.00,0.00,0.00,0,0,0.00,0.00,0,0
1503628862,s4,0.00,0.00,0.00,0,0,0.00,0.00,0.00,0,0,0.00,0.00,0,0
1503628862,s3-eth2,0.00,0.00,0.00,0,0,0.00,0.00,0.00,0,0,0.00,0.00,0,0
1503628862,s3-eth1,0.00,0.00,0.00,0,0,0.00,0.00,0.00,0,0,0.00,0.00,0,0
1503628862,total,0.00,0.00,0.00,0,0,0.00,0.00,0.00,0,0,0.00,0.00,0,0
1503628863,s5,0.00,0.00,0.00,0,0,0.00,0.00,0.00,0,0,0.00,0.00,0,0
1503628863,s1,0.00,0.00,0.00,0,0,0.00,0.00,0.00,0,0,0.00,0.00,0,0
1503628863,eth0,0.00,0.00,0.00,0,0,0.00,0.00,0.00,0,0,0.00,0.00,0,0
1503628863,eth1,0.00,0.00,0.00,0,0,0.00,0.00,0.00,0,0,0.00,0.00,0,0
1503628863,s2,0.00,0.00,0.00,0,0,0.00,0.00,0.00,0,0,0.00,0.00,0,0
1503628863,s1-eth2,0.00,0.00,0.00,0,0,0.00,0.00,0.00,0,0,0.00,0.00,0,0
1503628863,s1-eth1,0.00,0.00,0.00,0,0,0.00,0.00,0.00,0,0,0.00,0.00,0,0
1503628863,s3,0.00,0.00,0.00,0,0,0.00,0.00,0.00,0,0,0.00,0.00,0,0
1503628863,s2-eth2,0.00,0.00,0.00,0,0,0.00,0.00,0.00,0,0,0.00,0.00,0,0
1503628863,s2-eth1,0.00,0.00,0.00,0,0,0.00,0.00,0.00,0,0,0.00,0.00,0,0
1503628863,lo,0.00,0.00,0.00,0,0,0.00,0.00,0.00,0,0,0.00,0.00,0,0
1503628863,s4,0.00,0.00,0.00,0,0,0.00,0.00,0.00,0,0,0.00,0.00,0,0
150362