1508120895,eth0,0.00,0.00,0.00,0,0,0.00,0.00,0.00,0,0,0.00,0.00,0,0
1508120895,s2,0.00,0.00,0.00,0,0,0.00,0.00,0.00,0,0,0.00,0.00,0,0
1508120895,s2-eth2,0.00,0.00,0.00,0,0,0.00,0.00,0.00,0,0,0.00,0.00,0,0
1508120895,s2-eth1,0.00,0.00,0.00,0,0,0.00,0.00,0.00,0,0,0.00,0.00,0,0
1508120895,lo,0.00,0.00,0.00,0,0,0.00,0.00,0.00,0,0,0.00,0.00,0,0
1508120895,total,0.00,0.00,0.00,0,0,0.00,0.00,0.00,0,0,0.00,0.00,0,0
1508120896,eth0,152.00,245.00,397.00,245,152,2.00,2.00,4.00,2,2,0.00,0.00,0,0
1508120896,s2,90.00,90.00,180.00,90,90,1.00,1.00,2.00,1,1,0.00,0.00,0,0
1508120896,s2-eth2,4324.00,114852.00,119176.00,114852,4324,42.00,50.00,92.00,50,42,0.00,0.00,0,0
1508120896,s2-eth1,95998.00,2378.00,98376.00,2378,95998,51.00,33.00,84.00,33,51,0.00,0.00,0,0
1508120896,lo,1245.00,1245.00,2490.00,1245,1245,13.00,13.00,26.00,13,13,0.00,0.00,0,0
1508120896,total,101809.00,118810.00,220619.00,118810,101809,109.00,99.00,208.00,99,109,0.00,0.00,0,0
1508120897,eth0,0.00,179.82,179.82,180,0,0.00,3.00,3.00,3,0,0.00,0.00,0,0
1508120897,s2,0.00,0.00,0.00,0,0,0.00,0.00,0.00,0,0,0.00,0.00,0,0
1508120897,s2-eth2,5545.45,119812.19,125357.65,119932,5551,65.93,61.94,127.87,62,66,0.00,0.00,0,0
1508120897,s2-eth1,122022.98,4583.42,126606.40,4588,122145,62.94,61.94,124.88,62,63,0.00,0.00,0,0
1508120897,lo,0.00,0.00,0.00,0,0,0.00,0.00,0.00,0,0,0.00,0.00,0,0
1508120897,total,127568.44,124575.43,252143.86,124700,127696,128.87,126.87,255.74,127,129,0.00,0.00,0,0
1508120898,eth0,60.00,178.00,238.00,178,60,1.00,2.00,3.00,2,1,0.00,0.00,0,0
1508120898,s2,0.00,0.00,0.00,0,0,0.00,0.00,0.00,0,0,0.00,0.00,0,0
1508120898,s2-eth2,2238.00,102486.00,104724.00,102486,2238,33.00,39.00,72.00,39,33,0.00,0.00,0,0
1508120898,s2-eth1,99524.00,2238.00,101762.00,2238,99524,38.00,33.00,71.00,33,38,0.00,0.00,0,0
1508120898,lo,0.00,0.00,0.00,0,0,0.00,0.00,0.00,0,0,0.00,0.00,0,0
1508120898,total,101822.00,104902.00,206724.00,104902,101822,72.00,74.00,146.00,74,72,0.00,0.00,0,0
1508120899,eth0,0.00,0.00,0.00,0,0,0.00,0.00,0.00,0,0,0.00,0.00,0,0
1508120899,s2,69.93,139.86,209.79,140,70,1.00,2.00,3.00,2,1,0.00,0.00,0,0
1508120899,s2-eth2,3073.93,74309.70,77383.62,74384,3077,36.96,29.97,66.93,30,37,0.00,0.00,0,0
1508120899,s2-eth1,75281.72,2233.77,77515.48,2236,75357,36.96,31.97,68.93,32,37,0.00,0.00,0,0
1508120899,lo,803.20,803.20,1606.39,804,804,8.99,8.99,17.98,9,9,0.00,0.00,0,0
1508120899,total,79228.77,77486.52,156715.28,77564,79308,83.92,72.93,156.84,73,84,0.00,0.00,0,0
1508120900,eth0,0.00,0.00,0.00,0,0,0.00,0.00,0.00,0,0,0.00,0.00,0,0
1508120900,s2,0.00,0.00,0.00,0,0,0.00,0.00,0.00,0,0,0.00,0.00,0,0
1508120900,s2-eth2,2133.87,84365.63,86499.50,84450,2136,27.97,28.97,56.94,29,28,0.00,0.00,0,0
1508120900,s2-eth1,80235.77,1792.21,82027.98,1794,80316,27.97,26.97,54.95,27,28,0.00,0.00,0,0
1508120900,lo,0.00,0.00,0.00,0,0,0.00,0.00,0.00,0,0,0.00,0.00,0,0
1508120900,total,82369.63,86157.84,168527.48,86244,82452,55.94,55.94,111.89,56,56,0.00,0.00,0,0
1508120901,eth0,0.00,0.00,0.00,0,0,0.00,0.00,0.00,0,0,0.00,0.00,0,0
1508120901,s2,0.00,0.00,0.00,0,0,0.00,0.00,0.00,0,0,0.00,0.00,0,0
1508120901,s2-eth2,2094.00,87610.00,89704.00,87610,2094,31.00,33.00,64.00,33,31,0.00,0.00,0,0
1508120901,s2-eth1,86162.00,2094.00,88256.00,2094,86162,33.00,31.00,64.00,31,33,0.00,0.00,0,0
1508120901,lo,0.00,0.00,0.00,0,0,0.00,0.00,0.00,0,0,0.00,0.00,0,0
1508120901,total,88256.00,89704.00,177960.00,89704,88256,64.00,64.00,128.00,64,64,0.00,0.00,0,0
1508120902,eth0,0.00,118.00,118.00,118,0,0.00,1.00,1.00,1,0,0.00,0.00,0,0
1508120902,s2,0.00,0.00,0.00,0,0,0.00,0.00,0.00,0,0,0.00,0.00,0,0
1508120902,s2-eth2,2322.00,94784.00,97106.00,94784,2322,31.00,32.00,63.00,32,31,0.00,0.00,0,0
1508120902,s2-eth1,91822.00,1980.00,93802.00,1980,91822,31.00,30.00,61.00,30,31,0.00,0.00,0,0
1508120902,lo,0.00,0.00,0.00,0,0,0.00,0.00,0.00,0,0,0.00,0.00,0,0
1508120902,total,94144.00,96882.00,191026.00,96882,94144,62.00,63.00,125.00,63,62,0.00,0.00,0,0
1508120903,eth0,0.00,0.00,0.00,0,0,0.00,0.00,0.00,0,0,0.00,0.00,0,0
1508120903,s2,70.00,140.00,210.00,140,70,1.00,2.00,3.00,2,1,0.00,0.00,0,0
1508120903,s2-eth2,2571.00,70436.00,73007.00,70436,2571,35.00,36.00,71.00,36,35,0.00,0.00,0,0
1508120903,s2-eth1,70551.00,2324.00,72875.00,2324,70551,37.00,32.00,69.00,32,37,0.00,0.00,0,0
1508120903,lo,804.00,804.00,1608.00,804,804,9.00,9.00,18.00,9,9,0.00,0.00,0,0
1508120903,total,73996.00,73704.00,147700.00,73704,73996,82.00,79.00,161.00,79,82,0.00,0.00,0,0
1508120904,eth0,0.00,179.82,179.82,180,0,0.00,3.00,3.00,3,0,0.00,0.00,0,0
1508120904,s2,0.00,0.00,0.00,0,0,0.00,0.00,0.00,0,0,0.00,0.00,0,0
1508120904,s2-eth2,1072.93,34391.61,35464.54,34426,1074,14.99,16.98,31.97,17,15,0.00,0.00,0,0
1508120904,s2-eth1,33010.99,1072.93,34083.92,1074,33044,17.98,14.99,32.97,15,18,0.00,0.00,0,0
1508120904,lo,0.00,0.00,0.00,0,0,0.00,0.00,0.00,0,0,0.00,0.00,0,0
1508120904,total,34083.92,35644.36,69728.27,35680,34118,32.97,34.97,67.93,35,33,0.00,0.00,0,0
1508120905,eth0,0.00,1464.00,1464.00,1464,0,0.00,4.00,4.00,4,0,0.00,0.00,0,0
1508120905,s2,0.00,0.00,0.00,0,0,0.00,0.00,0.00,0,0,0.00,0.00,0,0
1508120905,s2-eth2,936.00,37124.00,38060.00,37124,936,14.00,14.00,28.00,14,14,0.00,0.00,0,0
1508120905,s2-eth1,31200.00,936.00,32136.00,936,31200,12.00,14.00,26.00,14,12,0.00,0.00,0,0
1508120905,lo,0.00,0.00,0.00,0,0,0.00,0.00,0.00,0,0,0.00,0.00,0,0
1508120905,total,32136.00,39524.00,71660.00,39524,32136,26.00,32.00,58.00,32,26,0.00,0.00,0,0
1508120906,eth0,0.00,0.00,0.00,0,0,0.00,0.00,0.00,0,0,0.00,0.00,0,0
1508120906,s2,0.00,0.00,0.00,0,0,0.00,0.00,0.00,0,0,0.00,0.00,0,0
1508120906,s2-eth2,815.18,38533.47,39348.65,38572,816,11.99,13.99,25.97,14,12,0.00,0.00,0,0
1508120906,s2-eth1,41492.51,815.18,42307.70,816,41534,14.99,11.99,26.97,12,15,0.00,0.00,0,0
1508120906,lo,0.00,0.00,0.00,0,0,0.00,0.00,0.00,0,0,0.00,0.00,0,0
1508120906,total,42307.70,39348.65,81656.34,39388,42350,26.97,25.97,52.95,26,27,0.00,0.00,0,0
1508120907,eth0,0.00,172.00,172.00,172,0,0.00,2.00,2.00,2,0,0.00,0.00,0,0
1508120907,s2,0.00,0.00,0.00,0,0,0.00,0.00,0.00,0,0,0.00,0.00,0,0
1508120907,s2-eth2,1398.00,59306.00,60704.00,59306,1398,21.00,21.00,42.00,21,21,0.00,0.00,0,0
1508120907,s2-eth1,50420.00,1398.00,51818.00,1398,50420,18.00,21.00,39.00,21,18,0.00,0.00,0,0
1508120907,lo,0.00,0.00,0.00,0,0,0.00,0.00,0.00,0,0,0.00,0.00,0,0
1508120907,total,51818.00,60876.00,112694.00,60876,51818,39.00,44.00,83.00,44,39,0.00,0.00,0,0
1508120908,eth0,0.00,0.00,0.00,0,0,0.00,0.00,0.00,0,0,0.00,0.00,0,0
1508120908,s2,0.00,0.00,0.00,0,0,0.00,0.00,0.00,0,0,0.00,0.00,0,0
1508120908,s2-eth2,1188.00,53316.00,54504.00,53316,1188,18.00,18.00,36.00,18,18,0.00,0.00,0,0
1508120908,s2-eth1,62202.00,1188.00,63390.00,1188,62202,21.00,18.00,39.00,18,21,0.00,0.00,0,0
1508120908,lo,172.00,172.00,344.00,172,172,3.00,3.00,6.00,3,3,0.00,0.00,0,0
1508120908,total,63562.00,54676.00,118238.00,54676,63562,42.00,39.00,81.00,39,42,0.00,0.00,0,0
1508120909,eth0,0.00,0.00,0.00,0,0,0.00,0.00,0.00,0,0,0.00,0.00,0,0
1508120909,s2,0.00,0.00,0.00,0,0,0.00,0.00,0.00,0,0,0.00,0.00,0,0
1508120909,s2-eth2,1780.22,82853.15,84633.37,82936,1782,26.97,27.97,54.95,28,27,0.00,0.00,0,0
1508120909,s2-eth1,71358.64,1780.22,73138.86,1782,71430,24.98,26.97,51.95,27,25,0.00,0.00,0,0
1508120909,lo,0.00,0.00,0.00,0,0,0.00,0.00,0.00,0,0,0.00,0.00,0,0
1508120909,total,73138.86,84633.37,157772.23,84718,73212,51.95,54.95,106.89,55,52,0.00,0.00,0,0
1508120910,eth0,0.00,0.00,0.00,0,0,0.00,0.00,0.00,0,0,0.00,0.00,0,0
1508120910,s2,0.00,0.00,0.00,0,0,0.00,0.00,0.00,0,0,0.00,0.00,0,0
1508120910,s2-eth2,1912.09,91730.27,93642.36,91822,1914,28.97,30.97,59.94,31,29,0.00,0.00,0,0
1508120910,s2-eth1,103566.44,1912.09,105478.52,1914,103670,34.97,28.97,63.94,29,35,0.00,0.00,0,0
1508120910,lo,0.00,0.00,0.00,0,0,0.00,0.00,0.00,0,0,0.00,0.00,0,0
1508120910,total,105478.52,93642.36,199120.89,93736,105584,63.94,59.94,123.88,60,64,0.00,0.00,0,0
1508120911,eth0,0.00,180.00,180.00,180,0,0.00,3.00,3.00,3,0,0.00,0.00,0,0
1508120911,s2,0.00,0.00,0.00,0,0,0.00,0.00,0.00,0,0,0.00,0.00,0,0
1508120911,s2-eth2,3185.00,118744.00,121929.00,118744,3185,42.00,44.00,86.00,44,42,0.00,0.00,0,0
1508120911,s2-eth1,95155.00,2736.00,97891.00,2736,95155,37.00,40.00,77.00,40,37,0.00,0.00,0,0
1508120911,lo,0.00,0.00,0.00,0,0,0.00,0.00,0.00,0,0,0.00,0.00,0,0
1508120911,total,98340.00,121660.00,220000.00,121660,98340,79.00,87.00,166.00,87,79,0.00,0.00,0,0
1508120912,eth0,0.00,0.00,0.00,0,0,0.00,0.00,0.00,0,0,0.00,0.00,0,0
1508120912,s2,0.00,0.00,0.00,0,0,0.00,0.00,0.00,0,0,0.00,0.00,0,0
1508120912,s2-eth2,2670.00,112754.00,115424.00,112754,2670,39.00,41.00,80.00,41,39,0.00,0.00,0,0
1508120912,s2-eth1,127564.00,2670.00,130234.00,2670,127564,46.00,39.00,85.00,39,46,0.00,0.00,0,0
1508120912,lo,0.00,0.00,0.00,0,0,0.00,0.00,0.00,0,0,0.00,0.00,0,0
1508120912,total,130234.00,115424.00,245658.00,115424,130234,85.00,80.00,165.00,80,85,0.00,0.00,0,0
1508120913,eth0,0.00,0.00,0.00,0,0,0.00,0.00,0.00,0,0,0.00,0.00,0,0
1508120913,s2,0.00,0.00,0.00,0,0,0.00,0.00,0.00,0,0,0.00,0.00,0,0
1508120913,s2-eth2,2988.00,112952.00,115940.00,112952,2988,44.00,44.00,88.00,44,44,0.00,0.00,0,0
1508120913,s2-eth1,98142.00,2988.00,101130.00,2988,98142,39.00,44.00,83.00,44,39,0.00,0.00,0,0
1508120913,lo,172.00,172.00,344.00,172,172,3.00,3.00,6.00,3,3,0.00,0.00,0,0
1508120913,total,101302.00,116112.00,217414.00,116112,101302,86.00,91.00,177.00,91,86,0.00,0.00,0,0
1508120914,eth0,0.00,0.00,0.00,0,0,0.00,0.00,0.00,0,0,0.00,0.00,0,0
1508120914,s2,0.00,0.00,0.00,0,0,0.00,0.00,0.00,0,0,0.00,0.00,0,0
1508120914,s2-eth2,1914.00,91822.00,93736.00,91822,1914,29.00,31.00,60.00,31,29,0.00,0.00,0,0
1508120914,s2-eth1,100708.00,1914.00,102622.00,1914,100708,34.00,29.00,63.00,29,34,0.00,0.00,0,0
1508120914,lo,0.00,0.00,0.00,0,0,0.00,0.00,0.00,0,0,0.00,0.00,0,0
1508120914,total,102622.00,93736.00,196358.00,93736,102622,63.00,60.00,123.00,60,63,0.00,0.00,0,0
1508120915,eth0,0.00,0.00,0.00,0,0,0.00,0.00,0.00,0,0,0.00,0.00,0,0
1508120915,s2,0.00,0.00,0.00,0,0,0.00,0.00,0.00,0,0,0.00,0.00,0,0
1508120915,s2-eth2,2460.00,97944.00,100404.00,97944,2460,36.00,36.00,72.00,36,36,0.00,0.00,0,0
1508120915,s2-eth1,92020.00,2460.00,94480.00,2460,92020,34.00,36.00,70.00,36,34,0.00,0.00,0,0
1508120915,lo,0.00,0.00,0.00,0,0,0.00,0.00,0.00,0,0,0.00,0.00,0,0
1508120915,total,94480.00,100404.00,194884.00,100404,94480,70.00,72.00,142.00,72,70,0.00,0.00,0,0
1508120916,eth0,0.00,0.00,0.00,0,0,0.00,0.00,0.00,0,0,0.00,0.00,0,0
1508120916,s2,0.00,0.00,0.00,0,0,0.00,0.00,0.00,0,0,0.00,0.00,0,0
1508120916,s2-eth2,2442.00,115518.00,117960.00,115518,2442,37.00,39.00,76.00,39,37,0.00,0.00,0,0
1508120916,s2-eth1,115518.00,2442.00,117960.00,2442,115518,39.00,37.00,76.00,37,39,0.00,0.00,0,0
1508120916,lo,0.00,0.00,0.00,0,0,0.00,0.00,0.00,0,0,0.00,0.00,0,0
1508120916,total,117960.00,117960.00,235920.00,117960,117960,76.00,76.00,152.00,76,76,0.00,0.00,0,0
1508120917,eth0,0.00,0.00,0.00,0,0,0.00,0.00,0.00,0,0,0.00,0.00,0,0
1508120917,s2,0.00,0.00,0.00,0,0,0.00,0.00,0.00,0,0,0.00,0.00,0,0
1508120917,s2-eth2,2442.00,115518.00,117960.00,115518,2442,37.00,39.00,76.00,39,37,0.00,0.00,0,0
1508120917,s2-eth1,112556.00,2442.00,114998.00,2442,112556,38.00,37.00,75.00,37,38,0.00,0.00,0,0
1508120917,lo,0.00,0.00,0.00,0,0,0.00,0.00,0.00,0,0,0.00,0.00,0,0
1508120917,total,114998.00,117960.00,232958.00,117960,114998,75.00,76.00,151.00,76,75,0.00,0.00,0,0
1508120918,eth0,0.00,0.00,0.00,0,0,0.00,0.00,0.00,0,0,0.00,0.00,0,0
1508120918,s2,0.00,0.00,0.00,0,0,0.00,0.00,0.00,0,0,0.00,0.00,0,0
1508120918,s2-eth2,2706.00,124404.00,127110.00,124404,2706,41.00,42.00,83.00,42,41,0.00,0.00,0,0
1508120918,s2-eth1,121442.00,2706.00,124148.00,2706,121442,41.00,41.00,82.00,41,41,0.00,0.00,0,0
1508120918,lo,172.00,172.00,344.00,172,172,3.00,3.00,6.00,3,3,0.00,0.00,0,0
1508120918,total,124320.00,127282.00,251602.00,127282,124320,85.00,86.00,171.00,86,85,0.00,0.00,0,0
1508120919,eth0,0.00,434.00,434.00,434,0,0.00,4.00,4.00,4,0,0.00,0.00,0,0
1508120919,s2,0.00,0.00,0.00,0,0,0.00,0.00,0.00,0,0,0.00,0.00,0,0
1508120919,s2-eth2,2796.00,102882.00,105678.00,102882,2796,40.00,45.00,85.00,45,40,0.00,0.00,0,0
1508120919,s2-eth1,99722.00,2796.00,102518.00,2796,99722,41.00,40.00,81.00,40,41,0.00,0.00,0,0
1508120919,lo,0.00,0.00,0.00,0,0,0.00,0.00,0.00,0,0,0.00,0.00,0,0
1508120919,total,102518.00,106112.00,208630.00,106112,102518,81.00,89.00,170.00,89,81,0.00,0.00,0,0
1508120920,eth0,0.00,147.00,147.00,147,0,0.00,1.00,1.00,1,0,0.00,0.00,0,0
1508120920,s2,0.00,0.00,0.00,0,0,0.00,0.00,0.00,0,0,0.00,0.00,0,0
1508120920,s2-eth2,2256.00,93336.00,95592.00,93336,2256,34.00,32.00,66.00,32,34,0.00,0.00,0,0
1508120920,s2-eth1,93876.00,2256.00,96132.00,2256,93876,36.00,34.00,70.00,34,36,0.00,0.00,0,0
1508120920,lo,0.00,0.00,0.00,0,0,0.00,0.00,0.00,0,0,0.00,0.00,0,0
1508120920,total,96132.00,95739.00,191871.00,95739,96132,70.00,67.00,137.00,67,70,0.00,0.00,0,0
1508120921,eth0,0.00,0.00,0.00,0,0,0.00,0.00,0.00,0,0,0.00,0.00,0,0
1508120921,s2,0.00,0.00,0.00,0,0,0.00,0.00,0.00,0,0,0.00,0.00,0,0
1508120921,s2-eth2,2196.00,92020.00,94216.00,92020,2196,32.00,34.00,66.00,34,32,0.00,0.00,0,0
1508120921,s2-eth1,92020.00,2196.00,94216.00,2196,92020,34.00,32.00,66.00,32,34,0.00,0.00,0,0
1508120921,lo,0.00,0.00,0.00,0,0,0.00,0.00,0.00,0,0,0.00,0.00,0,0
1508120921,total,94216.00,94216.00,188432.00,94216,94216,66.00,66.00,132.00,66,66,0.00,0.00,0,0
1508120922,eth0,0.00,0.00,0.00,0,0,0.00,0.00,0.00,0,0,0.00,0.00,0,0
1508120922,s2,0.00,0.00,0.00,0,0,0.00,0.00,0.00,0,0,0.00,0.00,0,0
1508120922,s2-eth2,2460.00,103868.00,106328.00,103868,2460,36.00,38.00,74.00,38,36,0.00,0.00,0,0
1508120922,s2-eth1,97944.00,2460.00,100404.00,2460,97944,36.00,36.00,72.00,36,36,0.00,0.00,0,0
1508120922,lo,0.00,0.00,0.00,0,0,0.00,0.00,0.00,0,0,0.00,0.00,0,0
1508120922,total,100404.00,106328.00,206732.00,106328,100404,72.00,74.00,146.00,74,72,0.00,0.00,0,0
1508120923,eth0,0.00,314.00,314.00,314,0,0.00,2.00,2.00,2,0,0.00,0.00,0,0
1508120923,s2,0.00,0.00,0.00,0,0,0.00,0.00,0.00,0,0,0.00,0.00,0,0
1508120923,s2-eth2,2538.00,89058.00,91596.00,89058,2538,33.00,33.00,66.00,33,33,0.00,0.00,0,0
1508120923,s2-eth1,94982.00,2196.00,97178.00,2196,94982,35.00,32.00,67.00,32,35,0.00,0.00,0,0
1508120923,lo,172.00,172.00,344.00,172,172,3.00,3.00,6.00,3,3,0.00,0.00,0,0
1508120923,total,97692.00,91740.00,189432.00,91740,97692,71.00,70.00,141.00,70,71,0.00,0.00,0,0
1508120924,eth0,0.00,0.00,0.00,0,0,0.00,0.00,0.00,0,0,0.00,0.00,0,0
1508120924,s2,0.00,0.00,0.00,0,0,0.00,0.00,0.00,0,0,0.00,0.00,0,0
1508120924,s2-eth2,2526.00,100906.00,103432.00,100906,2526,37.00,37.00,74.00,37,37,0.00,0.00,0,0
1508120924,s2-eth1,86096.00,2526.00,88622.00,2526,86096,32.00,37.00,69.00,37,32,0.00,0.00,0,0
1508120924,lo,0.00,0.00,0.00,0,0,0.00,0.00,0.00,0,0,0.00,0.00,0,0
1508120924,total,88622.00,103432.00,192054.00,103432,88622,69.00,74.00,143.00,74,69,0.00,0.00,0,0
1508120925,eth0,0.00,0.00,0.00,0,0,0.00,0.00,0.00,0,0,0.00,0.00,0,0
1508120925,s2,0.00,0.00,0.00,0,0,0.00,0.00,0.00,0,0,0.00,0.00,0,0
1508120925,s2-eth2,2046.00,100708.00,102754.00,100708,2046,31.00,34.00,65.00,34,31,0.00,0.00,0,0
1508120925,s2-eth1,112556.00,2046.00,114602.00,2046,112556,38.00,31.00,69.00,31,38,0.00,0.00,0,0
1508120925,lo,0.00,0.00,0.00,0,0,0.00,0.00,0.00,0,0,0.00,0.00,0,0
1508120925,total,114602.00,102754.00,217356.00,102754,114602,69.00,65.00,134.00,65,69,0.00,0.00,0,0
1508120926,eth0,0.00,180.00,180.00,180,0,0.00,3.00,3.00,3,0,0.00,0.00,0,0
1508120926,s2,0.00,0.00,0.00,0,0,0.00,0.00,0.00,0,0,0.00,0.00,0,0
1508120926,s2-eth2,2790.00,109792.00,112582.00,109792,2790,41.00,40.00,81.00,40,41,0.00,0.00,0,0
1508120926,s2-eth1,94982.00,2790.00,97772.00,2790,94982,35.00,41.00,76.00,41,35,0.00,0.00,0,0
1508120926,lo,0.00,0.00,0.00,0,0,0.00,0.00,0.00,0,0,0.00,0.00,0,0
1508120926,total,97772.00,112762.00,210534.00,112762,97772,76.00,84.00,160.00,84,76,0.00,0.00,0,0
1508120927,eth0,0.00,0.00,0.00,0,0,0.00,0.00,0.00,0,0,0.00,0.00,0,0
1508120927,s2,0.00,0.00,0.00,0,0,0.00,0.00,0.00,0,0,0.00,0.00,0,0
1508120927,s2-eth2,1947.05,71280.72,73227.77,71352,1949,27.97,27.97,55.94,28,28,0.00,0.00,0,0
1508120927,s2-eth1,80264.73,1840.16,82104.90,1842,80345,31.97,26.97,58.94,27,32,0.00,0.00,0,0
1508120927,lo,0.00,0.00,0.00,0,0,0.00,0.00,0.00,0,0,0.00,0.00,0,0
1508120927,total,82211.79,73120.88,155332.67,73194,82294,59.94,54.95,114.89,55,60,0.00,0.00,0,0
1508120928,eth0,0.00,0.00,0.00,0,0,0.00,0.00,0.00,0,0,0.00,0.00,0,0
1508120928,s2,0.00,0.00,0.00,0,0,0.00,0.00,0.00,0,0,0.00,0.00,0,0
1508120928,s2-eth2,1848.00,88860.00,90708.00,88860,1848,28.00,30.00,58.00,30,28,0.00,0.00,0,0
1508120928,s2-eth1,74050.00,1848.00,75898.00,1848,74050,25.00,28.00,53.00,28,25,0.00,0.00,0,0
1508120928,lo,172.00,172.00,344.00,172,172,3.00,3.00,6.00,3,3,0.00,0.00,0,0
1508120928,total,76070.00,90880.00,166950.00,90880,76070,56.00,61.00,117.00,61,56,0.00,0.00,0,0
1508120929,eth0,0.00,0.00,0.00,0,0,0.00,0.00,0.00,0,0,0.00,0.00,0,0
1508120929,s2,0.00,0.00,0.00,0,0,0.00,0.00,0.00,0,0,0.00,0.00,0,0
1508120929,s2-eth2,2046.00,91822.00,93868.00,91822,2046,31.00,31.00,62.00,31,31,0.00,0.00,0,0
1508120929,s2-eth1,103670.00,2046.00,105716.00,2046,103670,35.00,31.00,66.00,31,35,0.00,0.00,0,0
1508120929,lo,0.00,0.00,0.00,0,0,0.00,0.00,0.00,0,0,0.00,0.00,0,0
1508120929,total,105716.00,93868.00,199584.00,93868,105716,66.00,62.00,128.00,62,66,0.00,0.00,0,0
1508120930,eth0,0.00,0.00,0.00,0,0,0.00,0.00,0.00,0,0,0.00,0.00,0,0
1508120930,s2,0.00,0.00,0.00,0,0,0.00,0.00,0.00,0,0,0.00,0.00,0,0
1508120930,s2-eth2,2526.00,103868.00,106394.00,103868,2526,37.00,38.00,75.00,38,37,0.00,0.00,0,0
1508120930,s2-eth1,92020.00,2526.00,94546.00,2526,92020,34.00,37.00,71.00,37,34,0.00,0.00,0,0
1508120930,lo,0.00,0.00,0.00,0,0,0.00,0.00,0.00,0,0,0.00,0.00,0,0
1508120930,total,94546.00,106394.00,200940.00,106394,94546,71.00,75.00,146.00,75,71,0.00,0.00,0,0
1508120931,eth0,0.00,0.00,0.00,0,0,0.00,0.00,0.00,0,0,0.00,0.00,0,0
1508120931,s2,0.00,0.00,0.00,0,0,0.00,0.00,0.00,0,0,0.00,0.00,0,0
1508120931,s2-eth2,2130.00,86096.00,88226.00,86096,2130,31.00,32.00,63.00,32,31,0.00,0.00,0,0
1508120931,s2-eth1,92362.00,2130.00,94492.00,2130,92362,35.00,31.00,66.00,31,35,0.00,0.00,0,0
1508120931,lo,0.00,0.00,0.00,0,0,0.00,0.00,0.00,0,0,0.00,0.00,0,0
1508120931,total,94492.00,88226.00,182718.00,88226,94492,66.00,63.00,129.00,63,66,0.00,0.00,0,0
1508120932,eth0,0.00,314.00,314.00,314,0,0.00,2.00,2.00,2,0,0.00,0.00,0,0
1508120932,s2,0.00,0.00,0.00,0,0,0.00,0.00,0.00,0,0,0.00,0.00,0,0
1508120932,s2-eth2,2574.00,121442.00,124016.00,121442,2574,39.00,41.00,80.00,41,39,0.00,0.00,0,0
1508120932,s2-eth1,109594.00,2574.00,112168.00,2574,109594,37.00,39.00,76.00,39,37,0.00,0.00,0,0
1508120932,lo,0.00,0.00,0.00,0,0,0.00,0.00,0.00,0,0,0.00,0.00,0,0
1508120932,total,112168.00,124330.00,236498.00,124330,112168,76.00,82.00,158.00,82,76,0.00,0.00,0,0
1508120933,eth0,0.00,120.00,120.00,120,0,0.00,2.00,2.00,2,0,0.00,0.00,0,0
1508120933,s2,0.00,0.00,0.00,0,0,0.00,0.00,0.00,0,0,0.00,0.00,0,0
1508120933,s2-eth2,2244.00,106632.00,108876.00,106632,2244,34.00,36.00,70.00,36,34,0.00,0.00,0,0
1508120933,s2-eth1,118480.00,2244.00,120724.00,2244,118480,40.00,34.00,74.00,34,40,0.00,0.00,0,0
1508120933,lo,172.00,172.00,344.00,172,172,3.00,3.00,6.00,3,3,0.00,0.00,0,0
1508120933,total,120896.00,109168.00,230064.00,109168,120896,77.00,75.00,152.00,75,77,0.00,0.00,0,0
1508120934,eth0,0.00,0.00,0.00,0,0,0.00,0.00,0.00,0,0,0.00,0.00,0,0
1508120934,s2,0.00,0.00,0.00,0,0,0.00,0.00,0.00,0,0,0.00,0.00,0,0
1508120934,s2-eth2,2778.00,112886.00,115664.00,112886,2778,41.00,43.00,84.00,43,41,0.00,0.00,0,0
1508120934,s2-eth1,98076.00,2778.00,100854.00,2778,98076,38.00,41.00,79.00,41,38,0.00,0.00,0,0
1508120934,lo,0.00,0.00,0.00,0,0,0.00,0.00,0.00,0,0,0.00,0.00,0,0
1508120934,total,100854.00,115664.00,216518.00,115664,100854,79.00,84.00,163.00,84,79,0.00,0.00,0,0
1508120935,eth0,0.00,1464.00,1464.00,1464,0,0.00,4.00,4.00,4,0,0.00,0.00,0,0
1508120935,s2,0.00,0.00,0.00,0,0,0.00,0.00,0.00,0,0,0.00,0.00,0,0
1508120935,s2-eth2,2382.00,98076.00,100458.00,98076,2382,35.00,38.00,73.00,38,35,0.00,0.00,0,0
1508120935,s2-eth1,106962.00,2382.00,109344.00,2382,106962,41.00,35.00,76.00,35,41,0.00,0.00,0,0
1508120935,lo,0.00,0.00,0.00,0,0,0.00,0.00,0.00,0,0,0.00,0.00,0,0
1508120935,total,109344.00,101922.00,211266.00,101922,109344,76.00,77.00,153.00,77,76,0.00,0.00,0,0
1508120936,eth0,0.00,0.00,0.00,0,0,0.00,0.00,0.00,0,0,0.00,0.00,0,0
1508120936,s2,0.00,0.00,0.00,0,0,0.00,0.00,0.00,0,0,0.00,0.00,0,0
1508120936,s2-eth2,2778.00,112886.00,115664.00,112886,2778,41.00,43.00,84.00,43,41,0.00,0.00,0,0
1508120936,s2-eth1,95114.00,2778.00,97892.00,2778,95114,37.00,41.00,78.00,41,37,0.00,0.00,0,0
1508120936,lo,0.00,0.00,0.00,0,0,0.00,0.00,0.00,0,0,0.00,0.00,0,0
1508120936,total,97892.00,115664.00,213556.00,115664,97892,78.00,84.00,162.00,84,78,0.00,0.00,0,0
1508120937,eth0,0.00,171.83,171.83,172,0,0.00,2.00,2.00,2,0,0.00,0.00,0,0
1508120937,s2,0.00,0.00,0.00,0,0,0.00,0.00,0.00,0,0,0.00,0.00,0,0
1508120937,s2-eth2,2241.76,103566.44,105808.20,103670,2244,33.97,34.97,68.93,35,34,0.00,0.00,0,0
1508120937,s2-eth1,121320.68,2241.76,123562.44,2244,121442,40.96,33.97,74.93,34,41,0.00,0.00,0,0
1508120937,lo,0.00,0.00,0.00,0,0,0.00,0.00,0.00,0,0,0.00,0.00,0,0
1508120937,total,123562.44,105980.02,229542.47,106086,123686,74.93,70.93,145.85,71,75,0.00,0.00,0,0
1508120938,eth0,0.00,0.00,0.00,0,0,0.00,0.00,0.00,0,0,0.00,0.00,0,0
1508120938,s2,0.00,0.00,0.00,0,0,0.00,0.00,0.00,0,0,0.00,0.00,0,0
1508120938,s2-eth2,2769.23,130197.80,132967.03,130328,2772,41.96,43.96,85.91,44,42,0.00,0.00,0,0
1508120938,s2-eth1,109484.52,2769.23,112253.75,2772,109594,36.96,41.96,78.92,42,37,0.00,0.00,0,0
1508120938,lo,171.83,171.83,343.66,172,172,3.00,3.00,5.99,3,3,0.00,0.00,0,0
1508120938,total,112425.58,133138.86,245564.44,133272,112538,81.92,88.91,170.83,89,82,0.00,0.00,0,0
1508120939,eth0,0.00,0.00,0.00,0,0,0.00,0.00,0.00,0,0,0.00,0.00,0,0
1508120939,s2,0.00,0.00,0.00,0,0,0.00,0.00,0.00,0,0,0.00,0.00,0,0
1508120939,s2-eth2,2778.00,101146.00,103924.00,101146,2778,41.00,41.00,82.00,41,41,0.00,0.00,0,0
1508120939,s2-eth1,115956.00,2778.00,118734.00,2778,115956,46.00,41.00,87.00,41,46,0.00,0.00,0,0
1508120939,lo,296.00,296.00,592.00,296,296,3.00,3.00,6.00,3,3,0.00,0.00,0,0
1508120939,total,119030.00,104220.00,223250.00,104220,119030,90.00,85.00,175.00,85,90,0.00,0.00,0,0
1508120940,eth0,0.00,180.00,180.00,180,0,0.00,3.00,3.00,3,0,0.00,0.00,0,0
1508120940,s2,0.00,0.00,0.00,0,0,0.00,0.00,0.00,0,0,0.00,0.00,0,0
1508120940,s2-eth2,2838.00,133290.00,136128.00,133290,2838,43.00,45.00,88.00,45,43,0.00,0.00,0,0
1508120940,s2-eth1,124404.00,2838.00,127242.00,2838,124404,42.00,43.00,85.00,43,42,0.00,0.00,0,0
1508120940,lo,0.00,0.00,0.00,0,0,0.00,0.00,0.00,0,0,0.00,0.00,0,0
1508120940,total,127242.00,136308.00,263550.00,136308,127242,85.00,91.00,176.00,91,85,0.00,0.00,0,0
1508120941,eth0,0.00,0.00,0.00,0,0,0.00,0.00,0.00,0,0,0.00,0.00,0,0
1508120941,s2,0.00,0.00,0.00,0,0,0.00,0.00,0.00,0,0,0.00,0.00,0,0
1508120941,s2-eth2,2802.00,112952.00,115754.00,112952,2802,41.00,44.00,85.00,44,41,0.00,0.00,0,0
1508120941,s2-eth1,107028.00,2802.00,109830.00,2802,107028,42.00,41.00,83.00,41,42,0.00,0.00,0,0
1508120941,lo,0.00,0.00,0.00,0,0,0.00,0.00,0.00,0,0,0.00,0.00,0,0
1508120941,total,109830.00,115754.00,225584.00,115754,109830,83.00,85.00,168.00,85,83,0.00,0.00,0,0
1508120942,eth0,727.27,705.29,1432.57,706,728,7.99,5.99,13.99,6,8,0.00,0.00,0,0
1508120942,s2,0.00,0.00,0.00,0,0,0.00,0.00,0.00,0,0,0.00,0.00,0,0
1508120942,s2-eth2,3540.46,130197.80,133738.27,130328,3544,47.95,43.96,91.91,44,48,0.00,0.00,0,0
1508120942,s2-eth1,139526.48,2901.10,142427.58,2904,139666,48.95,43.96,92.91,44,49,0.00,0.00,0,0
1508120942,lo,681.32,681.32,1362.64,682,682,7.99,7.99,15.98,8,8,0.00,0.00,0,0
1508120942,total,144475.53,134485.52,278961.03,134620,144620,112.89,101.90,214.79,102,113,0.00,0.00,0,0
1508120943,eth0,304.00,490.00,794.00,490,304,4.00,4.00,8.00,4,4,0.00,0.00,0,0
1508120943,s2,0.00,0.00,0.00,0,0,0.00,0.00,0.00,0,0,0.00,0.00,0,0
1508120943,s2-eth2,3793.00,136252.00,140045.00,136252,3793,50.00,46.00,96.00,46,50,0.00,0.00,0,0
1508120943,s2-eth1,130516.00,2904.00,133420.00,2904,130516,46.00,44.00,90.00,44,46,0.00,0.00,0,0
1508120943,lo,682.00,682.00,1364.00,682,682,8.00,8.00,16.00,8,8,0.00,0.00,0,0
1508120943,total,135295.00,140328.00,275623.00,140328,135295,108.00,102.00,210.00,102,108,0.00,0.00,0,0
1508120944,eth0,152.00,245.00,397.00,245,152,2.00,2.00,4.00,2,2,0.00,0.00,0,0
1508120944,s2,0.00,0.00,0.00,0,0,0.00,0.00,0.00,0,0,0.00,0.00,0,0
1508120944,s2-eth2,4096.00,136252.00,140348.00,136252,4096,48.00,46.00,94.00,46,48,0.00,0.00,0,0
1508120944,s2-eth1,135069.00,2838.00,137907.00,2838,135069,55.00,43.00,98.00,43,55,0.00,0.00,0,0
1508120944,lo,513.00,513.00,1026.00,513,513,7.00,7.00,14.00,7,7,0.00,0.00,0,0
1508120944,total,139830.00,139848.00,279678.00,139848,139830,112.00,98.00,210.00,98,112,0.00,0.00,0,0
1508120945,eth0,151.85,244.76,396.60,245,152,2.00,2.00,4.00,2,2,0.00,0.00,0,0
1508120945,s2,0.00,0.00,0.00,0,0,0.00,0.00,0.00,0,0,0.00,0.00,0,0
1508120945,s2-eth2,4257.74,146967.03,151224.78,147114,4262,51.95,56.94,108.89,57,52,0.00,0.00,0,0
1508120945,s2-eth1,152268.73,3336.66,155605.41,3340,152421,60.94,47.95,108.89,48,61,0.00,0.00,0,0
1508120945,lo,340.66,340.66,681.32,341,341,4.00,4.00,7.99,4,4,0.00,0.00,0,0
1508120945,total,157018.98,150889.11,307908.09,151040,157176,118.88,110.89,229.77,111,119,0.00,0.00,0,0
1508120946,eth0,0.00,0.00,0.00,0,0,0.00,0.00,0.00,0,0,0.00,0.00,0,0
1508120946,s2,0.00,0.00,0.00,0,0,0.00,0.00,0.00,0,0,0.00,0.00,0,0
1508120946,s2-eth2,4001.00,138294.00,142295.00,138294,4001,58.00,55.00,113.00,55,58,0.00,0.00,0,0
1508120946,s2-eth1,119467.00,3894.00,123361.00,3894,119467,51.00,57.00,108.00,57,51,0.00,0.00,0,0
1508120946,lo,0.00,0.00,0.00,0,0,0.00,0.00,0.00,0,0,0.00,0.00,0,0
1508120946,total,123468.00,142188.00,265656.00,142188,123468,109.00,112.00,221.00,112,109,0.00,0.00,0,0
1508120947,eth0,60.00,240.00,300.00,240,60,1.00,4.00,5.00,4,1,0.00,0.00,0,0
1508120947,s2,0.00,0.00,0.00,0,0,0.00,0.00,0.00,0,0,0.00,0.00,0,0
1508120947,s2-eth2,3256.00,101104.00,104360.00,101104,3256,41.00,40.00,81.00,40,41,0.00,0.00,0,0
1508120947,s2-eth1,116288.00,2592.00,118880.00,2592,116288,47.00,38.00,85.00,38,47,0.00,0.00,0,0
1508120947,lo,0.00,0.00,0.00,0,0,0.00,0.00,0.00,0,0,0.00,0.00,0,0
1508120947,total,119604.00,103936.00,223540.00,103936,119604,89.00,82.00,171.00,82,89,0.00,0.00,0,0
1508120948,eth0,0.00,0.00,0.00,0,0,0.00,0.00,0.00,0,0,0.00,0.00,0,0
1508120948,s2,0.00,0.00,0.00,0,0,0.00,0.00,0.00,0,0,0.00,0.00,0,0
1508120948,s2-eth2,2643.36,100937.06,103580.42,101038,2646,38.96,38.96,77.92,39,39,0.00,0.00,0,0
1508120948,s2-eth1,89497.51,2643.36,92140.86,2646,89587,36.96,38.96,75.92,39,37,0.00,0.00,0,0
1508120948,lo,0.00,0.00,0.00,0,0,0.00,0.00,0.00,0,0,0.00,0.00,0,0
1508120948,total,92140.86,103580.42,195721.28,103684,92233,75.92,77.92,153.85,78,76,0.00,0.00,0,0
1508120949,eth0,0.00,210.00,210.00,210,0,0.00,2.00,2.00,2,0,0.00,0.00,0,0
1508120949,s2,0.00,0.00,0.00,0,0,0.00,0.00,0.00,0,0,0.00,0.00,0,0
1508120949,s2-eth2,2262.00,92020.00,94282.00,92020,2262,33.00,34.00,67.00,34,33,0.00,0.00,0,0
1508120949,s2-eth1,94982.00,2262.00,97244.00,2262,94982,35.00,33.00,68.00,33,35,0.00,0.00,0,0
1508120949,lo,172.00,172.00,344.00,172,172,3.00,3.00,6.00,3,3,0.00,0.00,0,0
1508120949,total,97416.00,94664.00,192080.00,94664,97416,71.00,72.00,143.00,72,71,0.00,0.00,0,0
1508120950,eth0,0.00,210.00,210.00,210,0,0.00,2.00,2.00,2,0,0.00,0.00,0,0
1508120950,s2,0.00,0.00,0.00,0,0,0.00,0.00,0.00,0,0,0.00,0.00,0,0
1508120950,s2-eth2,2351.00,106632.00,108983.00,106632,2351,35.00,36.00,71.00,36,35,0.00,0.00,0,0
1508120950,s2-eth1,100708.00,2244.00,102952.00,2244,100708,34.00,34.00,68.00,34,34,0.00,0.00,0,0
1508120950,lo,0.00,0.00,0.00,0,0,0.00,0.00,0.00,0,0,0.00,0.00,0,0
1508120950,total,103059.00,109086.00,212145.00,109086,103059,69.00,72.00,141.00,72,69,0.00,0.00,0,0
1508120951,eth0,0.00,0.00,0.00,0,0,0.00,0.00,0.00,0,0,0.00,0.00,0,0
1508120951,s2,0.00,0.00,0.00,0,0,0.00,0.00,0.00,0,0,0.00,0.00,0,0
1508120951,s2-eth2,2854.00,112556.00,115410.00,112556,2854,39.00,38.00,77.00,38,39,0.00,0.00,0,0
1508120951,s2-eth1,118929.00,2442.00,121371.00,2442,118929,42.00,37.00,79.00,37,42,0.00,0.00,0,0
1508120951,lo,0.00,0.00,0.00,0,0,0.00,0.00,0.00,0,0,0.00,0.00,0,0
1508120951,total,121783.00,114998.00,236781.00,114998,121783,81.00,75.00,156.00,75,81,0.00,0.00,0,0
1508120952,eth0,0.00,0.00,0.00,0,0,0.00,0.00,0.00,0,0,0.00,0.00,0,0
1508120952,s2,0.00,0.00,0.00,0,0,0.00,0.00,0.00,0,0,0.00,0.00,0,0
1508120952,s2-eth2,2640.00,118480.00,121120.00,118480,2640,40.00,40.00,80.00,40,40,0.00,0.00,0,0
1508120952,s2-eth1,112626.00,2640.00,115266.00,2640,112626,39.00,40.00,79.00,40,39,0.00,0.00,0,0
1508120952,lo,0.00,0.00,0.00,0,0,0.00,0.00,0.00,0,0,0.00,0.00,0,0
1508120952,total,115266.00,121120.00,236386.00,121120,115266,79.00,80.00,159.00,80,79,0.00,0.00,0,0
1508120953,eth0,0.00,210.00,210.00,210,0,0.00,2.00,2.00,2,0,0.00,0.00,0,0
1508120953,s2,0.00,0.00,0.00,0,0,0.00,0.00,0.00,0,0,0.00,0.00,0,0
1508120953,s2-eth2,2802.00,107028.00,109830.00,107028,2802,41.00,42.00,83.00,42,41,0.00,0.00,0,0
1508120953,s2-eth1,112952.00,2802.00,115754.00,2802,112952,44.00,41.00,85.00,41,44,0.00,0.00,0,0
1508120953,lo,0.00,0.00,0.00,0,0,0.00,0.00,0.00,0,0,0.00,0.00,0,0
1508120953,total,115754.00,110040.00,225794.00,110040,115754,85.00,85.00,170.00,85,85,0.00,0.00,0,0
1508120954,eth0,0.00,180.00,180.00,180,0,0.00,3.00,3.00,3,0,0.00,0.00,0,0
1508120954,s2,0.00,0.00,0.00,0,0,0.00,0.00,0.00,0,0,0.00,0.00,0,0
1508120954,s2-eth2,2796.00,111702.00,114498.00,111702,2796,40.00,47.00,87.00,47,40,0.00,0.00,0,0
1508120954,s2-eth1,90770.00,2796.00,93566.00,2796,90770,37.00,40.00,77.00,40,37,0.00,0.00,0,0
1508120954,lo,172.00,172.00,344.00,172,172,3.00,3.00,6.00,3,3,0.00,0.00,0,0
1508120954,total,93738.00,114850.00,208588.00,114850,93738,80.00,93.00,173.00,93,80,0.00,0.00,0,0
1508120955,eth0,0.00,0.00,0.00,0,0,0.00,0.00,0.00,0,0,0.00,0.00,0,0
1508120955,s2,0.00,0.00,0.00,0,0,0.00,0.00,0.00,0,0,0.00,0.00,0,0
1508120955,s2-eth2,1762.24,71082.92,72845.16,71154,1764,25.97,24.98,50.95,25,26,0.00,0.00,0,0
1508120955,s2-eth1,84563.44,1762.24,86325.68,1764,84648,31.97,25.97,57.94,26,32,0.00,0.00,0,0
1508120955,lo,0.00,0.00,0.00,0,0,0.00,0.00,0.00,0,0,0.00,0.00,0,0
1508120955,total,86325.68,72845.16,159170.83,72918,86412,57.94,50.95,108.89,51,58,0.00,0.00,0,0
1508120956,eth0,0.00,0.00,0.00,0,0,0.00,0.00,0.00,0,0,0.00,0.00,0,0
1508120956,s2,0.00,0.00,0.00,0,0,0.00,0.00,0.00,0,0,0.00,0.00,0,0
1508120956,s2-eth2,1838.16,65494.51,67332.67,65560,1840,25.97,27.97,53.95,28,26,0.00,0.00,0,0
1508120956,s2-eth1,47740.26,1838.16,49578.42,1840,47788,21.98,25.97,47.95,26,22,0.00,0.00,0,0
1508120956,lo,0.00,0.00,0.00,0,0,0.00,0.00,0.00,0,0,0.00,0.00,0,0
1508120956,total,49578.42,67332.67,116911.09,67400,49628,47.95,53.95,101.90,54,48,0.00,0.00,0,0
1508120957,eth0,0.00,0.00,0.00,0,0,0.00,0.00,0.00,0,0,0.00,0.00,0,0
1508120957,s2,0.00,0.00,0.00,0,0,0.00,0.00,0.00,0,0,0.00,0.00,0,0
1508120957,s2-eth2,1452.00,71088.00,72540.00,71088,1452,22.00,24.00,46.00,24,22,0.00,0.00,0,0
1508120957,s2-eth1,82936.00,1452.00,84388.00,1452,82936,28.00,22.00,50.00,22,28,0.00,0.00,0,0
1508120957,lo,0.00,0.00,0.00,0,0,0.00,0.00,0.00,0,0,0.00,0.00,0,0
1508120957,total,84388.00,72540.00,156928.00,72540,84388,50.00,46.00,96.00,46,50,0.00,0.00,0,0
1508120958,eth0,0.00,0.00,0.00,0,0,0.00,0.00,0.00,0,0,0.00,0.00,0,0
1508120958,s2,0.00,0.00,0.00,0,0,0.00,0.00,0.00,0,0,0.00,0.00,0,0
1508120958,s2-eth2,2021.00,91822.00,93843.00,91822,2021,30.00,31.00,61.00,31,30,0.00,0.00,0,0
1508120958,s2-eth1,79974.00,1914.00,81888.00,1914,79974,27.00,29.00,56.00,29,27,0.00,0.00,0,0
1508120958,lo,0.00,0.00,0.00,0,0,0.00,0.00,0.00,0,0,0.00,0.00,0,0
1508120958,total,81995.00,93736.00,175731.00,93736,81995,57.00,60.00,117.00,60,57,0.00,0.00,0,0
1508120959,eth0,0.00,0.00,0.00,0,0,0.00,0.00,0.00,0,0,0.00,0.00,0,0
1508120959,s2,0.00,0.00,0.00,0,0,0.00,0.00,0.00,0,0,0.00,0.00,0,0
1508120959,s2-eth2,2256.00,69546.00,71802.00,69546,2256,30.00,25.00,55.00,25,30,0.00,0.00,0,0
1508120959,s2-eth1,81501.00,1914.00,83415.00,1914,81501,30.00,29.00,59.00,29,30,0.00,0.00,0,0
1508120959,lo,172.00,172.00,344.00,172,172,3.00,3.00,6.00,3,3,0.00,0.00,0,0
1508120959,total,83929.00,71632.00,155561.00,71632,83929,63.00,57.00,120.00,57,63,0.00,0.00,0,0
1508120960,eth0,0.00,0.00,0.00,0,0,0.00,0.00,0.00,0,0,0.00,0.00,0,0
1508120960,s2,0.00,0.00,0.00,0,0,0.00,0.00,0.00,0,0,0.00,0.00,0,0
1508120960,s2-eth2,0.00,0.00,0.00,0,0,0.00,0.00,0.00,0,0,0.00,0.00,0,0
1508120960,s2-eth1,0.00,0.00,0.00,0,0,0.00,0.00,0.00,0,0,0.00,0.00,0,0
1508120960,lo,0.00,0.00,0.00,0,0,0.00,0.00,0.00,0,0,0.00,0.00,0,0
1508120960,total,0.00,0.00,0.00,0,0,0.00,0.00,0.00,0,0,0.00,0.00,0,0
1508120961,eth0,0.00,120.00,120.00,120,0,0.00,2.00,2.00,2,0,0.00,0.00,0,0
1508120961,s2,0.00,0.00,0.00,0,0,0.00,0.00,0.00,0,0,0.00,0.00,0,0
1508120961,s2-eth2,0.00,0.00,0.00,0,0,0.00,0.00,0.00,0,0,0.00,0.00,0,