1508120448,s1,0.00,0.00,0.00,0,0,0.00,0.00,0.00,0,0,0.00,0.00,0,0
1508120448,eth0,0.00,0.00,0.00,0,0,0.00,0.00,0.00,0,0,0.00,0.00,0,0
1508120448,s1-eth2,0.00,0.00,0.00,0,0,0.00,0.00,0.00,0,0,0.00,0.00,0,0
1508120448,s1-eth1,0.00,0.00,0.00,0,0,0.00,0.00,0.00,0,0,0.00,0.00,0,0
1508120448,lo,0.00,0.00,0.00,0,0,0.00,0.00,0.00,0,0,0.00,0.00,0,0
1508120448,total,0.00,0.00,0.00,0,0,0.00,0.00,0.00,0,0,0.00,0.00,0,0
1508120449,s1,250.00,180.00,430.00,180,250,3.00,2.00,5.00,2,3,0.00,0.00,0,0
1508120449,eth0,304.00,490.00,794.00,490,304,4.00,4.00,8.00,4,4,0.00,0.00,0,0
1508120449,s1-eth2,1435.00,436.00,1871.00,436,1435,13.00,6.00,19.00,6,13,0.00,0.00,0,0
1508120449,s1-eth1,2468.00,296.00,2764.00,296,2468,16.00,4.00,20.00,4,16,0.00,0.00,0,0
1508120449,lo,3890.00,3890.00,7780.00,3890,3890,38.00,38.00,76.00,38,38,0.00,0.00,0,0
1508120449,total,8347.00,5292.00,13639.00,5292,8347,74.00,54.00,128.00,54,74,0.00,0.00,0,0
1508120450,s1,0.00,0.00,0.00,0,0,0.00,0.00,0.00,0,0,0.00,0.00,0,0
1508120450,eth0,152.00,365.00,517.00,365,152,2.00,4.00,6.00,4,2,0.00,0.00,0,0
1508120450,s1-eth2,7332.00,239232.00,246564.00,239232,7332,90.00,92.00,182.00,92,90,0.00,0.00,0,0
1508120450,s1-eth1,221661.00,5666.00,227327.00,5666,221661,86.00,83.00,169.00,83,86,0.00,0.00,0,0
1508120450,lo,669.00,669.00,1338.00,669,669,7.00,7.00,14.00,7,7,0.00,0.00,0,0
1508120450,total,229814.00,245932.00,475746.00,245932,229814,185.00,186.00,371.00,186,185,0.00,0.00,0,0
1508120451,s1,0.00,0.00,0.00,0,0,0.00,0.00,0.00,0,0,0.00,0.00,0,0
1508120451,eth0,0.00,0.00,0.00,0,0,0.00,0.00,0.00,0,0,0.00,0.00,0,0
1508120451,s1-eth2,5868.13,248559.45,254427.58,248808,5874,81.92,83.92,165.83,84,82,0.00,0.00,0,0
1508120451,s1-eth1,242968.03,5274.73,248242.77,5280,243211,82.92,79.92,162.84,80,83,0.00,0.00,0,0
1508120451,lo,0.00,0.00,0.00,0,0,0.00,0.00,0.00,0,0,0.00,0.00,0,0
1508120451,total,248836.17,253834.17,502670.34,254088,249085,164.84,163.84,328.67,164,165,0.00,0.00,0,0
1508120452,s1,0.00,140.00,140.00,140,0,0.00,2.00,2.00,2,0,0.00,0.00,0,0
1508120452,eth0,0.00,0.00,0.00,0,0,0.00,0.00,0.00,0,0,0.00,0.00,0,0
1508120452,s1-eth2,6087.00,246444.00,252531.00,246444,6087,89.00,92.00,181.00,92,89,0.00,0.00,0,0
1508120452,s1-eth1,246888.00,5980.00,252868.00,5980,246888,95.00,88.00,183.00,88,95,0.00,0.00,0,0
1508120452,lo,536.00,536.00,1072.00,536,536,6.00,6.00,12.00,6,6,0.00,0.00,0,0
1508120452,total,253511.00,253100.00,506611.00,253100,253511,190.00,188.00,378.00,188,190,0.00,0.00,0,0
1508120453,s1,70.00,0.00,70.00,0,70,1.00,0.00,1.00,0,1,0.00,0.00,0,0
1508120453,eth0,0.00,1464.00,1464.00,1464,0,0.00,4.00,4.00,4,0,0.00,0.00,0,0
1508120453,s1-eth2,7584.00,251378.00,258962.00,251378,7584,103.00,101.00,204.00,101,103,0.00,0.00,0,0
1508120453,s1-eth1,244267.00,6850.00,251117.00,6850,244267,99.00,99.00,198.00,99,99,0.00,0.00,0,0
1508120453,lo,268.00,268.00,536.00,268,268,3.00,3.00,6.00,3,3,0.00,0.00,0,0
1508120453,total,252189.00,259960.00,512149.00,259960,252189,206.00,207.00,413.00,207,206,0.00,0.00,0,0
1508120454,s1,0.00,0.00,0.00,0,0,0.00,0.00,0.00,0,0,0.00,0.00,0,0
1508120454,eth0,0.00,0.00,0.00,0,0,0.00,0.00,0.00,0,0,0.00,0.00,0,0
1508120454,s1-eth2,5940.06,254741.27,260681.33,254996,5946,84.92,89.91,174.83,90,85,0.00,0.00,0,0
1508120454,s1-eth1,246205.80,5598.40,251804.20,5604,246452,87.91,83.92,171.83,84,88,0.00,0.00,0,0
1508120454,lo,0.00,0.00,0.00,0,0,0.00,0.00,0.00,0,0,0.00,0.00,0,0
1508120454,total,252145.86,260339.67,512485.53,260600,252398,172.83,173.83,346.65,174,173,0.00,0.00,0,0
1508120455,s1,0.00,0.00,0.00,0,0,0.00,0.00,0.00,0,0,0.00,0.00,0,0
1508120455,eth0,0.00,0.00,0.00,0,0,0.00,0.00,0.00,0,0,0.00,0.00,0,0
1508120455,s1-eth2,6078.00,255392.00,261470.00,255392,6078,89.00,96.00,185.00,96,89,0.00,0.00,0,0
1508120455,s1-eth1,243544.00,6078.00,249622.00,6078,243544,92.00,89.00,181.00,89,92,0.00,0.00,0,0
1508120455,lo,0.00,0.00,0.00,0,0,0.00,0.00,0.00,0,0,0.00,0.00,0,0
1508120455,total,249622.00,261470.00,511092.00,261470,249622,181.00,185.00,366.00,185,181,0.00,0.00,0,0
1508120456,s1,0.00,140.00,140.00,140,0,0.00,2.00,2.00,2,0,0.00,0.00,0,0
1508120456,eth0,60.00,232.00,292.00,232,60,1.00,3.00,4.00,3,1,0.00,0.00,0,0
1508120456,s1-eth2,5835.00,249076.00,254911.00,249076,5835,87.00,88.00,175.00,88,87,0.00,0.00,0,0
1508120456,s1-eth1,246291.00,5728.00,252019.00,5728,246291,89.00,86.00,175.00,86,89,0.00,0.00,0,0
1508120456,lo,536.00,536.00,1072.00,536,536,6.00,6.00,12.00,6,6,0.00,0.00,0,0
1508120456,total,252722.00,255712.00,508434.00,255712,252722,183.00,185.00,368.00,185,183,0.00,0.00,0,0
1508120457,s1,70.00,0.00,70.00,0,70,1.00,0.00,1.00,0,1,0.00,0.00,0,0
1508120457,eth0,0.00,180.00,180.00,180,0,0.00,3.00,3.00,3,0,0.00,0.00,0,0
1508120457,s1-eth2,6236.00,249402.00,255638.00,249402,6236,92.00,93.00,185.00,93,92,0.00,0.00,0,0
1508120457,s1-eth1,243548.00,6096.00,249644.00,6096,243548,92.00,90.00,182.00,90,92,0.00,0.00,0,0
1508120457,lo,268.00,268.00,536.00,268,268,3.00,3.00,6.00,3,3,0.00,0.00,0,0
1508120457,total,250122.00,255946.00,506068.00,255946,250122,188.00,189.00,377.00,189,188,0.00,0.00,0,0
1508120458,s1,0.00,0.00,0.00,0,0,0.00,0.00,0.00,0,0,0.00,0.00,0,0
1508120458,eth0,0.00,0.00,0.00,0,0,0.00,0.00,0.00,0,0,0.00,0.00,0,0
1508120458,s1-eth2,5730.00,249402.00,255132.00,249402,5730,85.00,93.00,178.00,93,85,0.00,0.00,0,0
1508120458,s1-eth1,244794.00,5796.00,250590.00,5796,244794,89.00,86.00,175.00,86,89,0.00,0.00,0,0
1508120458,lo,0.00,0.00,0.00,0,0,0.00,0.00,0.00,0,0,0.00,0.00,0,0
1508120458,total,250524.00,255198.00,505722.00,255198,250524,174.00,179.00,353.00,179,174,0.00,0.00,0,0
1508120459,s1,0.00,0.00,0.00,0,0,0.00,0.00,0.00,0,0,0.00,0.00,0,0
1508120459,eth0,0.00,0.00,0.00,0,0,0.00,0.00,0.00,0,0,0.00,0.00,0,0
1508120459,s1-eth2,6287.71,258029.98,264317.69,258288,6294,92.91,95.90,188.81,96,93,0.00,0.00,0,0
1508120459,s1-eth1,247838.17,6221.78,254059.95,6228,248086,94.91,91.91,186.81,92,95,0.00,0.00,0,0
1508120459,lo,0.00,0.00,0.00,0,0,0.00,0.00,0.00,0,0,0.00,0.00,0,0
1508120459,total,254125.88,264251.75,518377.62,264516,254380,187.81,187.81,375.62,188,188,0.00,0.00,0,0
1508120460,s1,0.00,0.00,0.00,0,0,0.00,0.00,0.00,0,0,0.00,0.00,0,0
1508120460,eth0,0.00,0.00,0.00,0,0,0.00,0.00,0.00,0,0,0.00,0.00,0,0
1508120460,s1-eth2,5448.00,248940.00,254388.00,248940,5448,82.00,86.00,168.00,86,82,0.00,0.00,0,0
1508120460,s1-eth1,243358.00,5526.00,248884.00,5526,243358,85.00,83.00,168.00,83,85,0.00,0.00,0,0
1508120460,lo,0.00,0.00,0.00,0,0,0.00,0.00,0.00,0,0,0.00,0.00,0,0
1508120460,total,248806.00,254466.00,503272.00,254466,248806,167.00,169.00,336.00,169,167,0.00,0.00,0,0
1508120461,s1,0.00,0.00,0.00,0,0,0.00,0.00,0.00,0,0,0.00,0.00,0,0
1508120461,eth0,0.00,0.00,0.00,0,0,0.00,0.00,0.00,0,0,0.00,0.00,0,0
1508120461,s1-eth2,6888.00,261976.00,268864.00,261976,6888,100.00,108.00,208.00,108,100,0.00,0.00,0,0
1508120461,s1-eth1,245652.00,6810.00,252462.00,6810,245652,102.00,99.00,201.00,99,102,0.00,0.00,0,0
1508120461,lo,172.00,172.00,344.00,172,172,3.00,3.00,6.00,3,3,0.00,0.00,0,0
1508120461,total,252712.00,268958.00,521670.00,268958,252712,205.00,210.00,415.00,210,205,0.00,0.00,0,0
1508120462,s1,0.00,0.00,0.00,0,0,0.00,0.00,0.00,0,0,0.00,0.00,0,0
1508120462,eth0,0.00,0.00,0.00,0,0,0.00,0.00,0.00,0,0,0.00,0.00,0,0
1508120462,s1-eth2,5448.00,254864.00,260312.00,254864,5448,82.00,88.00,170.00,88,82,0.00,0.00,0,0
1508120462,s1-eth1,244530.00,5448.00,249978.00,5448,244530,85.00,82.00,167.00,82,85,0.00,0.00,0,0
1508120462,lo,0.00,0.00,0.00,0,0,0.00,0.00,0.00,0,0,0.00,0.00,0,0
1508120462,total,249978.00,260312.00,510290.00,260312,249978,167.00,170.00,337.00,170,167,0.00,0.00,0,0
1508120463,s1,0.00,0.00,0.00,0,0,0.00,0.00,0.00,0,0,0.00,0.00,0,0
1508120463,eth0,0.00,0.00,0.00,0,0,0.00,0.00,0.00,0,0,0.00,0.00,0,0
1508120463,s1-eth2,5766.00,250916.00,256682.00,250916,5766,85.00,94.00,179.00,94,85,0.00,0.00,0,0
1508120463,s1-eth1,246547.00,5766.00,252313.00,5766,246547,93.00,85.00,178.00,85,93,0.00,0.00,0,0
1508120463,lo,0.00,0.00,0.00,0,0,0.00,0.00,0.00,0,0,0.00,0.00,0,0
1508120463,total,252313.00,256682.00,508995.00,256682,252313,178.00,179.00,357.00,179,178,0.00,0.00,0,0
1508120464,s1,0.00,0.00,0.00,0,0,0.00,0.00,0.00,0,0,0.00,0.00,0,0
1508120464,eth0,0.00,179.82,179.82,180,0,0.00,3.00,3.00,3,0,0.00,0.00,0,0
1508120464,s1-eth2,6118.88,257964.05,264082.94,258222,6125,89.91,94.91,184.82,95,90,0.00,0.00,0,0
1508120464,s1-eth1,246127.88,6011.99,252139.86,6018,246374,90.91,88.91,179.82,89,91,0.00,0.00,0,0
1508120464,lo,0.00,0.00,0.00,0,0,0.00,0.00,0.00,0,0,0.00,0.00,0,0
1508120464,total,252246.77,264155.84,516402.62,264420,252499,180.82,186.81,367.63,187,181,0.00,0.00,0,0
1508120465,s1,0.00,0.00,0.00,0,0,0.00,0.00,0.00,0,0,0.00,0.00,0,0
1508120465,eth0,0.00,0.00,0.00,0,0,0.00,0.00,0.00,0,0,0.00,0.00,0,0
1508120465,s1-eth2,6048.00,252100.00,258148.00,252100,6048,86.00,90.00,176.00,90,86,0.00,0.00,0,0
1508120465,s1-eth1,243214.00,5706.00,248920.00,5706,243214,87.00,85.00,172.00,85,87,0.00,0.00,0,0
1508120465,lo,0.00,0.00,0.00,0,0,0.00,0.00,0.00,0,0,0.00,0.00,0,0
1508120465,total,249262.00,257806.00,507068.00,257806,249262,173.00,175.00,348.00,175,173,0.00,0.00,0,0
1508120466,s1,0.00,0.00,0.00,0,0,0.00,0.00,0.00,0,0,0.00,0.00,0,0
1508120466,eth0,0.00,0.00,0.00,0,0,0.00,0.00,0.00,0,0,0.00,0.00,0,0
1508120466,s1-eth2,5226.00,205500.00,210726.00,205500,5226,75.00,86.00,161.00,86,75,0.00,0.00,0,0
1508120466,s1-eth1,193520.00,5226.00,198746.00,5226,193520,80.00,75.00,155.00,75,80,0.00,0.00,0,0
1508120466,lo,172.00,172.00,344.00,172,172,3.00,3.00,6.00,3,3,0.00,0.00,0,0
1508120466,total,198918.00,210898.00,409816.00,210898,198918,158.00,164.00,322.00,164,158,0.00,0.00,0,0
1508120467,s1,0.00,0.00,0.00,0,0,0.00,0.00,0.00,0,0,0.00,0.00,0,0
1508120467,eth0,0.00,60.00,60.00,60,0,0.00,1.00,1.00,1,0,0.00,0.00,0,0
1508120467,s1-eth2,5682.00,252034.00,257716.00,252034,5682,85.00,89.00,174.00,89,85,0.00,0.00,0,0
1508120467,s1-eth1,243148.00,5682.00,248830.00,5682,243148,86.00,85.00,171.00,85,86,0.00,0.00,0,0
1508120467,lo,0.00,0.00,0.00,0,0,0.00,0.00,0.00,0,0,0.00,0.00,0,0
1508120467,total,248830.00,257776.00,506606.00,257776,248830,171.00,175.00,346.00,175,171,0.00,0.00,0,0
1508120468,s1,0.00,0.00,0.00,0,0,0.00,0.00,0.00,0,0,0.00,0.00,0,0
1508120468,eth0,0.00,0.00,0.00,0,0,0.00,0.00,0.00,0,0,0.00,0.00,0,0
1508120468,s1-eth2,5634.37,248889.12,254523.48,249138,5640,83.92,88.91,172.83,89,84,0.00,0.00,0,0
1508120468,s1-eth1,245930.08,5634.37,251564.44,5640,246176,87.91,83.92,171.83,84,88,0.00,0.00,0,0
1508120468,lo,0.00,0.00,0.00,0,0,0.00,0.00,0.00,0,0,0.00,0.00,0,0
1508120468,total,251564.44,254523.48,506087.94,254778,251816,171.83,172.83,344.66,173,172,0.00,0.00,0,0
1508120469,s1,0.00,0.00,0.00,0,0,0.00,0.00,0.00,0,0,0.00,0.00,0,0
1508120469,eth0,0.00,0.00,0.00,0,0,0.00,0.00,0.00,0,0,0.00,0.00,0,0
1508120469,s1-eth2,5832.00,256774.00,262606.00,256774,5832,86.00,95.00,181.00,95,86,0.00,0.00,0,0
1508120469,s1-eth1,246374.00,5832.00,252206.00,5832,246374,91.00,86.00,177.00,86,91,0.00,0.00,0,0
1508120469,lo,0.00,0.00,0.00,0,0,0.00,0.00,0.00,0,0,0.00,0.00,0,0
1508120469,total,252206.00,262606.00,514812.00,262606,252206,177.00,181.00,358.00,181,177,0.00,0.00,0,0
1508120470,s1,0.00,0.00,0.00,0,0,0.00,0.00,0.00,0,0,0.00,0.00,0,0
1508120470,eth0,0.00,0.00,0.00,0,0,0.00,0.00,0.00,0,0,0.00,0.00,0,0
1508120470,s1-eth2,5592.00,252034.00,257626.00,252034,5592,84.00,89.00,173.00,89,84,0.00,0.00,0,0
1508120470,s1-eth1,243148.00,5592.00,248740.00,5592,243148,86.00,84.00,170.00,84,86,0.00,0.00,0,0
1508120470,lo,0.00,0.00,0.00,0,0,0.00,0.00,0.00,0,0,0.00,0.00,0,0
1508120470,total,248740.00,257626.00,506366.00,257626,248740,170.00,173.00,343.00,173,170,0.00,0.00,0,0
1508120471,s1,0.00,0.00,0.00,0,0,0.00,0.00,0.00,0,0,0.00,0.00,0,0
1508120471,eth0,0.00,120.00,120.00,120,0,0.00,2.00,2.00,2,0,0.00,0.00,0,0
1508120471,s1-eth2,5592.00,248940.00,254532.00,248940,5592,84.00,86.00,170.00,86,84,0.00,0.00,0,0
1508120471,s1-eth1,246320.00,5592.00,251912.00,5592,246320,86.00,84.00,170.00,84,86,0.00,0.00,0,0
1508120471,lo,172.00,172.00,344.00,172,172,3.00,3.00,6.00,3,3,0.00,0.00,0,0
1508120471,total,252084.00,254824.00,506908.00,254824,252084,173.00,175.00,348.00,175,173,0.00,0.00,0,0
1508120472,s1,0.00,0.00,0.00,0,0,0.00,0.00,0.00,0,0,0.00,0.00,0,0
1508120472,eth0,0.00,0.00,0.00,0,0,0.00,0.00,0.00,0,0,0.00,0.00,0,0
1508120472,s1-eth2,6006.00,249270.00,255276.00,249270,6006,89.00,91.00,180.00,91,89,0.00,0.00,0,0
1508120472,s1-eth1,243346.00,6006.00,249352.00,6006,243346,89.00,89.00,178.00,89,89,0.00,0.00,0,0
1508120472,lo,0.00,0.00,0.00,0,0,0.00,0.00,0.00,0,0,0.00,0.00,0,0
1508120472,total,249352.00,255276.00,504628.00,255276,249352,178.00,180.00,358.00,180,178,0.00,0.00,0,0
1508120473,s1,0.00,0.00,0.00,0,0,0.00,0.00,0.00,0,0,0.00,0.00,0,0
1508120473,eth0,0.00,0.00,0.00,0,0,0.00,0.00,0.00,0,0,0.00,0.00,0,0
1508120473,s1-eth2,5592.00,248940.00,254532.00,248940,5592,84.00,86.00,170.00,86,84,0.00,0.00,0,0
1508120473,s1-eth1,245978.00,5592.00,251570.00,5592,245978,85.00,84.00,169.00,84,85,0.00,0.00,0,0
1508120473,lo,0.00,0.00,0.00,0,0,0.00,0.00,0.00,0,0,0.00,0.00,0,0
1508120473,total,251570.00,254532.00,506102.00,254532,251570,169.00,170.00,339.00,170,169,0.00,0.00,0,0
1508120474,s1,0.00,0.00,0.00,0,0,0.00,0.00,0.00,0,0,0.00,0.00,0,0
1508120474,eth0,0.00,0.00,0.00,0,0,0.00,0.00,0.00,0,0,0.00,0.00,0,0
1508120474,s1-eth2,6018.00,249270.00,255288.00,249270,6018,89.00,91.00,180.00,91,89,0.00,0.00,0,0
1508120474,s1-eth1,246308.00,6018.00,252326.00,6018,246308,90.00,89.00,179.00,89,90,0.00,0.00,0,0
1508120474,lo,0.00,0.00,0.00,0,0,0.00,0.00,0.00,0,0,0.00,0.00,0,0
1508120474,total,252326.00,255288.00,507614.00,255288,252326,179.00,180.00,359.00,180,179,0.00,0.00,0,0
1508120475,s1,0.00,0.00,0.00,0,0,0.00,0.00,0.00,0,0,0.00,0.00,0,0
1508120475,eth0,0.00,0.00,0.00,0,0,0.00,0.00,0.00,0,0,0.00,0.00,0,0
1508120475,s1-eth2,6458.00,249666.00,256124.00,249666,6458,93.00,97.00,190.00,97,93,0.00,0.00,0,0
1508120475,s1-eth1,243676.00,6458.00,250134.00,6458,243676,94.00,93.00,187.00,93,94,0.00,0.00,0,0
1508120475,lo,0.00,0.00,0.00,0,0,0.00,0.00,0.00,0,0,0.00,0.00,0,0
1508120475,total,250134.00,256124.00,506258.00,256124,250134,187.00,190.00,377.00,190,187,0.00,0.00,0,0
1508120476,s1,0.00,0.00,0.00,0,0,0.00,0.00,0.00,0,0,0.00,0.00,0,0
1508120476,eth0,0.00,0.00,0.00,0,0,0.00,0.00,0.00,0,0,0.00,0.00,0,0
1508120476,s1-eth2,5214.00,251770.00,256984.00,251770,5214,79.00,85.00,164.00,85,79,0.00,0.00,0,0
1508120476,s1-eth1,245846.00,5214.00,251060.00,5214,245846,83.00,79.00,162.00,79,83,0.00,0.00,0,0
1508120476,lo,172.00,172.00,344.00,172,172,3.00,3.00,6.00,3,3,0.00,0.00,0,0
1508120476,total,251232.00,257156.00,508388.00,257156,251232,165.00,167.00,332.00,167,165,0.00,0.00,0,0
1508120477,s1,0.00,0.00,0.00,0,0,0.00,0.00,0.00,0,0,0.00,0.00,0,0
1508120477,eth0,0.00,0.00,0.00,0,0,0.00,0.00,0.00,0,0,0.00,0.00,0,0
1508120477,s1-eth2,6408.00,255590.00,261998.00,255590,6408,94.00,99.00,193.00,99,94,0.00,0.00,0,0
1508120477,s1-eth1,243742.00,6408.00,250150.00,6408,243742,95.00,94.00,189.00,94,95,0.00,0.00,0,0
1508120477,lo,0.00,0.00,0.00,0,0,0.00,0.00,0.00,0,0,0.00,0.00,0,0
1508120477,total,250150.00,261998.00,512148.00,261998,250150,189.00,193.00,382.00,193,189,0.00,0.00,0,0
1508120478,s1,0.00,0.00,0.00,0,0,0.00,0.00,0.00,0,0,0.00,0.00,0,0
1508120478,eth0,0.00,119.88,119.88,120,0,0.00,2.00,2.00,2,0,0.00,0.00,0,0
1508120478,s1-eth2,5844.16,250335.67,256179.83,250586,5850,82.92,88.91,171.83,89,83,0.00,0.00,0,0
1508120478,s1-eth1,245732.28,5502.50,251234.77,5508,245978,84.92,81.92,166.83,82,85,0.00,0.00,0,0
1508120478,lo,0.00,0.00,0.00,0,0,0.00,0.00,0.00,0,0,0.00,0.00,0,0
1508120478,total,251576.44,255958.05,507534.47,256214,251828,167.83,172.83,340.66,173,168,0.00,0.00,0,0
1508120479,s1,0.00,0.00,0.00,0,0,0.00,0.00,0.00,0,0,0.00,0.00,0,0
1508120479,eth0,0.00,0.00,0.00,0,0,0.00,0.00,0.00,0,0,0.00,0.00,0,0
1508120479,s1-eth2,5958.00,252208.00,258166.00,252208,5958,89.00,92.00,181.00,92,89,0.00,0.00,0,0
1508120479,s1-eth1,246416.00,5958.00,252374.00,5958,246416,92.00,89.00,181.00,89,92,0.00,0.00,0,0
1508120479,lo,296.00,296.00,592.00,296,296,3.00,3.00,6.00,3,3,0.00,0.00,0,0
1508120479,total,252670.00,258462.00,511132.00,258462,252670,184.00,184.00,368.00,184,184,0.00,0.00,0,0
1508120480,s1,0.00,0.00,0.00,0,0,0.00,0.00,0.00,0,0,0.00,0.00,0,0
1508120480,eth0,0.00,0.00,0.00,0,0,0.00,0.00,0.00,0,0,0.00,0.00,0,0
1508120480,s1-eth2,5363.64,247310.70,252674.33,247558,5369,79.92,86.91,166.83,87,80,0.00,0.00,0,0
1508120480,s1-eth1,242748.27,5256.74,248005.00,5262,242991,82.92,78.92,161.84,79,83,0.00,0.00,0,0
1508120480,lo,0.00,0.00,0.00,0,0,0.00,0.00,0.00,0,0,0.00,0.00,0,0
1508120480,total,248111.89,252567.44,500679.34,252820,248360,162.84,165.83,328.67,166,163,0.00,0.00,0,0
1508120481,s1,0.00,0.00,0.00,0,0,0.00,0.00,0.00,0,0,0.00,0.00,0,0
1508120481,eth0,0.00,0.00,0.00,0,0,0.00,0.00,0.00,0,0,0.00,0.00,0,0
1508120481,s1-eth2,6144.00,249402.00,255546.00,249402,6144,90.00,93.00,183.00,93,90,0.00,0.00,0,0
1508120481,s1-eth1,246638.00,6222.00,252860.00,6222,246638,95.00,91.00,186.00,91,95,0.00,0.00,0,0
1508120481,lo,0.00,0.00,0.00,0,0,0.00,0.00,0.00,0,0,0.00,0.00,0,0
1508120481,total,252782.00,255624.00,508406.00,255624,252782,185.00,184.00,369.00,184,185,0.00,0.00,0,0
1508120482,s1,0.00,0.00,0.00,0,0,0.00,0.00,0.00,0,0,0.00,0.00,0,0
1508120482,eth0,0.00,0.00,0.00,0,0,0.00,0.00,0.00,0,0,0.00,0.00,0,0
1508120482,s1-eth2,5916.00,255194.00,261110.00,255194,5916,88.00,93.00,181.00,93,88,0.00,0.00,0,0
1508120482,s1-eth1,246308.00,5838.00,252146.00,5838,246308,90.00,87.00,177.00,87,90,0.00,0.00,0,0
1508120482,lo,0.00,0.00,0.00,0,0,0.00,0.00,0.00,0,0,0.00,0.00,0,0
1508120482,total,252224.00,261032.00,513256.00,261032,252224,178.00,180.00,358.00,180,178,0.00,0.00,0,0
1508120483,s1,0.00,0.00,0.00,0,0,0.00,0.00,0.00,0,0,0.00,0.00,0,0
1508120483,eth0,0.00,1098.00,1098.00,1098,0,0.00,3.00,3.00,3,0,0.00,0.00,0,0
1508120483,s1-eth2,5538.00,253482.00,259020.00,253482,5538,83.00,89.00,172.00,89,83,0.00,0.00,0,0
1508120483,s1-eth1,243082.00,5538.00,248620.00,5538,243082,85.00,83.00,168.00,83,85,0.00,0.00,0,0
1508120483,lo,172.00,172.00,344.00,172,172,3.00,3.00,6.00,3,3,0.00,0.00,0,0
1508120483,total,248792.00,260290.00,509082.00,260290,248792,171.00,178.00,349.00,178,171,0.00,0.00,0,0
1508120484,s1,0.00,0.00,0.00,0,0,0.00,0.00,0.00,0,0,0.00,0.00,0,0
1508120484,eth0,0.00,0.00,0.00,0,0,0.00,0.00,0.00,0,0,0.00,0.00,0,0
1508120484,s1-eth2,6792.00,255920.00,262712.00,255920,6792,98.00,104.00,202.00,104,98,0.00,0.00,0,0
1508120484,s1-eth1,244072.00,6792.00,250864.00,6792,244072,100.00,98.00,198.00,98,100,0.00,0.00,0,0
1508120484,lo,0.00,0.00,0.00,0,0,0.00,0.00,0.00,0,0,0.00,0.00,0,0
1508120484,total,250864.00,262712.00,513576.00,262712,250864,198.00,202.00,400.00,202,198,0.00,0.00,0,0
1508120485,s1,0.00,0.00,0.00,0,0,0.00,0.00,0.00,0,0,0.00,0.00,0,0
1508120485,eth0,0.00,120.00,120.00,120,0,0.00,2.00,2.00,2,0,0.00,0.00,0,0
1508120485,s1-eth2,5820.00,258288.00,264108.00,258288,5820,86.00,96.00,182.00,96,86,0.00,0.00,0,0
1508120485,s1-eth1,244926.00,5820.00,250746.00,5820,244926,91.00,86.00,177.00,86,91,0.00,0.00,0,0
1508120485,lo,0.00,0.00,0.00,0,0,0.00,0.00,0.00,0,0,0.00,0.00,0,0
1508120485,total,250746.00,264228.00,514974.00,264228,250746,177.00,184.00,361.00,184,177,0.00,0.00,0,0
1508120486,s1,0.00,0.00,0.00,0,0,0.00,0.00,0.00,0,0,0.00,0.00,0,0
1508120486,eth0,0.00,172.00,172.00,172,0,0.00,2.00,2.00,2,0,0.00,0.00,0,0
1508120486,s1-eth2,5886.00,255194.00,261080.00,255194,5886,87.00,93.00,180.00,93,87,0.00,0.00,0,0
1508120486,s1-eth1,244860.00,5886.00,250746.00,5886,244860,90.00,87.00,177.00,87,90,0.00,0.00,0,0
1508120486,lo,0.00,0.00,0.00,0,0,0.00,0.00,0.00,0,0,0.00,0.00,0,0
1508120486,total,250746.00,261252.00,511998.00,261252,250746,177.00,182.00,359.00,182,177,0.00,0.00,0,0
1508120487,s1,0.00,0.00,0.00,0,0,0.00,0.00,0.00,0,0,0.00,0.00,0,0
1508120487,eth0,0.00,0.00,0.00,0,0,0.00,0.00,0.00,0,0,0.00,0.00,0,0
1508120487,s1-eth2,6224.00,249336.00,255560.00,249336,6224,88.00,92.00,180.00,92,88,0.00,0.00,0,0
1508120487,s1-eth1,243412.00,5948.00,249360.00,5948,243412,90.00,88.00,178.00,88,90,0.00,0.00,0,0
1508120487,lo,0.00,0.00,0.00,0,0,0.00,0.00,0.00,0,0,0.00,0.00,0,0
1508120487,total,249636.00,255284.00,504920.00,255284,249636,178.00,180.00,358.00,180,178,0.00,0.00,0,0
1508120488,s1,0.00,0.00,0.00,0,0,0.00,0.00,0.00,0,0,0.00,0.00,0,0
1508120488,eth0,0.00,0.00,0.00,0,0,0.00,0.00,0.00,0,0,0.00,0.00,0,0
1508120488,s1-eth2,5532.47,254741.27,260273.73,254996,5538,82.92,89.91,172.83,90,83,0.00,0.00,0,0
1508120488,s1-eth1,246205.80,5466.53,251672.33,5472,246452,87.91,81.92,169.83,82,88,0.00,0.00,0,0
1508120488,lo,171.83,171.83,343.66,172,172,3.00,3.00,5.99,3,3,0.00,0.00,0,0
1508120488,total,251910.09,260379.62,512289.72,260640,252162,173.83,174.83,348.65,175,174,0.00,0.00,0,0
1508120489,s1,0.00,0.00,0.00,0,0,0.00,0.00,0.00,0,0,0.00,0.00,0,0
1508120489,eth0,0.00,0.00,0.00,0,0,0.00,0.00,0.00,0,0,0.00,0.00,0,0
1508120489,s1-eth2,5942.00,251048.00,256990.00,251048,5942,87.00,96.00,183.00,96,87,0.00,0.00,0,0
1508120489,s1-eth1,243478.00,5942.00,249420.00,5942,243478,91.00,87.00,178.00,87,91,0.00,0.00,0,0
1508120489,lo,0.00,0.00,0.00,0,0,0.00,0.00,0.00,0,0,0.00,0.00,0,0
1508120489,total,249420.00,256990.00,506410.00,256990,249420,178.00,183.00,361.00,183,178,0.00,0.00,0,0
1508120490,s1,0.00,0.00,0.00,0,0,0.00,0.00,0.00,0,0,0.00,0.00,0,0
1508120490,eth0,0.00,0.00,0.00,0,0,0.00,0.00,0.00,0,0,0.00,0.00,0,0
1508120490,s1-eth2,6192.00,252298.00,258490.00,252298,6192,92.00,93.00,185.00,93,92,0.00,0.00,0,0
1508120490,s1-eth1,246506.00,6192.00,252698.00,6192,246506,93.00,92.00,185.00,92,93,0.00,0.00,0,0
1508120490,lo,0.00,0.00,0.00,0,0,0.00,0.00,0.00,0,0,0.00,0.00,0,0
1508120490,total,252698.00,258490.00,511188.00,258490,252698,185.00,185.00,370.00,185,185,0.00,0.00,0,0
1508120491,s1,0.00,0.00,0.00,0,0,0.00,0.00,0.00,0,0,0.00,0.00,0,0
1508120491,eth0,0.00,0.00,0.00,0,0,0.00,0.00,0.00,0,0,0.00,0.00,0,0
1508120491,s1-eth2,5868.13,252111.89,257980.03,252364,5874,86.91,93.91,180.82,94,87,0.00,0.00,0,0
1508120491,s1-eth1,244549.45,5934.07,250483.52,5940,244794,88.91,87.91,176.82,88,89,0.00,0.00,0,0
1508120491,lo,0.00,0.00,0.00,0,0,0.00,0.00,0.00,0,0,0.00,0.00,0,0
1508120491,total,250417.59,258045.97,508463.56,258304,250668,175.82,181.82,357.64,182,176,0.00,0.00,0,0
1508120492,s1,0.00,0.00,0.00,0,0,0.00,0.00,0.00,0,0,0.00,0.00,0,0
1508120492,eth0,0.00,180.00,180.00,180,0,0.00,3.00,3.00,3,0,0.00,0.00,0,0
1508120492,s1-eth2,6336.00,252298.00,258634.00,252298,6336,94.00,93.00,187.00,93,94,0.00,0.00,0,0
1508120492,s1-eth1,245058.00,6270.00,251328.00,6270,245058,93.00,93.00,186.00,93,93,0.00,0.00,0,0
1508120492,lo,0.00,0.00,0.00,0,0,0.00,0.00,0.00,0,0,0.00,0.00,0,0
1508120492,total,251394.00,258748.00,510142.00,258748,251394,187.00,189.00,376.00,189,187,0.00,0.00,0,0
1508120493,s1,0.00,0.00,0.00,0,0,0.00,0.00,0.00,0,0,0.00,0.00,0,0
1508120493,eth0,0.00,0.00,0.00,0,0,0.00,0.00,0.00,0,0,0.00,0.00,0,0
1508120493,s1-eth2,5526.00,251902.00,257428.00,251902,5526,83.00,87.00,170.00,87,83,0.00,0.00,0,0
1508120493,s1-eth1,245978.00,5526.00,251504.00,5526,245978,85.00,83.00,168.00,83,85,0.00,0.00,0,0
1508120493,lo,172.00,172.00,344.00,172,172,3.00,3.00,6.00,3,3,0.00,0.00,0,0
1508120493,total,251676.00,257600.00,509276.00,257600,251676,171.00,173.00,344.00,173,171,0.00,0.00,0,0
1508120494,s1,0.00,0.00,0.00,0,0,0.00,0.00,0.00,0,0,0.00,0.00,0,0
1508120494,eth0,0.00,0.00,0.00,0,0,0.00,0.00,0.00,0,0,0.00,0.00,0,0
1508120494,s1-eth2,5700.00,253680.00,259380.00,253680,5700,84.00,92.00,176.00,92,84,0.00,0.00,0,0
1508120494,s1-eth1,243214.00,5700.00,248914.00,5700,243214,87.00,84.00,171.00,84,87,0.00,0.00,0,0
1508120494,lo,0.00,0.00,0.00,0,0,0.00,0.00,0.00,0,0,0.00,0.00,0,0
1508120494,total,248914.00,259380.00,508294.00,259380,248914,171.00,176.00,347.00,176,171,0.00,0.00,0,0
1508120495,s1,0.00,0.00,0.00,0,0,0.00,0.00,0.00,0,0,0.00,0.00,0,0
1508120495,eth0,728.00,706.00,1434.00,706,728,8.00,6.00,14.00,6,8,0.00,0.00,0,0
1508120495,s1-eth2,6002.00,251968.00,257970.00,251968,6002,85.00,88.00,173.00,88,85,0.00,0.00,0,0
1508120495,s1-eth1,246640.00,5550.00,252190.00,5550,246640,90.00,83.00,173.00,83,90,0.00,0.00,0,0
1508120495,lo,682.00,682.00,1364.00,682,682,8.00,8.00,16.00,8,8,0.00,0.00,0,0
1508120495,total,254052.00,258906.00,512958.00,258906,254052,191.00,185.00,376.00,185,191,0.00,0.00,0,0
1508120496,s1,0.00,0.00,0.00,0,0,0.00,0.00,0.00,0,0,0.00,0.00,0,0
1508120496,eth0,304.00,490.00,794.00,490,304,4.00,4.00,8.00,4,4,0.00,0.00,0,0
1508120496,s1-eth2,6230.00,247954.00,254184.00,247954,6230,91.00,93.00,184.00,93,91,0.00,0.00,0,0
1508120496,s1-eth1,243838.00,6042.00,249880.00,6042,243838,95.00,89.00,184.00,89,95,0.00,0.00,0,0
1508120496,lo,682.00,682.00,1364.00,682,682,8.00,8.00,16.00,8,8,0.00,0.00,0,0
1508120496,total,251054.00,255168.00,506222.00,255168,251054,198.00,194.00,392.00,194,198,0.00,0.00,0,0
1508120497,s1,0.00,0.00,0.00,0,0,0.00,0.00,0.00,0,0,0.00,0.00,0,0
1508120497,eth0,152.00,245.00,397.00,245,152,2.00,2.00,4.00,2,2,0.00,0.00,0,0
1508120497,s1-eth2,8367.00,257236.00,265603.00,257236,8367,106.00,102.00,208.00,102,106,0.00,0.00,0,0
1508120497,s1-eth1,245730.00,6588.00,252318.00,6588,245730,105.00,96.00,201.00,96,105,0.00,0.00,0,0
1508120497,lo,341.00,341.00,682.00,341,341,4.00,4.00,8.00,4,4,0.00,0.00,0,0
1508120497,total,254590.00,264410.00,519000.00,264410,254590,217.00,204.00,421.00,204,217,0.00,0.00,0,0
1508120498,s1,0.00,0.00,0.00,0,0,0.00,0.00,0.00,0,0,0.00,0.00,0,0
1508120498,eth0,151.85,244.76,396.60,245,152,2.00,2.00,4.00,2,2,0.00,0.00,0,0
1508120498,s1-eth2,6350.65,248757.25,255107.91,249006,6357,84.92,86.91,171.83,87,85,0.00,0.00,0,0
1508120498,s1-eth1,246760.25,5388.61,252148.86,5394,247007,89.91,80.92,170.83,81,90,0.00,0.00,0,0
1508120498,lo,512.49,512.49,1024.98,513,513,6.99,6.99,13.99,7,7,0.00,0.00,0,0
1508120498,total,253775.23,254903.11,508678.34,255158,254029,183.82,176.82,360.64,177,184,0.00,0.00,0,0
1508120499,s1,0.00,0.00,0.00,0,0,0.00,0.00,0.00,0,0,0.00,0.00,0,0
1508120499,eth0,0.00,120.00,120.00,120,0,0.00,2.00,2.00,2,0,0.00,0.00,0,0
1508120499,s1-eth2,6423.00,255326.00,261749.00,255326,6423,91.00,95.00,186.00,95,91,0.00,0.00,0,0
1508120499,s1-eth1,243478.00,6096.00,249574.00,6096,243478,91.00,90.00,181.00,90,91,0.00,0.00,0,0
1508120499,lo,0.00,0.00,0.00,0,0,0.00,0.00,0.00,0,0,0.00,0.00,0,0
1508120499,total,249901.00,261542.00,511443.00,261542,249901,182.00,187.00,369.00,187,182,0.00,0.00,0,0
1508120500,s1,0.00,0.00,0.00,0,0,0.00,0.00,0.00,0,0,0.00,0.00,0,0
1508120500,eth0,59.94,59.94,119.88,60,60,1.00,1.00,2.00,1,1,0.00,0.00,0,0
1508120500,s1-eth2,5942.06,251848.16,257790.22,252100,5948,84.92,89.91,174.83,90,85,0.00,0.00,0,0
1508120500,s1-eth1,246373.64,5568.43,251942.06,5574,246620,90.91,82.92,173.83,83,91,0.00,0.00,0,0
1508120500,lo,0.00,0.00,0.00,0,0,0.00,0.00,0.00,0,0,0.00,0.00,0,0
1508120500,total,252375.62,257476.53,509852.16,257734,252628,176.82,173.83,350.65,174,177,0.00,0.00,0,0
1508120501,s1,0.00,0.00,0.00,0,0,0.00,0.00,0.00,0,0,0.00,0.00,0,0
1508120501,eth0,0.00,0.00,0.00,0,0,0.00,0.00,0.00,0,0,0.00,0.00,0,0
1508120501,s1-eth2,6091.00,252034.00,258125.00,252034,6091,87.00,89.00,176.00,89,87,0.00,0.00,0,0
1508120501,s1-eth1,243475.00,5694.00,249169.00,5694,243475,87.00,85.00,172.00,85,87,0.00,0.00,0,0
1508120501,lo,0.00,0.00,0.00,0,0,0.00,0.00,0.00,0,0,0.00,0.00,0,0
1508120501,total,249566.00,257728.00,507294.00,257728,249566,174.00,174.00,348.00,174,174,0.00,0.00,0,0
1508120502,s1,0.00,0.00,0.00,0,0,0.00,0.00,0.00,0,0,0.00,0.00,0,0
1508120502,eth0,0.00,0.00,0.00,0,0,0.00,0.00,0.00,0,0,0.00,0.00,0,0
1508120502,s1-eth2,6096.00,249270.00,255366.00,249270,6096,86.00,91.00,177.00,91,86,0.00,0.00,0,0
1508120502,s1-eth1,246308.00,5754.00,252062.00,5754,246308,90.00,85.00,175.00,85,90,0.00,0.00,0,0
1508120502,lo,0.00,0.00,0.00,0,0,0.00,0.00,0.00,0,0,0.00,0.00,0,0
1508120502,total,252404.00,255024.00,507428.00,255024,252404,176.00,176.00,352.00,176,176,0.00,0.00,0,0
1508120503,s1,0.00,0.00,0.00,0,0,0.00,0.00,0.00,0,0,0.00,0.00,0,0
1508120503,eth0,0.00,0.00,0.00,0,0,0.00,0.00,0.00,0,0,0.00,0.00,0,0
1508120503,s1-eth2,5604.00,252034.00,257638.00,252034,5604,84.00,89.00,173.00,89,84,0.00,0.00,0,0
1508120503,s1-eth1,243490.00,5604.00,249094.00,5604,243490,87.00,84.00,171.00,84,87,0.00,0.00,0,0
1508120503,lo,172.00,172.00,344.00,172,172,3.00,3.00,6.00,3,3,0.00,0.00,0,0
1508120503,total,249266.00,257810.00,507076.00,257810,249266,174.00,176.00,350.00,176,174,0.00,0.00,0,0
1508120504,s1,0.00,0.00,0.00,0,0,0.00,0.00,0.00,0,0,0.00,0.00,0,0
1508120504,eth0,0.00,0.00,0.00,0,0,0.00,0.00,0.00,0,0,0.00,0.00,0,0
1508120504,s1-eth2,6257.00,249666.00,255923.00,249666,6257,90.00,97.00,187.00,97,90,0.00,0.00,0,0
1508120504,s1-eth1,246815.00,6150.00,252965.00,6150,246815,97.00,89.00,186.00,89,97,0.00,0.00,0,0
1508120504,lo,0.00,0.00,0.00,0,0,0.00,0.00,0.00,0,0,0.00,0.00,0,0
1508120504,total,253072.00,255816.00,508888.00,255816,253072,187.00,186.00,373.00,186,187,0.00,0.00,0,0
1508120505,s1,0.00,0.00,0.00,0,0,0.00,0.00,0.00,0,0,0.00,0.00,0,0
1508120505,eth0,0.00,0.00,0.00,0,0,0.00,0.00,0.00,0,0,0.00,0.00,0,0
1508120505,s1-eth2,5958.00,237818.00,243776.00,237818,5958,87.00,93.00,180.00,93,87,0.00,0.00,0,0
1508120505,s1-eth1,225970.00,5888.00,231858.00,5888,225970,89.00,86.00,175.00,86,89,0.00,0.00,0,0
1508120505,lo,0.00,0.00,0.00,0,0,0.00,0.00,0.00,0,0,0.00,0.00,0,0
1508120505,total,231928.00,243706.00,475634.00,243706,231928,176.00,179.00,355.00,179,176,0.00,0.00,0,0
1508120506,s1,0.00,0.00,0.00,0,0,0.00,0.00,0.00,0,0,0.00,0.00,0,0
1508120506,eth0,0.00,0.00,0.00,0,0,0.00,0.00,0.00,0,0,0.00,0.00,0,0
1508120506,s1-eth2,4944.00,220966.00,225910.00,220966,4944,74.00,79.00,153.00,79,74,0.00,0.00,0,0
1508120506,s1-eth1,212080.00,4944.00,217024.00,4944,212080,76.00,74.00,150.00,74,76,0.00,0.00,0,0
1508120506,lo,0.00,0.00,0.00,0,0,0.00,0.00,0.00,0,0,0.00,0.00,0,0
1508120506,total,217024.00,225910.00,442934.00,225910,217024,150.00,153.00,303.00,153,150,0.00,0.00,0,0
1508120507,s1,0.00,0.00,0.00,0,0,0.00,0.00,0.00,0,0,0.00,0.00,0,0
1508120507,eth0,0.00,119.88,119.88,120,0,0.00,2.00,2.00,2,0,0.00,0.00,0,0
1508120507,s1-eth2,5406.59,251518.48,256925.08,251770,5412,81.92,84.92,166.83,85,82,0.00,0.00,0,0
1508120507,s1-eth1,242641.36,5406.59,248047.95,5412,242884,81.92,81.92,163.84,82,82,0.00,0.00,0,0
1508120507,lo,0.00,0.00,0.00,0,0,0.00,0.00,0.00,0,0,0.00,0.00,0,0
1508120507,total,248047.95,257044.97,505092.91,257302,248296,163.84,168.83,332.67,169,164,0.00,0.00,0,0
1508120508,s1,0.00,0.00,0.00,0,0,0.00,0.00,0.00,0,0,0.00,0.00,0,0
1508120508,eth0,0.00,0.00,0.00,0,0,0.00,0.00,0.00,0,0,0.00,0.00,0,0
1508120508,s1-eth2,6426.00,246614.00,253040.00,246614,6426,95.00,95.00,190.00,95,95,0.00,0.00,0,0
1508120508,s1-eth1,246614.00,6426.00,253040.00,6426,246614,95.00,95.00,190.00,95,95,0.00,0.00,0,0
1508120508,lo,172.00,172.00,344.00,172,172,3.00,3.00,6.00,3,3,0.00,0.00,0,0
1508120508,total,253212.00,253212.00,506424.00,253212,253212,193.00,193.00,386.00,193,193,0.00,0.00,0,0
1508120509,s1,0.00,0.00,0.00,0,0,0.00,0.00,0.00,0,0,0.00,0.00,0,0
1508120509,eth0,0.00,0.00,0.00,0,0,0.00,0.00,0.00,0,0,0.00,0.00,0,0
1508120509,s1-eth2,5526.00,251902.00,257428.00,251902,5526,83.00,87.00,170.00,87,83,0.00,0.00,0,0
1508120509,s1-eth1,245978.00,5526.00,251504.00,5526,245978,85.00,83.00,168.00,83,85,0.00,0.00,0,0
1508120509,lo,0.00,0.00,0.00,0,0,0.00,0.00,0.00,0,0,0.00,0.00,0,0
1508120509,total,251504.00,257428.00,508932.00,257428,251504,168.00,170.00,338.00,170,168,0.00,0.00,0,0
1508120510,s1,0.00,0.00,0.00,0,0,0.00,0.00,0.00,0,0,0.00,0.00,0,0
1508120510,eth0,0.00,0.00,0.00,0,0,0.00,0.00,0.00,0,0,0.00,0.00,0,0
1508120510,s1-eth2,5880.12,249020.98,254901.11,249270,5886,86.91,90.91,177.82,91,87,0.00,0.00,0,0
1508120510,s1-eth1,243444.56,5880.12,249324.69,5886,243688,89.91,86.91,176.82,87,90,0.00,0.00,0,0
1508120510,lo,0.00,0.00,0.00,0,0,0.00,0.00,0.00,0,0,0.00,0.00,0,0
1508120510,total,249324.69,254901.11,504225.78,255156,249574,176.82,177.82,354.65,178,177,0.00,0.00,0,0
1508120511,s1,0.00,0.00,0.00,0,0,0.00,0.00,0.00,0,0,0.00,0.00,0,0
1508120511,eth0,0.00,0.00,0.00,0,0,0.00,0.00,0.00,0,0,0.00,0.00,0,0
1508120511,s1-eth2,2520.00,87032.00,89552.00,87032,2520,34.00,32.00,66.00,32,34,0.00,0.00,0,0
1508120511,s1-eth1,98880.00,2178.00,101058.00,2178,98880,36.00,33.00,69.00,33,36,0.00,0.00,0,0
1508120511,lo,0.00,0.00,0.00,0,0,0.00,0.00,0.00,0,0,0.00,0.00,0,0
1508120511,total,101400.00,89210.00,190610.00,89210,101400,70.00,65.00,135.00,65,70,0.00,0.00,0,0
1508120512,s1,0.00,0.00,0.00,0,0,0.00,0.00,0.00,0,0,0.00,0.00,0,0
1508120512,eth0,0.00,0.00,0.00,0,0,0.00,0.00,0.00,0,0,0.00,0.00,0,0
1508120512,s1-eth2,107.00,0.00,107.00,0,107,1.00,0.00,1.00,0,1,0.00,0.00,0,0
1508120512,s1-eth1,107.00,0.00,107.00,0,107,1.00,0.00,1.00,0,1,0.00,0.00,0,0
1508120512,lo,0.00,0.00,0.00,0,0,0.00,0.00,0.00,0,0,0.00,0.00,0,0
1508120512,total,214.00,0.00,214.00,0,214,2.00,0.00,2.00,0,2,0.00,0.00,0,0
1508120513,s1,0.00,0.00,0.00,0,0,0.00,0.00,0.00,0,0,0.0