1508120159,s1,0.00,0.00,0.00,0,0,0.00,0.00,0.00,0,0,0.00,0.00,0,0
1508120159,eth0,0.00,0.00,0.00,0,0,0.00,0.00,0.00,0,0,0.00,0.00,0,0
1508120159,s2,0.00,0.00,0.00,0,0,0.00,0.00,0.00,0,0,0.00,0.00,0,0
1508120159,s1-eth2,0.00,0.00,0.00,0,0,0.00,0.00,0.00,0,0,0.00,0.00,0,0
1508120159,s1-eth1,0.00,0.00,0.00,0,0,0.00,0.00,0.00,0,0,0.00,0.00,0,0
1508120159,s2-eth2,0.00,0.00,0.00,0,0,0.00,0.00,0.00,0,0,0.00,0.00,0,0
1508120159,s2-eth1,0.00,0.00,0.00,0,0,0.00,0.00,0.00,0,0,0.00,0.00,0,0
1508120159,lo,0.00,0.00,0.00,0,0,0.00,0.00,0.00,0,0,0.00,0.00,0,0
1508120159,total,0.00,0.00,0.00,0,0,0.00,0.00,0.00,0,0,0.00,0.00,0,0
1508120160,s1,160.00,500.00,660.00,500,160,2.00,6.00,8.00,6,2,0.00,0.00,0,0
1508120160,eth0,456.00,945.00,1401.00,945,456,6.00,8.00,14.00,8,6,0.00,0.00,0,0
1508120160,s2,250.00,320.00,570.00,320,250,3.00,4.00,7.00,4,3,0.00,0.00,0,0
1508120160,s1-eth2,12578.00,245518.00,258096.00,245518,12578,145.00,165.00,310.00,165,145,0.00,0.00,0,0
1508120160,s1-eth1,249298.00,11258.00,260556.00,11258,249298,179.00,139.00,318.00,139,179,0.00,0.00,0,0
1508120160,s2-eth2,1409.00,160.00,1569.00,160,1409,12.00,2.00,14.00,2,12,0.00,0.00,0,0
1508120160,s2-eth1,1644.00,160.00,1804.00,160,1644,10.00,2.00,12.00,2,10,0.00,0.00,0,0
1508120160,lo,5223.00,5223.00,10446.00,5223,5223,57.00,57.00,114.00,57,57,0.00,0.00,0,0
1508120160,total,271018.00,264084.00,535102.00,264084,271018,414.00,383.00,797.00,383,414,0.00,0.00,0,0
1508120161,s1,90.00,0.00,90.00,0,90,1.00,0.00,1.00,0,1,0.00,0.00,0,0
1508120161,eth0,152.00,425.00,577.00,425,152,2.00,5.00,7.00,5,2,0.00,0.00,0,0
1508120161,s2,0.00,180.00,180.00,180,0,0.00,2.00,2.00,2,0,0.00,0.00,0,0
1508120161,s1-eth2,8528.00,252838.00,261366.00,252838,8528,103.00,167.00,270.00,167,103,0.00,0.00,0,0
1508120161,s1-eth1,250194.00,7582.00,257776.00,7582,250194,168.00,99.00,267.00,99,168,0.00,0.00,0,0
1508120161,s2-eth2,1304.00,90.00,1394.00,90,1304,6.00,1.00,7.00,1,6,0.00,0.00,0,0
1508120161,s2-eth1,946.00,90.00,1036.00,90,946,4.00,1.00,5.00,1,4,0.00,0.00,0,0
1508120161,lo,1205.00,1205.00,2410.00,1205,1205,13.00,13.00,26.00,13,13,0.00,0.00,0,0
1508120161,total,262419.00,262410.00,524829.00,262410,262419,297.00,288.00,585.00,288,297,0.00,0.00,0,0
1508120162,s1,0.00,0.00,0.00,0,0,0.00,0.00,0.00,0,0,0.00,0.00,0,0
1508120162,eth0,0.00,0.00,0.00,0,0,0.00,0.00,0.00,0,0,0.00,0.00,0,0
1508120162,s2,0.00,0.00,0.00,0,0,0.00,0.00,0.00,0,0,0.00,0.00,0,0
1508120162,s1-eth2,11155.00,257380.00,268535.00,257380,11155,139.00,170.00,309.00,170,139,0.00,0.00,0,0
1508120162,s1-eth1,250479.00,10974.00,261453.00,10974,250479,167.00,137.00,304.00,137,167,0.00,0.00,0,0
1508120162,s2-eth2,856.00,0.00,856.00,0,856,3.00,0.00,3.00,0,3,0.00,0.00,0,0
1508120162,s2-eth1,107.00,0.00,107.00,0,107,1.00,0.00,1.00,0,1,0.00,0.00,0,0
1508120162,lo,0.00,0.00,0.00,0,0,0.00,0.00,0.00,0,0,0.00,0.00,0,0
1508120162,total,262597.00,268354.00,530951.00,268354,262597,310.00,307.00,617.00,307,310,0.00,0.00,0,0
1508120163,s1,0.00,0.00,0.00,0,0,0.00,0.00,0.00,0,0,0.00,0.00,0,0
1508120163,eth0,0.00,0.00,0.00,0,0,0.00,0.00,0.00,0,0,0.00,0.00,0,0
1508120163,s2,0.00,0.00,0.00,0,0,0.00,0.00,0.00,0,0,0.00,0.00,0,0
1508120163,s1-eth2,9006.00,255866.00,264872.00,255866,9006,112.00,169.00,281.00,169,112,0.00,0.00,0,0
1508120163,s1-eth1,250184.00,8342.00,258526.00,8342,250184,167.00,109.00,276.00,109,167,0.00,0.00,0,0
1508120163,s2-eth2,107.00,0.00,107.00,0,107,1.00,0.00,1.00,0,1,0.00,0.00,0,0
1508120163,s2-eth1,664.00,0.00,664.00,0,664,3.00,0.00,3.00,0,3,0.00,0.00,0,0
1508120163,lo,0.00,0.00,0.00,0,0,0.00,0.00,0.00,0,0,0.00,0.00,0,0
1508120163,total,259961.00,264208.00,524169.00,264208,259961,283.00,278.00,561.00,278,283,0.00,0.00,0,0
1508120164,s1,69.93,139.86,209.79,140,70,1.00,2.00,3.00,2,1,0.00,0.00,0,0
1508120164,eth0,0.00,0.00,0.00,0,0,0.00,0.00,0.00,0,0,0.00,0.00,0,0
1508120164,s2,69.93,139.86,209.79,140,70,1.00,2.00,3.00,2,1,0.00,0.00,0,0
1508120164,s1-eth2,9172.83,254167.84,263340.66,254422,9182,114.89,168.83,283.72,169,115,0.00,0.00,0,0
1508120164,s1-eth1,250096.91,8761.24,258858.16,8770,250347,168.83,112.89,281.72,113,169,0.00,0.00,0,0
1508120164,s2-eth2,803.20,69.93,873.13,70,804,5.00,1.00,5.99,1,5,0.00,0.00,0,0
1508120164,s2-eth1,139.86,69.93,209.79,70,140,2.00,1.00,3.00,1,2,0.00,0.00,0,0
1508120164,lo,1606.39,1606.39,3212.79,1608,1608,17.98,17.98,35.96,18,18,0.00,0.00,0,0
1508120164,total,261959.05,264955.06,526914.12,265220,262221,310.69,305.69,616.38,306,311,0.00,0.00,0,0
1508120165,s1,0.00,0.00,0.00,0,0,0.00,0.00,0.00,0,0,0.00,0.00,0,0
1508120165,eth0,0.00,0.00,0.00,0,0,0.00,0.00,0.00,0,0,0.00,0.00,0,0
1508120165,s2,0.00,0.00,0.00,0,0,0.00,0.00,0.00,0,0,0.00,0.00,0,0
1508120165,s1-eth2,10198.00,260408.00,270606.00,260408,10198,131.00,172.00,303.00,172,131,0.00,0.00,0,0
1508120165,s1-eth1,249810.00,10198.00,260008.00,10198,249810,165.00,131.00,296.00,131,165,0.00,0.00,0,0
1508120165,s2-eth2,0.00,0.00,0.00,0,0,0.00,0.00,0.00,0,0,0.00,0.00,0,0
1508120165,s2-eth1,0.00,0.00,0.00,0,0,0.00,0.00,0.00,0,0,0.00,0.00,0,0
1508120165,lo,0.00,0.00,0.00,0,0,0.00,0.00,0.00,0,0,0.00,0.00,0,0
1508120165,total,260008.00,270606.00,530614.00,270606,260008,296.00,303.00,599.00,303,296,0.00,0.00,0,0
1508120166,s1,0.00,0.00,0.00,0,0,0.00,0.00,0.00,0,0,0.00,0.00,0,0
1508120166,eth0,60.00,60.00,120.00,60,60,1.00,1.00,2.00,1,1,0.00,0.00,0,0
1508120166,s2,0.00,0.00,0.00,0,0,0.00,0.00,0.00,0,0,0.00,0.00,0,0
1508120166,s1-eth2,8021.00,261922.00,269943.00,261922,8021,106.00,173.00,279.00,173,106,0.00,0.00,0,0
1508120166,s1-eth1,249810.00,7914.00,257724.00,7914,249810,165.00,105.00,270.00,105,165,0.00,0.00,0,0
1508120166,s2-eth2,0.00,0.00,0.00,0,0,0.00,0.00,0.00,0,0,0.00,0.00,0,0
1508120166,s2-eth1,449.00,0.00,449.00,0,449,2.00,0.00,2.00,0,2,0.00,0.00,0,0
1508120166,lo,0.00,0.00,0.00,0,0,0.00,0.00,0.00,0,0,0.00,0.00,0,0
1508120166,total,258340.00,269896.00,528236.00,269896,258340,274.00,279.00,553.00,279,274,0.00,0.00,0,0
1508120167,s1,0.00,0.00,0.00,0,0,0.00,0.00,0.00,0,0,0.00,0.00,0,0
1508120167,eth0,0.00,0.00,0.00,0,0,0.00,0.00,0.00,0,0,0.00,0.00,0,0
1508120167,s2,0.00,0.00,0.00,0,0,0.00,0.00,0.00,0,0,0.00,0.00,0,0
1508120167,s1-eth2,11714.00,258894.00,270608.00,258894,11714,149.00,171.00,320.00,171,149,0.00,0.00,0,0
1508120167,s1-eth1,249917.00,11644.00,261561.00,11644,249917,166.00,148.00,314.00,148,166,0.00,0.00,0,0
1508120167,s2-eth2,107.00,0.00,107.00,0,107,1.00,0.00,1.00,0,1,0.00,0.00,0,0
1508120167,s2-eth1,70.00,0.00,70.00,0,70,1.00,0.00,1.00,0,1,0.00,0.00,0,0
1508120167,lo,0.00,0.00,0.00,0,0,0.00,0.00,0.00,0,0,0.00,0.00,0,0
1508120167,total,261808.00,270538.00,532346.00,270538,261808,317.00,319.00,636.00,319,317,0.00,0.00,0,0
1508120168,s1,70.00,140.00,210.00,140,70,1.00,2.00,3.00,2,1,0.00,0.00,0,0
1508120168,eth0,0.00,180.00,180.00,180,0,0.00,3.00,3.00,3,0,0.00,0.00,0,0
1508120168,s2,70.00,140.00,210.00,140,70,1.00,2.00,3.00,2,1,0.00,0.00,0,0
1508120168,s1-eth2,8568.00,255936.00,264504.00,255936,8568,112.00,170.00,282.00,170,112,0.00,0.00,0,0
1508120168,s1-eth1,249950.00,8498.00,258448.00,8498,249950,167.00,111.00,278.00,111,167,0.00,0.00,0,0
1508120168,s2-eth2,552.00,70.00,622.00,70,552,4.00,1.00,5.00,1,4,0.00,0.00,0,0
1508120168,s2-eth1,140.00,70.00,210.00,70,140,2.00,1.00,3.00,1,2,0.00,0.00,0,0
1508120168,lo,1608.00,1608.00,3216.00,1608,1608,18.00,18.00,36.00,18,18,0.00,0.00,0,0
1508120168,total,260958.00,266642.00,527600.00,266642,260958,305.00,308.00,613.00,308,305,0.00,0.00,0,0
1508120169,s1,0.00,0.00,0.00,0,0,0.00,0.00,0.00,0,0,0.00,0.00,0,0
1508120169,eth0,0.00,0.00,0.00,0,0,0.00,0.00,0.00,0,0,0.00,0.00,0,0
1508120169,s2,0.00,0.00,0.00,0,0,0.00,0.00,0.00,0,0,0.00,0.00,0,0
1508120169,s1-eth2,11244.00,261922.00,273166.00,261922,11244,142.00,173.00,315.00,173,142,0.00,0.00,0,0
1508120169,s1-eth1,246782.00,11244.00,258026.00,11244,246782,163.00,142.00,305.00,142,163,0.00,0.00,0,0
1508120169,s2-eth2,0.00,0.00,0.00,0,0,0.00,0.00,0.00,0,0,0.00,0.00,0,0
1508120169,s2-eth1,0.00,0.00,0.00,0,0,0.00,0.00,0.00,0,0,0.00,0.00,0,0
1508120169,lo,0.00,0.00,0.00,0,0,0.00,0.00,0.00,0,0,0.00,0.00,0,0
1508120169,total,258026.00,273166.00,531192.00,273166,258026,305.00,315.00,620.00,315,305,0.00,0.00,0,0
1508120170,s1,0.00,0.00,0.00,0,0,0.00,0.00,0.00,0,0,0.00,0.00,0,0
1508120170,eth0,0.00,0.00,0.00,0,0,0.00,0.00,0.00,0,0,0.00,0.00,0,0
1508120170,s2,0.00,0.00,0.00,0,0,0.00,0.00,0.00,0,0,0.00,0.00,0,0
1508120170,s1-eth2,9134.00,261922.00,271056.00,261922,9134,119.00,173.00,292.00,173,119,0.00,0.00,0,0
1508120170,s1-eth1,249810.00,9134.00,258944.00,9134,249810,165.00,119.00,284.00,119,165,0.00,0.00,0,0
1508120170,s2-eth2,0.00,0.00,0.00,0,0,0.00,0.00,0.00,0,0,0.00,0.00,0,0
1508120170,s2-eth1,0.00,0.00,0.00,0,0,0.00,0.00,0.00,0,0,0.00,0.00,0,0
1508120170,lo,0.00,0.00,0.00,0,0,0.00,0.00,0.00,0,0,0.00,0.00,0,0
1508120170,total,258944.00,271056.00,530000.00,271056,258944,284.00,292.00,576.00,292,284,0.00,0.00,0,0
1508120171,s1,0.00,0.00,0.00,0,0,0.00,0.00,0.00,0,0,0.00,0.00,0,0
1508120171,eth0,0.00,0.00,0.00,0,0,0.00,0.00,0.00,0,0,0.00,0.00,0,0
1508120171,s2,0.00,0.00,0.00,0,0,0.00,0.00,0.00,0,0,0.00,0.00,0,0
1508120171,s1-eth2,8412.00,252838.00,261250.00,252838,8412,106.00,167.00,273.00,167,106,0.00,0.00,0,0
1508120171,s1-eth1,249810.00,8144.00,257954.00,8144,249810,165.00,106.00,271.00,106,165,0.00,0.00,0,0
1508120171,s2-eth2,0.00,0.00,0.00,0,0,0.00,0.00,0.00,0,0,0.00,0.00,0,0
1508120171,s2-eth1,0.00,0.00,0.00,0,0,0.00,0.00,0.00,0,0,0.00,0.00,0,0
1508120171,lo,0.00,0.00,0.00,0,0,0.00,0.00,0.00,0,0,0.00,0.00,0,0
1508120171,total,258222.00,260982.00,519204.00,260982,258222,271.00,273.00,544.00,273,271,0.00,0.00,0,0
1508120172,s1,0.00,0.00,0.00,0,0,0.00,0.00,0.00,0,0,0.00,0.00,0,0
1508120172,eth0,0.00,95.00,95.00,95,0,0.00,1.00,1.00,1,0,0.00,0.00,0,0
1508120172,s2,0.00,0.00,0.00,0,0,0.00,0.00,0.00,0,0,0.00,0.00,0,0
1508120172,s1-eth2,8356.00,257380.00,265736.00,257380,8356,110.00,170.00,280.00,170,110,0.00,0.00,0,0
1508120172,s1-eth1,251324.00,8282.00,259606.00,8282,251324,166.00,109.00,275.00,109,166,0.00,0.00,0,0
1508120172,s2-eth2,0.00,0.00,0.00,0,0,0.00,0.00,0.00,0,0,0.00,0.00,0,0
1508120172,s2-eth1,0.00,0.00,0.00,0,0,0.00,0.00,0.00,0,0,0.00,0.00,0,0
1508120172,lo,344.00,344.00,688.00,344,344,6.00,6.00,12.00,6,6,0.00,0.00,0,0
1508120172,total,260024.00,266101.00,526125.00,266101,260024,282.00,286.00,568.00,286,282,0.00,0.00,0,0
1508120173,s1,0.00,0.00,0.00,0,0,0.00,0.00,0.00,0,0,0.00,0.00,0,0
1508120173,eth0,0.00,0.00,0.00,0,0,0.00,0.00,0.00,0,0,0.00,0.00,0,0
1508120173,s2,0.00,0.00,0.00,0,0,0.00,0.00,0.00,0,0,0.00,0.00,0,0
1508120173,s1-eth2,6768.00,254352.00,261120.00,254352,6768,90.00,168.00,258.00,168,90,0.00,0.00,0,0
1508120173,s1-eth1,249810.00,6768.00,256578.00,6768,249810,165.00,90.00,255.00,90,165,0.00,0.00,0,0
1508120173,s2-eth2,0.00,0.00,0.00,0,0,0.00,0.00,0.00,0,0,0.00,0.00,0,0
1508120173,s2-eth1,0.00,0.00,0.00,0,0,0.00,0.00,0.00,0,0,0.00,0.00,0,0
1508120173,lo,0.00,0.00,0.00,0,0,0.00,0.00,0.00,0,0,0.00,0.00,0,0
1508120173,total,256578.00,261120.00,517698.00,261120,256578,255.00,258.00,513.00,258,255,0.00,0.00,0,0
1508120174,s1,0.00,0.00,0.00,0,0,0.00,0.00,0.00,0,0,0.00,0.00,0,0
1508120174,eth0,0.00,0.00,0.00,0,0,0.00,0.00,0.00,0,0,0.00,0.00,0,0
1508120174,s2,0.00,0.00,0.00,0,0,0.00,0.00,0.00,0,0,0.00,0.00,0,0
1508120174,s1-eth2,9665.00,254352.00,264017.00,254352,9665,122.00,168.00,290.00,168,122,0.00,0.00,0,0
1508120174,s1-eth1,249810.00,9558.00,259368.00,9558,249810,165.00,121.00,286.00,121,165,0.00,0.00,0,0
1508120174,s2-eth2,0.00,0.00,0.00,0,0,0.00,0.00,0.00,0,0,0.00,0.00,0,0
1508120174,s2-eth1,0.00,0.00,0.00,0,0,0.00,0.00,0.00,0,0,0.00,0.00,0,0
1508120174,lo,0.00,0.00,0.00,0,0,0.00,0.00,0.00,0,0,0.00,0.00,0,0
1508120174,total,259475.00,263910.00,523385.00,263910,259475,287.00,289.00,576.00,289,287,0.00,0.00,0,0
1508120175,s1,0.00,0.00,0.00,0,0,0.00,0.00,0.00,0,0,0.00,0.00,0,0
1508120175,eth0,0.00,119.88,119.88,120,0,0.00,2.00,2.00,2,0,0.00,0.00,0,0
1508120175,s2,0.00,0.00,0.00,0,0,0.00,0.00,0.00,0,0,0.00,0.00,0,0
1508120175,s1-eth2,10007.99,261660.34,271668.34,261922,10018,128.87,172.83,301.70,173,129,0.00,0.00,0,0
1508120175,s1-eth1,249560.45,10081.92,259642.36,10092,249810,164.84,129.87,294.71,130,165,0.00,0.00,0,0
1508120175,s2-eth2,106.89,0.00,106.89,0,107,1.00,0.00,1.00,0,1,0.00,0.00,0,0
1508120175,s2-eth1,0.00,0.00,0.00,0,0,0.00,0.00,0.00,0,0,0.00,0.00,0,0
1508120175,lo,0.00,0.00,0.00,0,0,0.00,0.00,0.00,0,0,0.00,0.00,0,0
1508120175,total,259675.33,271862.16,531537.50,272134,259935,294.71,304.70,599.40,305,295,0.00,0.00,0,0
1508120176,s1,0.00,0.00,0.00,0,0,0.00,0.00,0.00,0,0,0.00,0.00,0,0
1508120176,eth0,0.00,0.00,0.00,0,0,0.00,0.00,0.00,0,0,0.00,0.00,0,0
1508120176,s2,0.00,0.00,0.00,0,0,0.00,0.00,0.00,0,0,0.00,0.00,0,0
1508120176,s1-eth2,9644.00,261922.00,271566.00,261922,9644,126.00,173.00,299.00,173,126,0.00,0.00,0,0
1508120176,s1-eth1,248296.00,9570.00,257866.00,9570,248296,164.00,125.00,289.00,125,164,0.00,0.00,0,0
1508120176,s2-eth2,342.00,0.00,342.00,0,342,1.00,0.00,1.00,0,1,0.00,0.00,0,0
1508120176,s2-eth1,0.00,0.00,0.00,0,0,0.00,0.00,0.00,0,0,0.00,0.00,0,0
1508120176,lo,0.00,0.00,0.00,0,0,0.00,0.00,0.00,0,0,0.00,0.00,0,0
1508120176,total,258282.00,271492.00,529774.00,271492,258282,291.00,298.00,589.00,298,291,0.00,0.00,0,0
1508120177,s1,0.00,0.00,0.00,0,0,0.00,0.00,0.00,0,0,0.00,0.00,0,0
1508120177,eth0,0.00,0.00,0.00,0,0,0.00,0.00,0.00,0,0,0.00,0.00,0,0
1508120177,s2,0.00,0.00,0.00,0,0,0.00,0.00,0.00,0,0,0.00,0.00,0,0
1508120177,s1-eth2,9242.00,255866.00,265108.00,255866,9242,119.00,169.00,288.00,169,119,0.00,0.00,0,0
1508120177,s1-eth1,249810.00,9242.00,259052.00,9242,249810,165.00,119.00,284.00,119,165,0.00,0.00,0,0
1508120177,s2-eth2,0.00,0.00,0.00,0,0,0.00,0.00,0.00,0,0,0.00,0.00,0,0
1508120177,s2-eth1,342.00,0.00,342.00,0,342,1.00,0.00,1.00,0,1,0.00,0.00,0,0
1508120177,lo,344.00,344.00,688.00,344,344,6.00,6.00,12.00,6,6,0.00,0.00,0,0
1508120177,total,259738.00,265452.00,525190.00,265452,259738,291.00,294.00,585.00,294,291,0.00,0.00,0,0
1508120178,s1,0.00,0.00,0.00,0,0,0.00,0.00,0.00,0,0,0.00,0.00,0,0
1508120178,eth0,0.00,60.00,60.00,60,0,0.00,1.00,1.00,1,0,0.00,0.00,0,0
1508120178,s2,0.00,0.00,0.00,0,0,0.00,0.00,0.00,0,0,0.00,0.00,0,0
1508120178,s1-eth2,9154.00,258894.00,268048.00,258894,9154,119.00,171.00,290.00,171,119,0.00,0.00,0,0
1508120178,s1-eth1,249810.00,9228.00,259038.00,9228,249810,165.00,120.00,285.00,120,165,0.00,0.00,0,0
1508120178,s2-eth2,0.00,0.00,0.00,0,0,0.00,0.00,0.00,0,0,0.00,0.00,0,0
1508120178,s2-eth1,0.00,0.00,0.00,0,0,0.00,0.00,0.00,0,0,0.00,0.00,0,0
1508120178,lo,0.00,0.00,0.00,0,0,0.00,0.00,0.00,0,0,0.00,0.00,0,0
1508120178,total,258964.00,268182.00,527146.00,268182,258964,284.00,292.00,576.00,292,284,0.00,0.00,0,0
1508120179,s1,0.00,0.00,0.00,0,0,0.00,0.00,0.00,0,0,0.00,0.00,0,0
1508120179,eth0,0.00,0.00,0.00,0,0,0.00,0.00,0.00,0,0,0.00,0.00,0,0
1508120179,s2,0.00,0.00,0.00,0,0,0.00,0.00,0.00,0,0,0.00,0.00,0,0
1508120179,s1-eth2,9522.00,258894.00,268416.00,258894,9522,123.00,171.00,294.00,171,123,0.00,0.00,0,0
1508120179,s1-eth1,250152.00,9448.00,259600.00,9448,250152,166.00,122.00,288.00,122,166,0.00,0.00,0,0
1508120179,s2-eth2,0.00,0.00,0.00,0,0,0.00,0.00,0.00,0,0,0.00,0.00,0,0
1508120179,s2-eth1,0.00,0.00,0.00,0,0,0.00,0.00,0.00,0,0,0.00,0.00,0,0
1508120179,lo,0.00,0.00,0.00,0,0,0.00,0.00,0.00,0,0,0.00,0.00,0,0
1508120179,total,259674.00,268342.00,528016.00,268342,259674,289.00,293.00,582.00,293,289,0.00,0.00,0,0
1508120180,s1,0.00,0.00,0.00,0,0,0.00,0.00,0.00,0,0,0.00,0.00,0,0
1508120180,eth0,0.00,0.00,0.00,0,0,0.00,0.00,0.00,0,0,0.00,0.00,0,0
1508120180,s2,0.00,0.00,0.00,0,0,0.00,0.00,0.00,0,0,0.00,0.00,0,0
1508120180,s1-eth2,7802.00,251324.00,259126.00,251324,7802,103.00,166.00,269.00,166,103,0.00,0.00,0,0
1508120180,s1-eth1,249810.00,7802.00,257612.00,7802,249810,165.00,103.00,268.00,103,165,0.00,0.00,0,0
1508120180,s2-eth2,0.00,0.00,0.00,0,0,0.00,0.00,0.00,0,0,0.00,0.00,0,0
1508120180,s2-eth1,0.00,0.00,0.00,0,0,0.00,0.00,0.00,0,0,0.00,0.00,0,0
1508120180,lo,0.00,0.00,0.00,0,0,0.00,0.00,0.00,0,0,0.00,0.00,0,0
1508120180,total,257612.00,259126.00,516738.00,259126,257612,268.00,269.00,537.00,269,268,0.00,0.00,0,0
1508120181,s1,0.00,0.00,0.00,0,0,0.00,0.00,0.00,0,0,0.00,0.00,0,0
1508120181,eth0,0.00,0.00,0.00,0,0,0.00,0.00,0.00,0,0,0.00,0.00,0,0
1508120181,s2,0.00,0.00,0.00,0,0,0.00,0.00,0.00,0,0,0.00,0.00,0,0
1508120181,s1-eth2,10702.00,263478.00,274180.00,263478,10702,137.00,175.00,312.00,175,137,0.00,0.00,0,0
1508120181,s1-eth1,249852.00,10702.00,260554.00,10702,249852,166.00,137.00,303.00,137,166,0.00,0.00,0,0
1508120181,s2-eth2,0.00,0.00,0.00,0,0,0.00,0.00,0.00,0,0,0.00,0.00,0,0
1508120181,s2-eth1,0.00,0.00,0.00,0,0,0.00,0.00,0.00,0,0,0.00,0.00,0,0
1508120181,lo,296.00,296.00,592.00,296,296,3.00,3.00,6.00,3,3,0.00,0.00,0,0
1508120181,total,260850.00,274476.00,535326.00,274476,260850,306.00,315.00,621.00,315,306,0.00,0.00,0,0
1508120182,s1,0.00,0.00,0.00,0,0,0.00,0.00,0.00,0,0,0.00,0.00,0,0
1508120182,eth0,0.00,180.00,180.00,180,0,0.00,3.00,3.00,3,0,0.00,0.00,0,0
1508120182,s2,0.00,0.00,0.00,0,0,0.00,0.00,0.00,0,0,0.00,0.00,0,0
1508120182,s1-eth2,8294.00,252838.00,261132.00,252838,8294,109.00,167.00,276.00,167,109,0.00,0.00,0,0
1508120182,s1-eth1,249810.00,8294.00,258104.00,8294,249810,165.00,109.00,274.00,109,165,0.00,0.00,0,0
1508120182,s2-eth2,0.00,0.00,0.00,0,0,0.00,0.00,0.00,0,0,0.00,0.00,0,0
1508120182,s2-eth1,0.00,0.00,0.00,0,0,0.00,0.00,0.00,0,0,0.00,0.00,0,0
1508120182,lo,172.00,172.00,344.00,172,172,3.00,3.00,6.00,3,3,0.00,0.00,0,0
1508120182,total,258276.00,261484.00,519760.00,261484,258276,277.00,282.00,559.00,282,277,0.00,0.00,0,0
1508120183,s1,0.00,0.00,0.00,0,0,0.00,0.00,0.00,0,0,0.00,0.00,0,0
1508120183,eth0,0.00,1464.00,1464.00,1464,0,0.00,4.00,4.00,4,0,0.00,0.00,0,0
1508120183,s2,0.00,0.00,0.00,0,0,0.00,0.00,0.00,0,0,0.00,0.00,0,0
1508120183,s1-eth2,9744.00,255866.00,265610.00,255866,9744,126.00,169.00,295.00,169,126,0.00,0.00,0,0
1508120183,s1-eth1,249810.00,9744.00,259554.00,9744,249810,165.00,126.00,291.00,126,165,0.00,0.00,0,0
1508120183,s2-eth2,0.00,0.00,0.00,0,0,0.00,0.00,0.00,0,0,0.00,0.00,0,0
1508120183,s2-eth1,0.00,0.00,0.00,0,0,0.00,0.00,0.00,0,0,0.00,0.00,0,0
1508120183,lo,0.00,0.00,0.00,0,0,0.00,0.00,0.00,0,0,0.00,0.00,0,0
1508120183,total,259554.00,267074.00,526628.00,267074,259554,291.00,299.00,590.00,299,291,0.00,0.00,0,0
1508120184,s1,0.00,0.00,0.00,0,0,0.00,0.00,0.00,0,0,0.00,0.00,0,0
1508120184,eth0,0.00,0.00,0.00,0,0,0.00,0.00,0.00,0,0,0.00,0.00,0,0
1508120184,s2,0.00,0.00,0.00,0,0,0.00,0.00,0.00,0,0,0.00,0.00,0,0
1508120184,s1-eth2,8370.00,261922.00,270292.00,261922,8370,109.00,173.00,282.00,173,109,0.00,0.00,0,0
1508120184,s1-eth1,251324.00,8444.00,259768.00,8444,251324,166.00,110.00,276.00,110,166,0.00,0.00,0,0
1508120184,s2-eth2,342.00,0.00,342.00,0,342,1.00,0.00,1.00,0,1,0.00,0.00,0,0
1508120184,s2-eth1,0.00,0.00,0.00,0,0,0.00,0.00,0.00,0,0,0.00,0.00,0,0
1508120184,lo,0.00,0.00,0.00,0,0,0.00,0.00,0.00,0,0,0.00,0.00,0,0
1508120184,total,260036.00,270366.00,530402.00,270366,260036,276.00,283.00,559.00,283,276,0.00,0.00,0,0
1508120185,s1,0.00,0.00,0.00,0,0,0.00,0.00,0.00,0,0,0.00,0.00,0,0
1508120185,eth0,0.00,0.00,0.00,0,0,0.00,0.00,0.00,0,0,0.00,0.00,0,0
1508120185,s2,0.00,0.00,0.00,0,0,0.00,0.00,0.00,0,0,0.00,0.00,0,0
1508120185,s1-eth2,9132.00,258894.00,268026.00,258894,9132,114.00,171.00,285.00,171,114,0.00,0.00,0,0
1508120185,s1-eth1,250152.00,8790.00,258942.00,8790,250152,166.00,113.00,279.00,113,166,0.00,0.00,0,0
1508120185,s2-eth2,0.00,0.00,0.00,0,0,0.00,0.00,0.00,0,0,0.00,0.00,0,0
1508120185,s2-eth1,0.00,0.00,0.00,0,0,0.00,0.00,0.00,0,0,0.00,0.00,0,0
1508120185,lo,172.00,172.00,344.00,172,172,3.00,3.00,6.00,3,3,0.00,0.00,0,0
1508120185,total,259456.00,267856.00,527312.00,267856,259456,283.00,287.00,570.00,287,283,0.00,0.00,0,0
1508120186,s1,0.00,0.00,0.00,0,0,0.00,0.00,0.00,0,0,0.00,0.00,0,0
1508120186,eth0,0.00,171.83,171.83,172,0,0.00,2.00,2.00,2,0,0.00,0.00,0,0
1508120186,s2,0.00,0.00,0.00,0,0,0.00,0.00,0.00,0,0,0.00,0.00,0,0
1508120186,s1-eth2,9192.81,257122.89,266315.69,257380,9202,118.88,169.83,288.71,170,119,0.00,0.00,0,0
1508120186,s1-eth1,249560.45,9118.88,258679.33,9128,249810,164.84,117.88,282.72,118,165,0.00,0.00,0,0
1508120186,s2-eth2,0.00,0.00,0.00,0,0,0.00,0.00,0.00,0,0,0.00,0.00,0,0
1508120186,s2-eth1,0.00,0.00,0.00,0,0,0.00,0.00,0.00,0,0,0.00,0.00,0,0
1508120186,lo,0.00,0.00,0.00,0,0,0.00,0.00,0.00,0,0,0.00,0.00,0,0
1508120186,total,258753.25,266413.59,525166.88,266680,259012,283.72,289.71,573.43,290,284,0.00,0.00,0,0
1508120187,s1,0.00,0.00,0.00,0,0,0.00,0.00,0.00,0,0,0.00,0.00,0,0
1508120187,eth0,0.00,0.00,0.00,0,0,0.00,0.00,0.00,0,0,0.00,0.00,0,0
1508120187,s2,0.00,0.00,0.00,0,0,0.00,0.00,0.00,0,0,0.00,0.00,0,0
1508120187,s1-eth2,9534.00,255866.00,265400.00,255866,9534,123.00,169.00,292.00,169,123,0.00,0.00,0,0
1508120187,s1-eth1,249810.00,9534.00,259344.00,9534,249810,165.00,123.00,288.00,123,165,0.00,0.00,0,0
1508120187,s2-eth2,0.00,0.00,0.00,0,0,0.00,0.00,0.00,0,0,0.00,0.00,0,0
1508120187,s2-eth1,0.00,0.00,0.00,0,0,0.00,0.00,0.00,0,0,0.00,0.00,0,0
1508120187,lo,172.00,172.00,344.00,172,172,3.00,3.00,6.00,3,3,0.00,0.00,0,0
1508120187,total,259516.00,265572.00,525088.00,265572,259516,291.00,295.00,586.00,295,291,0.00,0.00,0,0
1508120188,s1,0.00,0.00,0.00,0,0,0.00,0.00,0.00,0,0,0.00,0.00,0,0
1508120188,eth0,0.00,0.00,0.00,0,0,0.00,0.00,0.00,0,0,0.00,0.00,0,0
1508120188,s2,0.00,0.00,0.00,0,0,0.00,0.00,0.00,0,0,0.00,0.00,0,0
1508120188,s1-eth2,10667.33,261660.34,272327.69,261922,10678,136.86,172.83,309.69,173,137,0.00,0.00,0,0
1508120188,s1-eth1,249560.45,10667.33,260227.78,10678,249810,164.84,136.86,301.70,137,165,0.00,0.00,0,0
1508120188,s2-eth2,0.00,0.00,0.00,0,0,0.00,0.00,0.00,0,0,0.00,0.00,0,0
1508120188,s2-eth1,0.00,0.00,0.00,0,0,0.00,0.00,0.00,0,0,0.00,0.00,0,0
1508120188,lo,0.00,0.00,0.00,0,0,0.00,0.00,0.00,0,0,0.00,0.00,0,0
1508120188,total,260227.78,272327.69,532555.44,272600,260488,301.70,309.69,611.39,310,302,0.00,0.00,0,0
1508120189,s1,0.00,0.00,0.00,0,0,0.00,0.00,0.00,0,0,0.00,0.00,0,0
1508120189,eth0,0.00,120.00,120.00,120,0,0.00,2.00,2.00,2,0,0.00,0.00,0,0
1508120189,s2,0.00,0.00,0.00,0,0,0.00,0.00,0.00,0,0,0.00,0.00,0,0
1508120189,s1-eth2,8810.00,254352.00,263162.00,254352,8810,115.00,168.00,283.00,168,115,0.00,0.00,0,0
1508120189,s1-eth1,246782.00,8810.00,255592.00,8810,246782,163.00,115.00,278.00,115,163,0.00,0.00,0,0
1508120189,s2-eth2,0.00,0.00,0.00,0,0,0.00,0.00,0.00,0,0,0.00,0.00,0,0
1508120189,s2-eth1,0.00,0.00,0.00,0,0,0.00,0.00,0.00,0,0,0.00,0.00,0,0
1508120189,lo,0.00,0.00,0.00,0,0,0.00,0.00,0.00,0,0,0.00,0.00,0,0
1508120189,total,255592.00,263282.00,518874.00,263282,255592,278.00,285.00,563.00,285,278,0.00,0.00,0,0
1508120190,s1,0.00,0.00,0.00,0,0,0.00,0.00,0.00,0,0,0.00,0.00,0,0
1508120190,eth0,0.00,0.00,0.00,0,0,0.00,0.00,0.00,0,0,0.00,0.00,0,0
1508120190,s2,0.00,0.00,0.00,0,0,0.00,0.00,0.00,0,0,0.00,0.00,0,0
1508120190,s1-eth2,8767.00,260408.00,269175.00,260408,8767,113.00,172.00,285.00,172,113,0.00,0.00,0,0
1508120190,s1-eth1,249810.00,8660.00,258470.00,8660,249810,165.00,112.00,277.00,112,165,0.00,0.00,0,0
1508120190,s2-eth2,0.00,0.00,0.00,0,0,0.00,0.00,0.00,0,0,0.00,0.00,0,0
1508120190,s2-eth1,107.00,0.00,107.00,0,107,1.00,0.00,1.00,0,1,0.00,0.00,0,0
1508120190,lo,172.00,172.00,344.00,172,172,3.00,3.00,6.00,3,3,0.00,0.00,0,0
1508120190,total,258856.00,269240.00,528096.00,269240,258856,282.00,287.00,569.00,287,282,0.00,0.00,0,0
1508120191,s1,0.00,0.00,0.00,0,0,0.00,0.00,0.00,0,0,0.00,0.00,0,0
1508120191,eth0,0.00,0.00,0.00,0,0,0.00,0.00,0.00,0,0,0.00,0.00,0,0
1508120191,s2,0.00,0.00,0.00,0,0,0.00,0.00,0.00,0,0,0.00,0.00,0,0
1508120191,s1-eth2,7908.00,257380.00,265288.00,257380,7908,104.00,170.00,274.00,170,104,0.00,0.00,0,0
1508120191,s1-eth1,249917.00,7908.00,257825.00,7908,249917,166.00,104.00,270.00,104,166,0.00,0.00,0,0
1508120191,s2-eth2,107.00,0.00,107.00,0,107,1.00,0.00,1.00,0,1,0.00,0.00,0,0
1508120191,s2-eth1,0.00,0.00,0.00,0,0,0.00,0.00,0.00,0,0,0.00,0.00,0,0
1508120191,lo,0.00,0.00,0.00,0,0,0.00,0.00,0.00,0,0,0.00,0.00,0,0
1508120191,total,257932.00,265288.00,523220.00,265288,257932,271.00,274.00,545.00,274,271,0.00,0.00,0,0
1508120192,s1,0.00,0.00,0.00,0,0,0.00,0.00,0.00,0,0,0.00,0.00,0,0
1508120192,eth0,0.00,0.00,0.00,0,0,0.00,0.00,0.00,0,0,0.00,0.00,0,0
1508120192,s2,0.00,0.00,0.00,0,0,0.00,0.00,0.00,0,0,0.00,0.00,0,0
1508120192,s1-eth2,10418.00,257380.00,267798.00,257380,10418,133.00,170.00,303.00,170,133,0.00,0.00,0,0
1508120192,s1-eth1,251324.00,10418.00,261742.00,10418,251324,166.00,133.00,299.00,133,166,0.00,0.00,0,0
1508120192,s2-eth2,0.00,0.00,0.00,0,0,0.00,0.00,0.00,0,0,0.00,0.00,0,0
1508120192,s2-eth1,0.00,0.00,0.00,0,0,0.00,0.00,0.00,0,0,0.00,0.00,0,0
1508120192,lo,172.00,172.00,344.00,172,172,3.00,3.00,6.00,3,3,0.00,0.00,0,0
1508120192,total,261914.00,267970.00,529884.00,267970,261914,302.00,306.00,608.00,306,302,0.00,0.00,0,0
1508120193,s1,0.00,0.00,0.00,0,0,0.00,0.00,0.00,0,0,0.00,0.00,0,0
1508120193,eth0,0.00,0.00,0.00,0,0,0.00,0.00,0.00,0,0,0.00,0.00,0,0
1508120193,s2,0.00,0.00,0.00,0,0,0.00,0.00,0.00,0,0,0.00,0.00,0,0
1508120193,s1-eth2,7396.00,254352.00,261748.00,254352,7396,98.00,168.00,266.00,168,98,0.00,0.00,0,0
1508120193,s1-eth1,250152.00,7396.00,257548.00,7396,250152,166.00,98.00,264.00,98,166,0.00,0.00,0,0
1508120193,s2-eth2,0.00,0.00,0.00,0,0,0.00,0.00,0.00,0,0,0.00,0.00,0,0
1508120193,s2-eth1,0.00,0.00,0.00,0,0,0.00,0.00,0.00,0,0,0.00,0.00,0,0
1508120193,lo,0.00,0.00,0.00,0,0,0.00,0.00,0.00,0,0,0.00,0.00,0,0
1508120193,total,257548.00,261748.00,519296.00,261748,257548,264.00,266.00,530.00,266,264,0.00,0.00,0,0
1508120194,s1,0.00,0.00,0.00,0,0,0.00,0.00,0.00,0,0,0.00,0.00,0,0
1508120194,eth0,0.00,0.00,0.00,0,0,0.00,0.00,0.00,0,0,0.00,0.00,0,0
1508120194,s2,0.00,0.00,0.00,0,0,0.00,0.00,0.00,0,0,0.00,0.00,0,0
1508120194,s1-eth2,10196.00,255866.00,266062.00,255866,10196,130.00,169.00,299.00,169,130,0.00,0.00,0,0
1508120194,s1-eth1,248296.00,10196.00,258492.00,10196,248296,164.00,130.00,294.00,130,164,0.00,0.00,0,0
1508120194,s2-eth2,0.00,0.00,0.00,0,0,0.00,0.00,0.00,0,0,0.00,0.00,0,0
1508120194,s2-eth1,0.00,0.00,0.00,0,0,0.00,0.00,0.00,0,0,0.00,0.00,0,0
1508120194,lo,0.00,0.00,0.00,0,0,0.00,0.00,0.00,0,0,0.00,0.00,0,0
1508120194,total,258492.00,266062.00,524554.00,266062,258492,294.00,299.00,593.00,299,294,0.00,0.00,0,0
1508120195,s1,0.00,0.00,0.00,0,0,0.00,0.00,0.00,0,0,0.00,0.00,0,0
1508120195,eth0,0.00,0.00,0.00,0,0,0.00,0.00,0.00,0,0,0.00,0.00,0,0
1508120195,s2,0.00,0.00,0.00,0,0,0.00,0.00,0.00,0,0,0.00,0.00,0,0
1508120195,s1-eth2,8778.00,260408.00,269186.00,260408,8778,115.00,172.00,287.00,172,115,0.00,0.00,0,0
1508120195,s1-eth1,249810.00,8778.00,258588.00,8778,249810,165.00,115.00,280.00,115,165,0.00,0.00,0,0
1508120195,s2-eth2,0.00,0.00,0.00,0,0,0.00,0.00,0.00,0,0,0.00,0.00,0,0
1508120195,s2-eth1,0.00,0.00,0.00,0,0,0.00,0.00,0.00,0,0,0.00,0.00,0,0
1508120195,lo,172.00,172.00,344.00,172,172,3.00,3.00,6.00,3,3,0.00,0.00,0,0
1508120195,total,258760.00,269358.00,528118.00,269358,258760,283.00,290.00,573.00,290,283,0.00,0.00,0,0
1508120196,s1,0.00,0.00,0.00,0,0,0.00,0.00,0.00,0,0,0.00,0.00,0,0
1508120196,eth0,0.00,0.00,0.00,0,0,0.00,0.00,0.00,0,0,0.00,0.00,0,0
1508120196,s2,0.00,0.00,0.00,0,0,0.00,0.00,0.00,0,0,0.00,0.00,0,0
1508120196,s1-eth2,7642.00,254352.00,261994.00,254352,7642,101.00,168.00,269.00,168,101,0.00,0.00,0,0
1508120196,s1-eth1,251324.00,7716.00,259040.00,7716,251324,166.00,102.00,268.00,102,166,0.00,0.00,0,0
1508120196,s2-eth2,0.00,0.00,0.00,0,0,0.00,0.00,0.00,0,0,0.00,0.00,0,0
1508120196,s2-eth1,342.00,0.00,342.00,0,342,1.00,0.00,1.00,0,1,0.00,0.00,0,0
1508120196,lo,0.00,0.00,0.00,0,0,0.00,0.00,0.00,0,0,0.00,0.00,0,0
1508120196,total,259308.00,262068.00,521376.00,262068,259308,268.00,270.00,538.00,270,268,0.00,0.00,0,0
1508120197,s1,0.00,0.00,0.00,0,0,0.00,0.00,0.00,0,0,0.00,0.00,0,0
1508120197,eth0,0.00,119.88,119.88,120,0,0.00,2.00,2.00,2,0,0.00,0.00,0,0
1508120197,s2,0.00,0.00,0.00,0,0,0.00,0.00,0.00,0,0,0.00,0.00,0,0
1508120197,s1-eth2,7068.93,257122.89,264191.81,257380,7076,93.91,169.83,263.74,170,94,0.00,0.00,0,0
1508120197,s1-eth1,249560.45,6995.01,256555.45,7002,249810,164.84,92.91,257.74,93,165,0.00,0.00,0,0
1508120197,s2-eth2,0.00,0.00,0.00,0,0,0.00,0.00,0.00,0,0,0.00,0.00,0,0
1508120197,s2-eth1,0.00,0.00,0.00,0,0,0.00,0.00,0.00,0,0,0.00,0.00,0,0
1508120197,lo,171.83,171.83,343.66,172,172,3.00,3.00,5.99,3,3,0.00,0.00,0,0
1508120197,total,256801.20,264409.59,521210.81,264674,257058,261.74,267.73,529.47,268,262,0.00,0.00,0,0
1508120198,s1,0.00,0.00,0.00,0,0,0.00,0.00,0.00,0,0,0.00,0.00,0,0
1508120198,eth0,0.00,0.00,0.00,0,0,0.00,0.00,0.00,0,0,0.00,0.00,0,0
1508120198,s2,0.00,0.00,0.00,0,0,0.00,0.00,0.00,0,0,0.00,0.00,0,0
1508120198,s1-eth2,9492.51,249560.45,259052.95,249810,9502,120.88,164.84,285.71,165,121,0.00,0.00,0,0
1508120198,s1-eth1,249560.45,9492.51,259052.95,9502,249810,164.84,120.88,285.71,121,165,0.00,0.00,0,0
1508120198,s2-eth2,0.00,0.00,0.00,0,0,0.00,0.00,0.00,0,0,0.00,0.00,0,0
1508120198,s2-eth1,0.00,0.00,0.00,0,0,0.00,0.00,0.00,0,0,0.00,0.00,0,0
1508120198,lo,0.00,0.00,0.00,0,0,0.00,0.00,0.00,0,0,0.00,0.00,0,0
1508120198,total,259052.95,259052.95,518105.91,259312,259312,285.71,285.71,571.43,286,286,0.00,0.00,0,0
1508120199,s1,0.00,0.00,0.00,0,0,0.00,0.00,0.00,0,0,0.00,0.00,0,0
1508120199,eth0,0.00,0.00,0.00,0,0,0.00,0.00,0.00,0,0,0.00,0.00,0,0
1508120199,s2,0.00,0.00,0.00,0,0,0.00,0.00,0.00,0,0,0.00,0.00,0,0
1508120199,s1-eth2,8271.73,252585.42,260857.16,252838,8280,107.89,166.83,274.73,167,108,0.00,0.00,0,0
1508120199,s1-eth1,251072.94,8271.73,259344.66,8280,251324,165.83,107.89,273.73,108,166,0.00,0.00,0,0
1508120199,s2-eth2,341.66,0.00,341.66,0,342,1.00,0.00,1.00,0,1,0.00,0.00,0,0
1508120199,s2-eth1,0.00,0.00,0.00,0,0,0.00,0.00,0.00,0,0,0.00,0.00,0,0
1508120199,lo,0.00,0.00,0.00,0,0,0.00,0.00,0.00,0,0,0.00,0.00,0,0
1508120199,total,259686.33,260857.16,520543.47,261118,259946,274.73,274.73,549.45,275,275,0.00,0.00,0,0
1508120200,s1,0.00,0.00,0.00,0,0,0.00,0.00,0.00,0,0,0.00,0.00,0,0
1508120200,eth0,0.00,0.00,0.00,0,0,0.00,0.00,0.00,0,0,0.00,0.00,0,0
1508120200,s2,0.00,0.00,0.00,0,0,0.00,0.00,0.00,0,0,0.00,0.00,0,0
1508120200,s1-eth2,6834.00,260408.00,267242.00,260408,6834,91.00,172.00,263.00,172,91,0.00,0.00,0,0
1508120200,s1-eth1,249810.00,6834.00,256644.00,6834,249810,165.00,91.00,256.00,91,165,0.00,0.00,0,0
1508120200,s2-eth2,0.00,0.00,0.00,0,0,0.00,0.00,0.00,0,0,0.00,0.00,0,0
1508120200,s2-eth1,0.00,0.00,0.00,0,0,0.00,0.00,0.00,0,0,0.00,0.00,0,0
1508120200,lo,172.00,172.00,344.00,172,172,3.00,3.00,6.00,3,3,0.00,0.00,0,0
1508120200,total,256816.00,267414.00,524230.00,267414,256816,259.00,266.00,525.00,266,259,0.00,0.00,0,0
1508120201,s1,0.00,0.00,0.00,0,0,0.00,0.00,0.00,0,0,0.00,0.00,0,0
1508120201,eth0,0.00,0.00,0.00,0,0,0.00,0.00,0.00,0,0,0.00,0.00,0,0
1508120201,s2,0.00,0.00,0.00,0,0,0.00,0.00,0.00,0,0,0.00,0.00,0,0
1508120201,s1-eth2,9078.00,255866.00,264944.00,255866,9078,117.00,169.00,286.00,169,117,0.00,0.00,0,0
1508120201,s1-eth1,249810.00,9078.00,258888.00,9078,249810,165.00,117.00,282.00,117,165,0.00,0.00,0,0
1508120201,s2-eth2,0.00,0.00,0.00,0,0,0.00,0.00,0.00,0,0,0.00,0.00,0,0
1508120201,s2-eth1,0.00,0.00,0.00,0,0,0.00,0.00,0.00,0,0,0.00,0.00,0,0
1508120201,lo,0.00,0.00,0.00,0,0,0.00,0.00,0.00,0,0,0.00,0.00,0,0
1508120201,total,258888.00,264944.00,523832.00,264944,258888,282.00,286.00,568.00,286,282,0.00,0.00,0,0
1508120202,s1,0.00,0.00,0.00,0,0,0.00,0.00,0.00,0,0,0.00,0.00,0,0
1508120202,eth0,0.00,0.00,0.00,0,0,0.00,0.00,0.00,0,0,0.00,0.00,0,0
1508120202,s2,0.00,0.00,0.00,0,0,0.00,0.00,0.00,0,0,0.00,0.00,0,0
1508120202,s1-eth2,8098.00,251366.00,259464.00,251366,8098,103.00,167.00,270.00,167,103,0.00,0.00,0,0
1508120202,s1-eth1,249810.00,7756.00,257566.00,7756,249810,165.00,102.00,267.00,102,165,0.00,0.00,0,0
1508120202,s2-eth2,0.00,0.00,0.00,0,0,0.00,0.00,0.00,0,0,0.00,0.00,0,0
1508120202,s2-eth1,0.00,0.00,0.00,0,0,0.00,0.00,0.00,0,0,0.00,0.00,0,0
1508120202,lo,172.00,172.00,344.00,172,172,3.00,3.00,6.00,3,3,0.00,0.00,0,0
1508120202,total,258080.00,259294.00,517374.00,259294,258080,271.00,272.00,543.00,272,271,0.00,0.00,0,0
1508120203,s1,0.00,0.00,0.00,0,0,0.00,0.00,0.00,0,0,0.00,0.00,0,0
1508120203,eth0,0.00,0.00,0.00,0,0,0.00,0.00,0.00,0,0,0.00,0.00,0,0
1508120203,s2,0.00,0.00,0.00,0,0,0.00,0.00,0.00,0,0,0.00,0.00,0,0
1508120203,s1-eth2,7268.00,258936.00,266204.00,258936,7268,96.00,172.00,268.00,172,96,0.00,0.00,0,0
1508120203,s1-eth1,249810.00,7268.00,257078.00,7268,249810,165.00,96.00,261.00,96,165,0.00,0.00,0,0
1508120203,s2-eth2,0.00,0.00,0.00,0,0,0.00,0.00,0.00,0,0,0.00,0.00,0,0
1508120203,s2-eth1,0.00,0.00,0.00,0,0,0.00,0.00,0.00,0,0,0.00,0.00,0,0
1508120203,lo,0.00,0.00,0.00,0,0,0.00,0.00,0.00,0,0,0.00,0.00,0,0
1508120203,total,257078.00,266204.00,523282.00,266204,257078,261.00,268.00,529.00,268,261,0.00,0.00,0,0
1508120204,s1,0.00,0.00,0.00,0,0,0.00,0.00,0.00,0,0,0.00,0.00,0,0
1508120204,eth0,0.00,120.00,120.00,120,0,0.00,2.00,2.00,2,0,0.00,0.00,0,0
1508120204,s2,0.00,0.00,0.00,0,0,0.00,0.00,0.00,0,0,0.00,0.00,0,0
1508120204,s1-eth2,8942.00,249810.00,258752.00,249810,8942,115.00,165.00,280.00,165,115,0.00,0.00,0,0
1508120204,s1-eth1,251366.00,9028.00,260394.00,9028,251366,167.00,116.00,283.00,116,167,0.00,0.00,0,0
1508120204,s2-eth2,0.00,0.00,0.00,0,0,0.00,0.00,0.00,0,0,0.00,0.00,0,0
1508120204,s2-eth1,0.00,0.00,0.00,0,0,0.00,0.00,0.00,0,0,0.00,0.00,0,0
1508120204,lo,0.00,0.00,0.00,0,0,0.00,0.00,0.00,0,0,0.00,0.00,0,0
1508120204,total,260308.00,258958.00,519266.00,258958,260308,282.00,283.00,565.00,283,282,0.00,0.00,0,0
1508120205,s1,0.00,0.00,0.00,0,0,0.00,0.00,0.00,0,0,0.00,0.00,0,0
1508120205,eth0,0.00,0.00,0.00,0,0,0.00,0.00,0.00,0,0,0.00,0.00,0,0
1508120205,s2,0.00,0.00,0.00,0,0,0.00,0.00,0.00,0,0,0.00,0.00,0,0
1508120205,s1-eth2,9140.00,255866.00,265006.00,255866,9140,118.00,169.00,287.00,169,118,0.00,0.00,0,0
1508120205,s1-eth1,249810.00,9054.00,258864.00,9054,249810,165.00,117.00,282.00,117,165,0.00,0.00,0,0
1508120205,s2-eth2,0.00,0.00,0.00,0,0,0.00,0.00,0.00,0,0,0.00,0.00,0,0
1508120205,s2-eth1,0.00,0.00,0.00,0,0,0.00,0.00,0.00,0,0,0.00,0.00,0,0
1508120205,lo,172.00,172.00,344.00,172,172,3.00,3.00,6.00,3,3,0.00,0.00,0,0
1508120205,total,259122.00,265092.00,524214.00,265092,259122,286.00,289.00,575.00,289,286,0.00,0.00,0,0
1508120206,s1,0.00,0.00,0.00,0,0,0.00,0.00,0.00,0,0,0.00,0.00,0,0
1508120206,eth0,880.00,951.00,1831.00,951,880,10.00,8.00,18.00,8,10,0.00,0.00,0,0
1508120206,s2,0.00,0.00,0.00,0,0,0.00,0.00,0.00,0,0,0.00,0.00,0,0
1508120206,s1-eth2,9926.00,252838.00,262764.00,252838,9926,125.00,167.00,292.00,167,125,0.00,0.00,0,0
1508120206,s1-eth1,250262.00,9548.00,259810.00,9548,250262,167.00,124.00,291.00,124,167,0.00,0.00,0,0
1508120206,s2-eth2,530.00,0.00,530.00,0,530,3.00,0.00,3.00,0,3,0.00,0.00,0,0
1508120206,s2-eth1,452.00,0.00,452.00,0,452,2.00,0.00,2.00,0,2,0.00,0.00,0,0
1508120206,lo,1023.00,1023.00,2046.00,1023,1023,12.00,12.00,24.00,12,12,0.00,0.00,0,0
1508120206,total,263073.00,264360.00,527433.00,264360,263073,319.00,311.00,630.00,311,319,0.00,0.00,0,0
1508120207,s1,0.00,0.00,0.00,0,0,0.00,0.00,0.00,0,0,0.00,0.00,0,0
1508120207,eth0,304.00,490.00,794.00,490,304,4.00,4.00,8.00,4,4,0.00,0.00,0,0
1508120207,s2,0.00,0.00,0.00,0,0,0.00,0.00,0.00,0,0,0.00,0.00,0,0
1508120207,s1-eth2,8746.00,266464.00,275210.00,266464,8746,113.00,176.00,289.00,176,113,0.00,0.00,0,0
1508120207,s1-eth1,248484.00,8484.00,256968.00,8484,248484,166.00,110.00,276.00,110,166,0.00,0.00,0,0
1508120207,s2-eth2,360.00,0.00,360.00,0,360,4.00,0.00,4.00,0,4,0.00,0.00,0,0
1508120207,s2-eth1,188.00,0.00,188.00,0,188,2.00,0.00,2.00,0,2,0.00,0.00,0,0
1508120207,lo,854.00,854.00,1708.00,854,854,11.00,11.00,22.00,11,11,0.00,0.00,0,0
1508120207,total,258936.00,276292.00,535228.00,276292,258936,300.00,301.00,601.00,301,300,0.00,0.00,0,0
1508120208,s1,0.00,0.00,0.00,0,0,0.00,0.00,0.00,0,0,0.00,0.00,0,0
1508120208,eth0,456.00,735.00,1191.00,735,456,6.00,6.00,12.00,6,6,0.00,0.00,0,0
1508120208,s2,0.00,0.00,0.00,0,0,0.00,0.00,0.00,0,0,0.00,0.00,0,0
1508120208,s1-eth2,8998.00,251324.00,260322.00,251324,8998,109.00,166.00,275.00,166,109,0.00,0.00,0,0
1508120208,s1-eth1,249640.00,7654.00,257294.00,7654,249640,172.00,101.00,273.00,101,172,0.00,0.00,0,0
1508120208,s2-eth2,1856.00,0.00,1856.00,0,1856,8.00,0.00,8.00,0,8,0.00,0.00,0,0
1508120208,s2-eth1,1434.00,0.00,1434.00,0,1434,9.00,0.00,9.00,0,9,0.00,0.00,0,0
1508120208,lo,1023.00,1023.00,2046.00,1023,1023,12.00,12.00,24.00,12,12,0.00,0.00,0,0
1508120208,total,263407.00,260736.00,524143.00,260736,263407,316.00,285.00,601.00,285,316,0.00,0.00,0,0
1508120209,s1,0.00,0.00,0.00,0,0,0.00,0.00,0.00,0,0,0.00,0.00,0,0
1508120209,eth0,152.00,245.00,397.00,245,152,2.00,2.00,4.00,2,2,0.00,0.00,0,0
1508120209,s2,0.00,0.00,0.00,0,0,0.00,0.00,0.00,0,0,0.00,0.00,0,0
1508120209,s1-eth2,8386.00,254352.00,262738.00,254352,8386,98.00,168.00,266.00,168,98,0.00,0.00,0,0
1508120209,s1-eth1,251208.00,6988.00,258196.00,6988,251208,171.00,92.00,263.00,92,171,0.00,0.00,0,0
1508120209,s2-eth2,963.00,0.00,963.00,0,963,4.00,0.00,4.00,0,4,0.00,0.00,0,0
1508120209,s2-eth1,1308.00,0.00,1308.00,0,1308,5.00,0.00,5.00,0,5,0.00,0.00,0,0
1508120209,lo,341.00,341.00,682.00,341,341,4.00,4.00,8.00,4,4,0.00,0.00,0,0
1508120209,total,262358.00,261926.00,524284.00,261926,262358,284.00,266.00,550.00,266,284,0.00,0.00,0,0
1508120210,s1,0.00,0.00,0.00,0,0,0.00,0.00,0.00,0,0,0.00,0.00,0,0
1508120210,eth0,0.00,0.00,0.00,0,0,0.00,0.00,0.00,0,0,0.00,0.00,0,0
1508120210,s2,0.00,0.00,0.00,0,0,0.00,0.00,0.00,0,0,0.00,0.00,0,0
1508120210,s1-eth2,8779.00,252838.00,261617.00,252838,8779,111.00,167.00,278.00,167,111,0.00,0.00,0,0
1508120210,s1-eth1,250137.00,8526.00,258663.00,8526,250137,166.00,111.00,277.00,111,166,0.00,0.00,0,0
1508120210,s2-eth2,0.00,0.00,0.00,0,0,0.00,0.00,0.00,0,0,0.00,0.00,0,0
1508120210,s2-eth1,327.00,0.00,327.00,0,327,1.00,0.00,1.00,0,1,0.00,0.00,0,0
1508120210,lo,172.00,172.00,344.00,172,172,3.00,3.00,6.00,3,3,0.00,0.00,0,0
1508120210,total,259415.00,261536.00,520951.00,261536,259415,281.00,281.00,562.00,281,281,0.00,0.00,0,0
1508120211,s1,0.00,0.00,0.00,0,0,0.00,0.00,0.00,0,0,0.00,0.00,0,0
1508120211,eth0,60.00,240.00,300.00,240,60,1.00,4.00,5.00,4,1,0.00,0.00,0,0
1508120211,s2,0.00,0.00,0.00,0,0,0.00,0.00,0.00,0,0,0.00,0.00,0,0
1508120211,s1-eth2,10274.00,252838.00,263112.00,252838,10274,128.00,167.00,295.00,167,128,0.00,0.00,0,0
1508120211,s1-eth1,249917.00,9826.00,259743.00,9826,249917,166.00,125.00,291.00,125,166,0.00,0.00,0,0
1508120211,s2-eth2,444.00,0.00,444.00,0,444,3.00,0.00,3.00,0,3,0.00,0.00,0,0
1508120211,s2-eth1,374.00,0.00,374.00,0,374,2.00,0.00,2.00,0,2,0.00,0.00,0,0
1508120211,lo,0.00,0.00,0.00,0,0,0.00,0.00,0.00,0,0,0.00,0.00,0,0
1508120211,total,261069.00,262904.00,523973.00,262904,261069,300.00,296.00,596.00,296,300,0.00,0.00,0,0
1508120212,s1,0.00,0.00,0.00,0,0,0.00,0.00,0.00,0,0,0.00,0.00,0,0
1508120212,eth0,0.00,0.00,0.00,0,0,0.00,0.00,0.00,0,0,0.00,0.00,0,0
1508120212,s2,0.00,0.00,0.00,0,0,0.00,0.00,0.00,0,0,0.00,0.00,0,0
1508120212,s1-eth2,10363.00,263436.00,273799.00,263436,10363,131.00,174.00,305.00,174,131,0.00,0.00,0,0
1508120212,s1-eth1,248960.00,10052.00,259012.00,10052,248960,167.00,130.00,297.00,130,167,0.00,0.00,0,0
1508120212,s2-eth2,327.00,0.00,327.00,0,327,1.00,0.00,1.00,0,1,0.00,0.00,0,0
1508120212,s2-eth1,397.00,0.00,397.00,0,397,2.00,0.00,2.00,0,2,0.00,0.00,0,0
1508120212,lo,172.00,172.00,344.00,172,172,3.00,3.00,6.00,3,3,0.00,0.00,0,0
1508120212,total,260219.00,273660.00,533879.00,273660,260219,304.00,307.00,611.00,307,304,0.00,0.00,0,0
1508120213,s1,0.00,0.00,0.00,0,0,0.00,0.00,0.00,0,0,0.00,0.00,0,0
1508120213,eth0,0.00,1464.00,1464.00,1464,0,0.00,4.00,4.00,4,0,0.00,0.00,0,0
1508120213,s2,0.00,0.00,0.00,0,0,0.00,0.00,0.00,0,0,0.00,0.00,0,0
1508120213,s1-eth2,9670.00,257380.00,267050.00,257380,9670,125.00,170.00,295.00,170,125,0.00,0.00,0,0
1508120213,s1-eth1,251324.00,9584.00,260908.00,9584,251324,166.00,124.00,290.00,124,166,0.00,0.00,0,0
1508120213,s2-eth2,0.00,0.00,0.00,0,0,0.00,0.00,0.00,0,0,0.00,0.00,0,0
1508120213,s2-eth1,0.00,0.00,0.00,0,0,0.00,0.00,0.00,0,0,0.00,0.00,0,0
1508120213,lo,0.00,0.00,0.00,0,0,0.00,0.00,0.00,0,0,0.00,0.00,0,0
1508120213,total,260994.00,268428.00,529422.00,268428,260994,291.00,298.00,589.00,298,291,0.00,0.00,0,0
1508120214,s1,0.00,0.00,0.00,0,0,0.00,0.00,0.00,0,0,0.00,0.00,0,0
1508120214,eth0,0.00,0.00,0.00,0,0,0.00,0.00,0.00,0,0,0.00,0.00,0,0
1508120214,s2,0.00,0.00,0.00,0,0,0.00,0.00,0.00,0,0,0.00,0.00,0,0
1508120214,s1-eth2,7338.00,204390.00,211728.00,204390,7338,91.00,135.00,226.00,135,91,0.00,0.00,0,0
1508120214,s1-eth1,203218.00,6996.00,210214.00,6996,203218,135.00,90.00,225.00,90,135,0.00,0.00,0,0
1508120214,s2-eth2,342.00,0.00,342.00,0,342,1.00,0.00,1.00,0,1,0.00,0.00,0,0
1508120214,s2-eth1,0.00,0.00,0.00,0,0,0.00,0.00,0.00,0,0,0.00,0.00,0,0
1508120214,lo,0.00,0.00,0.00,0,0,0.00,0.00,0.00,0,0,0.00,0.00,0,0
1508120214,total,210898.00,211386.00,422284.00,211386,210898,227.00,225.00,452.00,225,227,0.00,0.00,0,0
1508120215,s1,0.00,0.00,0.00,0,0,0.00,0.00,0.00,0,0,0.00,0.00,0,0
1508120215,eth0,0.00,0.00,0.00,0,0,0.00,0.00,0.00,0,0,0.00,0.00,0,0
1508120215,s2,0.00,0.00,0.00,0,0,0.00,0.00,0.00,0,0,0.00,0.00,0,0
1508120215,s1-eth2,9115.00,249810.00,258925.00,249810,9115,119.00,165.00,284.00,165,119,0.00,0.00,0,0
1508120215,s1-eth1,239319.00,9082.00,248401.00,9082,239319,159.00,119.00,278.00,119,159,0.00,0.00,0,0
1508120215,s2-eth2,177.00,0.00,177.00,0,177,2.00,0.00,2.00,0,2,0.00,0.00,0,0
1508120215,s2-eth1,107.00,0.00,107.00,0,107,1.00,0.00,1.00,0,1,0.00,0.00,0,0
1508120215,lo,172.00,172.00,344.00,172,172,3.00,3.00,6.00,3,3,0.00,0.00,0,0
1508120215,total,248890.00,259064.00,507954.00,259064,248890,284.00,287.00,571.00,287,284,0.00,0.00,0,0
1508120216,s1,0.00,0.00,0.00,0,0,0.00,0.00,0.00,0,0,0.00,0.00,0,0
1508120216,eth0,0.00,86.00,86.00,86,0,0.00,1.00,1.00,1,0,0.00,0.00,0,0
1508120216,s2,0.00,0.00,0.00,0,0,0.00,0.00,0.00,0,0,0.00,0.00,0,0
1508120216,s1-eth2,9934.00,252838.00,262772.00,252838,9934,127.00,167.00,294.00,167,127,0.00,0.00,0,0
1508120216,s1-eth1,242310.00,9790.00,252100.00,9790,242310,161.00,125.00,286.00,125,161,0.00,0.00,0,0
1508120216,s2-eth2,0.00,0.00,0.00,0,0,0.00,0.00,0.00,0,0,0.00,0.00,0,0
1508120216,s2-eth1,70.00,0.00,70.00,0,70,1.00,0.00,1.00,0,1,0.00,0.00,0,0
1508120216,lo,0.00,0.00,0.00,0,0,0.00,0.00,0.00,0,0,0.00,0.00,0,0
1508120216,total,252314.00,262714.00,515028.00,262714,252314,289.00,293.00,582.00,293,289,0.00,0.00,0,0
1508120217,s1,0.00,0.00,0.00,0,0,0.00,0.00,0.00,0,0,0.00,0.00,0,0
1508120217,eth0,0.00,0.00,0.00,0,0,0.00,0.00,0.00,0,0,0.00,0.00,0,0
1508120217,s2,0.00,0.00,0.00,0,0,0.00,0.00,0.00,0,0,0.00,0.00,0,0
1508120217,s1-eth2,10076.00,257380.00,267456.00,257380,10076,130.00,170.00,300.00,170,130,0.00,0.00,0,0
1508120217,s1-eth1,248296.00,10076.00,258372.00,10076,248296,164.00,130.00,294.00,130,164,0.00,0.00,0,0
1508120217,s2-eth2,0.00,0.00,0.00,0,0,0.00,0.00,0.00,0,0,0.00,0.00,0,0
1508120217,s2-eth1,342.00,0.00,342.00,0,342,1.00,0.00,1.00,0,1,0.00,0.00,0,0
1508120217,lo,172.00,172.00,344.00,172,172,3.00,3.00,6.00,3,3,0.00,0.00,0,0
1508120217,total,258886.00,267628.00,526514.00,267628,258886,298.00,303.00,601.00,303,298,0.00,0.00,0,0
1508120218,s1,0.00,0.00,0.00,0,0,0.00,0.00,0.00,0,0,0.00,0.00,0,0
1508120218,eth0,0.00,119.88,119.88,120,0,0.00,2.00,2.00,2,0,0.00,0.00,0,0
1508120218,s2,0.00,0.00,0.00,0,0,0.00,0.00,0.00,0,0,0.00,0.00,0,0
1508120218,s1-eth2,8015.98,258635.38,266651.34,258894,8024,105.89,170.83,276.72,171,106,0.00,0.00,0,0
1508120218,s1-eth1,249560.45,8015.98,257576.44,8024,249810,164.84,105.89,270.73,106,165,0.00,0.00,0,0
1508120218,s2-eth2,0.00,0.00,0.00,0,0,0.00,0.00,0.00,0,0,0.00,0.00,0,0
1508120218,s2-eth1,0.00,0.00,0.00,0,0,0.00,0.00,0.00,0,0,0.00,0.00,0,0
1508120218,lo,0.00,0.00,0.00,0,0,0.00,0.00,0.00,0,0,0.00,0.00,0,0
1508120218,total,257576.44,266771.25,524347.69,267038,257834,270.73,278.72,549.45,279,271,0.00,0.00,0,0
1508120219,s1,0.00,0.00,0.00,0,0,0.00,0.00,0.00,0,0,0.00,0.00,0,0
1508120219,eth0,0.00,0.00,0.00,0,0,0.00,0.00,0.00,0,0,0.00,0.00,0,0
1508120219,s2,0.00,0.00,0.00,0,0,0.00,0.00,0.00,0,0,0.00,0.00,0,0
1508120219,s1-eth2,7906.00,252546.00,260452.00,252546,7906,103.00,167.00,270.00,167,103,0.00,0.00,0,0
1508120219,s1-eth1,250152.00,7906.00,258058.00,7906,250152,166.00,103.00,269.00,103,166,0.00,0.00,0,0
1508120219,s2-eth2,0.00,0.00,0.00,0,0,0.00,0.00,0.00,0,0,0.00,0.00,0,0
1508120219,s2-eth1,0.00,0.00,0.00,0,0,0.00,0.00,0.00,0,0,0.00,0.00,0,0
1508120219,lo,0.00,0.00,0.00,0,0,0.00,0.00,0.00,0,0,0.00,0.00,0,0
1508120219,total,258058.00,260452.00,518510.00,260452,258058,269.00,270.00,539.00,270,269,0.00,0.00,0,0
1508120220,s1,0.00,0.00,0.00,0,0,0.00,0.00,0.00,0,0,0.00,0.00,0,0
1508120220,eth0,0.00,0.00,0.00,0,0,0.00,0.00,0.00,0,0,0.00,0.00,0,0
1508120220,s2,0.00,0.00,0.00,0,0,0.00,0.00,0.00,0,0,0.00,0.00,0,0
1508120220,s1-eth2,456.00,222.00,678.00,222,456,6.00,3.00,9.00,3,6,0.00,0.00,0,0
1508120220,s1-eth1,7500.00,456.00,7956.00,456,7500,8.00,6.00,14.00,6,8,0.00,0.00,0,0
1508120220,s2-eth2,0.00,0.00,0.00,0,0,0.00,0.00,0.00,0,0,0.00,0.00,0,0
1508120220,s2-eth1,0.00,0.00,0.00,0,0,0.00,0.00,0.00,0,0,0.00,0.00,0,0
1508120220,lo,172.00,172.00,344.00,172,172,3.00,3.00,6.00,3,3,0.00,0.00,0,0
1508120220,total,8128.00,850.00,8978.00,850,8128,17.00,12.00,29.00,12,17,0.00,0.00,0,0
1508120221,s1,0.00,0.00,0.00,0,0,0.00,0.00,0.00,0,0,0.00,0.00,0,0
1508120221,eth0,0.00,0.00,0.00,0,0,0.00,0.00,0.00,0,0,0.00,0.00,0,0
1508120221,s2,0.00,0.00,0.00,0,0,0.00,0.00,0.00,0,0,0.00,0.00,0,0
1508120221,s1-eth2,0.00,0.00,0.00,0,0,0.00,0.00,0.00,0,0,0.00,0.00,0,0
1508120221,s1-eth1,0.00,0.00,0.00,0,0,0.00,0.00,0.00,0,0,0.00,0.00,0,0
1508120221,s2-eth2,342.00,0.00,342.00,0,342,1.00,0.00,1.00,0,1,0.00,0.00,0,0
1508120221,s2-eth1,0.00,0.00,0.00,0,0,0.00,0.00,0.00,0,0,0.00,0.00,0,0
1508120221,lo,0.00,0.00,0.00,0,0,0.00,0.00,0.00,0,0,0.00,0.00,0,0
1508120221,total,342.00,0.00,342.00,0,342,1.00,0.00,1.00,0,1,0.00,0.00,0,0
1508120222,s1,0.00,0.00,0.00,0,0,0.00,0.00,0.00,0,0,0.00,0.00,0,0
1508120222,eth0,0.00,0.00,0.00,0,0,0.00,0.00,0.00,0,0,0.00,0.00,0,0
1508120222,s2,0.00,0.00,0.00,0,0,0.00,0.00,0.00,0,0,0.00,0.00,0,0
1508120222,s1-eth2,0.00,0.00,0.00,0,0,0.00,0.00,0.00,0,0,0.00,0.00,0,0
1508120222,s1-eth1,0.00,0.00,0.00,0,0,0.00,0.00,0.00,0,0,0.00,0.00,0,0
1508120222,s2-eth2,0.00,0.00,0.00,0,0,0.00,0.00,0.00,0,0,0.00,0.00,0,0
1508120222,s2-eth1,0.00,0.00,0.00,0,0,0.00,0.00,0.00,0,0,0.00,0.00,0,0
1508120222,lo,171.83,171.83,343.66,172,172,3.00,3.00,5.99,3,3,0.00,0.00,0,0
1508120222,total,171.83,171.83,343.66,172,172,3.00,3.00,5.99,3,3,0.00,0.00,0,0
1508120223,s1,0.00,0.00,0.00,0,0,0.00,0.00,0.00,0,0,0.00,0.00,0,0
1508120223,eth0,0.00,0.00,0.00,0,0,0.00,0.00,0.00,0,0,0.00,0.00,0,0
1508120223,s2,0.00,0.00,0.00,0,0,0.00,0.00,0.00,0,0,0.00,0.00,0,0
1508120223,s1-eth2,107.00,0.00,107.00,0,107,1.00,0.00,1.00,0,1,0.00,0.00,0,0
1508120223,s1-eth1,107.00,0.00,107.00,0,107,1.00,0.00,1.00,0,1,0.00,0.00,0,0
1508120223,s2-eth2,107.00,0.00,107.00,0,107,1.00,0.00,1.00,0,1,0.00,0.00,0,0
1508120223,s2-eth1,107.00,0.00,107.00,0,107,1.00,0.00,1.00,0,1,0.00,0.00,0,0
1508120223,lo,0.00,0.00,0.00,0,0,0.00,0.00,0.00,0,0,0.00,0.00,0,0
1508120223,total,428.00,0.00,428.00,0,428,4.00,0.00,4.00,0,4,0.00,0.00,0,0
1508120224,s1,0.00,0.00,0.00,0,0,0.00,0.00,0.00,0,0,0.00,0.00,0,0
1508120224,eth0,0.00,117.88,117.88,118,0,0.00,1.00,1.00,1,0,0.00,0.00,0,0
1508120224,s2,0.00,0.00,0.00,0,0,0.00,0.00,0.00,0,0,0.00,0.00,0,0
1508120224,s1-eth2,0.00,0.00,0.00,0,0,0.00,0.00,0.00,0,0,0.00,0.00,0,0
1508120224,s1-eth1,0.00,0.00,0.00,0,0,0.00,0.00,0.00,0,0,0.00,0.00,0,0
1508120224,s2-eth2,0.00,0.00,0.00,0,0,0.00,0.00,0.00,0,0,0.00,0.00,0,0
1508120224,s2-eth1,0.00,0.00,0.00,0,0,0.00,0.00,0.00,0,0,0.00,0.00,0,0
1508120224,lo,0.00,0.00,0.00,0,0,0.00,0.00,0.00,0,0,0.00,0.00,0,0
1508120224,total,0.00,117.88,117.88,118,0,0.00,1.00,1.00,1,0,0.00,0.00,0,0
1508120225,s1,0.00,0.00,0.00,0,0,0.00,0.00,0.00,0,0,0.00,0.00,0,0
1508120225,eth0,0.00,180.00,180.00,180,0,0.00,3.00,3.00,3,0,0.00,0.00,0,0
1508120225,s2,0.00,0.00,0.00,0,0,0.00,0.00,0.00,0,0,0.00,0.00,0,0
1508120225,s1-eth2,0.00,0.00,0.00,0,0,0.00,0.00,0.00,0,0,0.00,0.00,0,0
1508120225,s1-eth1,0.00,0.00,0.00,0,0,0.00,0.00,0.00,0,0,0.00,0.00,0,0
1508120225,s2-eth2,0.00,0.00,0.00,0,0,0.00,0.00,0.00,0,0,0.00,0.00,0,0
1508120225,s2-eth1,0.00,0.00,0.00,0,0,0.00,0.00,0.00,0,0,0.00,0.00,0,0
1508120225,lo,172.00,172.00,344.00,172,172,3.00,3.00,6.00,3,3,0.00,0.00,0,0
1508120225,total,172.00,352.00,524.00,352,172,3.00,6.00,9.00,6,3,0.00,0.00,0,0
1508120226,s1,0.00,0.00,0.00,0,0,0.00,0.00,0.00,0,0,0.00,0.00,0,0
1508120226,eth0,0.00,0.00,0.00,0,0,0.00,0.00,0.00,0,0,0.00,0.00,0,0
1508120226,s2,0.00,0.00,0.00,0,0,0.00,0.00,0.00,0,0,0.00,0.00,0,0
1508120226,s1-eth2,0.00,0.00,0.00,0,0,0.00,0.00,0.00,0,0,0.00,0.00,0,0
1508120226,s1-eth1,0.00,0.00,0.00,0,0,0.00,0.00,0.00,0,0,0.00,0.00,0,0
1508120226,s2-eth2,0.00,0.00,0.00,0,0,0.00,0.00,0.00,0,0,0.00,0.00,0,0
1508120226,s2-eth1,0.00,0.00,0.00,0,0,0.00,0.00,0.00,0,0,0.00,0.00,0,0
1508120226,lo,0.00,0.00,0.00,0,0,0.00,0.00,0.00,0,0,0.00,0.00,0,0
1508120226,total,0.00,0.00,0.00,0,0,0.00,0.00,0.00,0,0,0.00,0.00,0,0
1508120227,s1,0.00,0.00,0.00,0,0,0.00,0.00,0.00,0,0,0.00,0.00,0,0
1508120227,eth0,0.00,0.00,0.00,0,0,0.00,0.00,0.00,0,0,0.00,0.00,0,0
1508120227,s2,0.00,0.00,0.00,0,0,0.00,0.00,0.00,0,0,0.00,0.00,0,0
1508120227,s1-eth2,342.00,0.00,342.00,0,342,1