1508202212,s1,0.00,0.00,0.00,0,0,0.00,0.00,0.00,0,0,0.00,0.00,0,0
1508202212,eth0,0.00,0.00,0.00,0,0,0.00,0.00,0.00,0,0,0.00,0.00,0,0
1508202212,s2,0.00,0.00,0.00,0,0,0.00,0.00,0.00,0,0,0.00,0.00,0,0
1508202212,s1-eth2,0.00,0.00,0.00,0,0,0.00,0.00,0.00,0,0,0.00,0.00,0,0
1508202212,s1-eth1,0.00,0.00,0.00,0,0,0.00,0.00,0.00,0,0,0.00,0.00,0,0
1508202212,s2-eth2,0.00,0.00,0.00,0,0,0.00,0.00,0.00,0,0,0.00,0.00,0,0
1508202212,s2-eth1,0.00,0.00,0.00,0,0,0.00,0.00,0.00,0,0,0.00,0.00,0,0
1508202212,lo,0.00,0.00,0.00,0,0,0.00,0.00,0.00,0,0,0.00,0.00,0,0
1508202212,total,0.00,0.00,0.00,0,0,0.00,0.00,0.00,0,0,0.00,0.00,0,0
1508202213,s1,0.00,42.00,42.00,42,0,0.00,1.00,1.00,1,0,0.00,0.00,0,0
1508202213,eth0,0.00,0.00,0.00,0,0,0.00,0.00,0.00,0,0,0.00,0.00,0,0
1508202213,s2,0.00,42.00,42.00,42,0,0.00,1.00,1.00,1,0,0.00,0.00,0,0
1508202213,s1-eth2,12592.00,228656.00,241248.00,228656,12592,156.00,152.00,308.00,152,156,0.00,0.00,0,0
1508202213,s1-eth1,249852.00,12518.00,262370.00,12518,249852,166.00,155.00,321.00,155,166,0.00,0.00,0,0
1508202213,s2-eth2,7898.00,169610.00,177508.00,169610,7898,95.00,113.00,208.00,113,95,0.00,0.00,0,0
1508202213,s2-eth1,153046.00,7898.00,160944.00,7898,153046,103.00,95.00,198.00,95,103,0.00,0.00,0,0
1508202213,lo,480.00,480.00,960.00,480,480,6.00,6.00,12.00,6,6,0.00,0.00,0,0
1508202213,total,423868.00,419246.00,843114.00,419246,423868,526.00,523.00,1049.00,523,526,0.00,0.00,0,0
1508202214,s1,0.00,42.00,42.00,42,0,0.00,1.00,1.00,1,0,0.00,0.00,0,0
1508202214,eth0,0.00,0.00,0.00,0,0,0.00,0.00,0.00,0,0,0.00,0.00,0,0
1508202214,s2,0.00,42.00,42.00,42,0,0.00,1.00,1.00,1,0,0.00,0.00,0,0
1508202214,s1-eth2,12100.00,251366.00,263466.00,251366,12100,158.00,167.00,325.00,167,158,0.00,0.00,0,0
1508202214,s1-eth1,248680.00,12100.00,260780.00,12100,248680,166.00,158.00,324.00,158,166,0.00,0.00,0,0
1508202214,s2-eth2,7672.00,145386.00,153058.00,145386,7672,98.00,97.00,195.00,97,98,0.00,0.00,0,0
1508202214,s2-eth1,146900.00,7672.00,154572.00,7672,146900,98.00,98.00,196.00,98,98,0.00,0.00,0,0
1508202214,lo,480.00,480.00,960.00,480,480,6.00,6.00,12.00,6,6,0.00,0.00,0,0
1508202214,total,415832.00,417088.00,832920.00,417088,415832,526.00,528.00,1054.00,528,526,0.00,0.00,0,0
1508202215,s1,0.00,41.96,41.96,42,0,0.00,1.00,1.00,1,0,0.00,0.00,0,0
1508202215,eth0,0.00,0.00,0.00,0,0,0.00,0.00,0.00,0,0,0.00,0.00,0,0
1508202215,s2,0.00,41.96,41.96,42,0,0.00,1.00,1.00,1,0,0.00,0.00,0,0
1508202215,s1-eth2,11014.99,249602.41,260617.39,249852,11026,142.86,165.83,308.69,166,143,0.00,0.00,0,0
1508202215,s1-eth1,249602.41,11100.90,260703.30,11112,249852,165.83,143.86,309.69,144,166,0.00,0.00,0,0
1508202215,s2-eth2,4961.04,107428.58,112389.62,107536,4966,64.94,71.93,136.86,72,65,0.00,0.00,0,0
1508202215,s2-eth1,102891.11,4961.04,107852.15,4966,102994,68.93,64.94,133.87,65,69,0.00,0.00,0,0
1508202215,lo,479.52,479.52,959.04,480,480,5.99,5.99,11.99,6,6,0.00,0.00,0,0
1508202215,total,368949.06,373656.34,742605.44,374030,369318,448.55,454.55,903.10,455,449,0.00,0.00,0,0
1508202216,s1,0.00,41.96,41.96,42,0,0.00,1.00,1.00,1,0,0.00,0.00,0,0
1508202216,eth0,0.00,0.00,0.00,0,0,0.00,0.00,0.00,0,0,0.00,0.00,0,0
1508202216,s2,0.00,41.96,41.96,42,0,0.00,1.00,1.00,1,0,0.00,0.00,0,0
1508202216,s1-eth2,12693.31,252627.38,265320.69,252880,12706,164.84,167.83,332.67,168,165,0.00,0.00,0,0
1508202216,s1-eth1,251114.89,12607.39,263722.28,12620,251366,166.83,163.84,330.67,164,167,0.00,0.00,0,0
1508202216,s2-eth2,4555.44,113478.52,118033.97,113592,4560,57.94,75.92,133.87,76,58,0.00,0.00,0,0
1508202216,s2-eth1,115332.67,4213.79,119546.45,4218,115448,77.92,56.94,134.87,57,78,0.00,0.00,0,0
1508202216,lo,479.52,479.52,959.04,480,480,5.99,5.99,11.99,6,6,0.00,0.00,0,0
1508202216,total,384175.84,383490.53,767666.38,383874,384560,473.53,472.53,946.05,473,474,0.00,0.00,0,0
1508202217,s1,0.00,42.00,42.00,42,0,0.00,1.00,1.00,1,0,0.00,0.00,0,0
1508202217,eth0,0.00,0.00,0.00,0,0,0.00,0.00,0.00,0,0,0.00,0.00,0,0
1508202217,s2,0.00,42.00,42.00,42,0,0.00,1.00,1.00,1,0,0.00,0.00,0,0
1508202217,s1-eth2,12472.00,255908.00,268380.00,255908,12472,162.00,170.00,332.00,170,162,0.00,0.00,0,0
1508202217,s1-eth1,249959.00,12472.00,262431.00,12472,249959,167.00,162.00,329.00,162,167,0.00,0.00,0,0
1508202217,s2-eth2,5546.00,124190.00,129736.00,124190,5546,73.00,83.00,156.00,83,73,0.00,0.00,0,0
1508202217,s2-eth1,124190.00,5546.00,129736.00,5546,124190,83.00,73.00,156.00,73,83,0.00,0.00,0,0
1508202217,lo,480.00,480.00,960.00,480,480,6.00,6.00,12.00,6,6,0.00,0.00,0,0
1508202217,total,392647.00,398680.00,791327.00,398680,392647,491.00,496.00,987.00,496,491,0.00,0.00,0,0
1508202218,s1,0.00,0.00,0.00,0,0,0.00,0.00,0.00,0,0,0.00,0.00,0,0
1508202218,eth0,0.00,0.00,0.00,0,0,0.00,0.00,0.00,0,0,0.00,0.00,0,0
1508202218,s2,0.00,0.00,0.00,0,0,0.00,0.00,0.00,0,0,0.00,0.00,0,0
1508202218,s1-eth2,12305.00,257380.00,269685.00,257380,12305,160.00,170.00,330.00,170,160,0.00,0.00,0,0
1508202218,s1-eth1,249810.00,12198.00,262008.00,12198,249810,165.00,159.00,324.00,159,165,0.00,0.00,0,0
1508202218,s2-eth2,4467.00,115064.00,119531.00,115064,4467,57.00,76.00,133.00,76,57,0.00,0.00,0,0
1508202218,s2-eth1,112143.00,4360.00,116503.00,4360,112143,75.00,56.00,131.00,56,75,0.00,0.00,0,0
1508202218,lo,0.00,0.00,0.00,0,0,0.00,0.00,0.00,0,0,0.00,0.00,0,0
1508202218,total,378725.00,389002.00,767727.00,389002,378725,457.00,461.00,918.00,461,457,0.00,0.00,0,0
1508202219,s1,0.00,0.00,0.00,0,0,0.00,0.00,0.00,0,0,0.00,0.00,0,0
1508202219,eth0,0.00,0.00,0.00,0,0,0.00,0.00,0.00,0,0,0.00,0.00,0,0
1508202219,s2,0.00,0.00,0.00,0,0,0.00,0.00,0.00,0,0,0.00,0.00,0,0
1508202219,s1-eth2,11866.00,261922.00,273788.00,261922,11866,157.00,173.00,330.00,173,157,0.00,0.00,0,0
1508202219,s1-eth1,249810.00,11866.00,261676.00,11866,249810,165.00,157.00,322.00,157,165,0.00,0.00,0,0
1508202219,s2-eth2,3534.00,65102.00,68636.00,65102,3534,43.00,43.00,86.00,43,43,0.00,0.00,0,0
1508202219,s2-eth1,63588.00,3534.00,67122.00,3534,63588,42.00,43.00,85.00,43,42,0.00,0.00,0,0
1508202219,lo,0.00,0.00,0.00,0,0,0.00,0.00,0.00,0,0,0.00,0.00,0,0
1508202219,total,328798.00,342424.00,671222.00,342424,328798,407.00,416.00,823.00,416,407,0.00,0.00,0,0
1508202220,s1,0.00,0.00,0.00,0,0,0.00,0.00,0.00,0,0,0.00,0.00,0,0
1508202220,eth0,0.00,146.00,146.00,146,0,0.00,2.00,2.00,2,0,0.00,0.00,0,0
1508202220,s2,0.00,0.00,0.00,0,0,0.00,0.00,0.00,0,0,0.00,0.00,0,0
1508202220,s1-eth2,12670.00,257380.00,270050.00,257380,12670,163.00,170.00,333.00,170,163,0.00,0.00,0,0
1508202220,s1-eth1,249810.00,12670.00,262480.00,12670,249810,165.00,163.00,328.00,163,165,0.00,0.00,0,0
1508202220,s2-eth2,3478.00,80242.00,83720.00,80242,3478,47.00,53.00,100.00,53,47,0.00,0.00,0,0
1508202220,s2-eth1,75700.00,3478.00,79178.00,3478,75700,50.00,47.00,97.00,47,50,0.00,0.00,0,0
1508202220,lo,0.00,0.00,0.00,0,0,0.00,0.00,0.00,0,0,0.00,0.00,0,0
1508202220,total,341658.00,353916.00,695574.00,353916,341658,425.00,435.00,860.00,435,425,0.00,0.00,0,0
1508202221,s1,0.00,0.00,0.00,0,0,0.00,0.00,0.00,0,0,0.00,0.00,0,0
1508202221,eth0,0.00,0.00,0.00,0,0,0.00,0.00,0.00,0,0,0.00,0.00,0,0
1508202221,s2,0.00,0.00,0.00,0,0,0.00,0.00,0.00,0,0,0.00,0.00,0,0
1508202221,s1-eth2,12676.00,258894.00,271570.00,258894,12676,164.00,171.00,335.00,171,164,0.00,0.00,0,0
1508202221,s1-eth1,251324.00,12676.00,264000.00,12676,251324,166.00,164.00,330.00,164,166,0.00,0.00,0,0
1508202221,s2-eth2,3526.00,87812.00,91338.00,87812,3526,45.00,58.00,103.00,58,45,0.00,0.00,0,0
1508202221,s2-eth1,83270.00,3600.00,86870.00,3600,83270,55.00,46.00,101.00,46,55,0.00,0.00,0,0
1508202221,lo,0.00,0.00,0.00,0,0,0.00,0.00,0.00,0,0,0.00,0.00,0,0
1508202221,total,350796.00,362982.00,713778.00,362982,350796,430.00,439.00,869.00,439,430,0.00,0.00,0,0
1508202222,s1,0.00,0.00,0.00,0,0,0.00,0.00,0.00,0,0,0.00,0.00,0,0
1508202222,eth0,0.00,0.00,0.00,0,0,0.00,0.00,0.00,0,0,0.00,0.00,0,0
1508202222,s2,0.00,0.00,0.00,0,0,0.00,0.00,0.00,0,0,0.00,0.00,0,0
1508202222,s1-eth2,12274.00,263436.00,275710.00,263436,12274,159.00,174.00,333.00,174,159,0.00,0.00,0,0
1508202222,s1-eth1,249810.00,12274.00,262084.00,12274,249810,165.00,159.00,324.00,159,165,0.00,0.00,0,0
1508202222,s2-eth2,3964.00,98452.00,102416.00,98452,3964,54.00,66.00,120.00,66,54,0.00,0.00,0,0
1508202222,s2-eth1,102994.00,3890.00,106884.00,3890,102994,69.00,53.00,122.00,53,69,0.00,0.00,0,0
1508202222,lo,936.00,936.00,1872.00,936,936,12.00,12.00,24.00,12,12,0.00,0.00,0,0
1508202222,total,369978.00,378988.00,748966.00,378988,369978,459.00,464.00,923.00,464,459,0.00,0.00,0,0
1508202223,s1,0.00,0.00,0.00,0,0,0.00,0.00,0.00,0,0,0.00,0.00,0,0
1508202223,eth0,0.00,0.00,0.00,0,0,0.00,0.00,0.00,0,0,0.00,0.00,0,0
1508202223,s2,0.00,0.00,0.00,0,0,0.00,0.00,0.00,0,0,0.00,0.00,0,0
1508202223,s1-eth2,12336.00,254352.00,266688.00,254352,12336,162.00,168.00,330.00,168,162,0.00,0.00,0,0
1508202223,s1-eth1,249810.00,12336.00,262146.00,12336,249810,165.00,162.00,327.00,162,165,0.00,0.00,0,0
1508202223,s2-eth2,4066.00,96896.00,100962.00,96896,4066,53.00,64.00,117.00,64,53,0.00,0.00,0,0
1508202223,s2-eth1,87812.00,4066.00,91878.00,4066,87812,58.00,53.00,111.00,53,58,0.00,0.00,0,0
1508202223,lo,0.00,0.00,0.00,0,0,0.00,0.00,0.00,0,0,0.00,0.00,0,0
1508202223,total,354024.00,367650.00,721674.00,367650,354024,438.00,447.00,885.00,447,438,0.00,0.00,0,0
1508202224,s1,0.00,0.00,0.00,0,0,0.00,0.00,0.00,0,0,0.00,0.00,0,0
1508202224,eth0,0.00,0.00,0.00,0,0,0.00,0.00,0.00,0,0,0.00,0.00,0,0
1508202224,s2,0.00,0.00,0.00,0,0,0.00,0.00,0.00,0,0,0.00,0.00,0,0
1508202224,s1-eth2,12370.00,254352.00,266722.00,254352,12370,161.00,168.00,329.00,168,161,0.00,0.00,0,0
1508202224,s1-eth1,249810.00,12370.00,262180.00,12370,249810,165.00,161.00,326.00,161,165,0.00,0.00,0,0
1508202224,s2-eth2,3682.00,92354.00,96036.00,92354,3682,47.00,61.00,108.00,61,47,0.00,0.00,0,0
1508202224,s2-eth1,95382.00,3682.00,99064.00,3682,95382,63.00,47.00,110.00,47,63,0.00,0.00,0,0
1508202224,lo,0.00,0.00,0.00,0,0,0.00,0.00,0.00,0,0,0.00,0.00,0,0
1508202224,total,361244.00,362758.00,724002.00,362758,361244,436.00,437.00,873.00,437,436,0.00,0.00,0,0
1508202225,s1,0.00,0.00,0.00,0,0,0.00,0.00,0.00,0,0,0.00,0.00,0,0
1508202225,eth0,0.00,0.00,0.00,0,0,0.00,0.00,0.00,0,0,0.00,0.00,0,0
1508202225,s2,0.00,0.00,0.00,0,0,0.00,0.00,0.00,0,0,0.00,0.00,0,0
1508202225,s1-eth2,12299.70,258635.38,270935.06,258894,12312,159.84,170.83,330.67,171,160,0.00,0.00,0,0
1508202225,s1-eth1,249902.11,12299.70,262201.81,12312,250152,165.83,159.84,325.67,160,166,0.00,0.00,0,0
1508202225,s2-eth2,3640.36,71086.91,74727.27,71158,3644,45.95,46.95,92.91,47,46,0.00,0.00,0,0
1508202225,s2-eth1,63524.48,3640.36,67164.84,3644,63588,41.96,45.95,87.91,46,42,0.00,0.00,0,0
1508202225,lo,0.00,0.00,0.00,0,0,0.00,0.00,0.00,0,0,0.00,0.00,0,0
1508202225,total,329366.66,345662.34,675029.00,346008,329696,413.59,423.58,837.16,424,414,0.00,0.00,0,0
1508202226,s1,0.00,0.00,0.00,0,0,0.00,0.00,0.00,0,0,0.00,0.00,0,0
1508202226,eth0,0.00,0.00,0.00,0,0,0.00,0.00,0.00,0,0,0.00,0.00,0,0
1508202226,s2,0.00,0.00,0.00,0,0,0.00,0.00,0.00,0,0,0.00,0.00,0,0
1508202226,s1-eth2,12188.00,261922.00,274110.00,261922,12188,160.00,173.00,333.00,173,160,0.00,0.00,0,0
1508202226,s1-eth1,251324.00,12262.00,263586.00,12262,251324,166.00,161.00,327.00,161,166,0.00,0.00,0,0
1508202226,s2-eth2,2242.00,46934.00,49176.00,46934,2242,29.00,31.00,60.00,31,29,0.00,0.00,0,0
1508202226,s2-eth1,54504.00,2242.00,56746.00,2242,54504,36.00,29.00,65.00,29,36,0.00,0.00,0,0
1508202226,lo,0.00,0.00,0.00,0,0,0.00,0.00,0.00,0,0,0.00,0.00,0,0
1508202226,total,320258.00,323360.00,643618.00,323360,320258,391.00,394.00,785.00,394,391,0.00,0.00,0,0
1508202227,s1,0.00,0.00,0.00,0,0,0.00,0.00,0.00,0,0,0.00,0.00,0,0
1508202227,eth0,0.00,0.00,0.00,0,0,0.00,0.00,0.00,0,0,0.00,0.00,0,0
1508202227,s2,0.00,0.00,0.00,0,0,0.00,0.00,0.00,0,0,0.00,0.00,0,0
1508202227,s1-eth2,12364.00,254352.00,266716.00,254352,12364,162.00,168.00,330.00,168,162,0.00,0.00,0,0
1508202227,s1-eth1,249810.00,12290.00,262100.00,12290,249810,165.00,161.00,326.00,161,165,0.00,0.00,0,0
1508202227,s2-eth2,1986.00,57532.00,59518.00,57532,1986,25.00,38.00,63.00,38,25,0.00,0.00,0,0
1508202227,s2-eth1,50304.00,1986.00,52290.00,1986,50304,34.00,25.00,59.00,25,34,0.00,0.00,0,0
1508202227,lo,344.00,344.00,688.00,344,344,6.00,6.00,12.00,6,6,0.00,0.00,0,0
1508202227,total,314808.00,326504.00,641312.00,326504,314808,392.00,398.00,790.00,398,392,0.00,0.00,0,0
1508202228,s1,0.00,0.00,0.00,0,0,0.00,0.00,0.00,0,0,0.00,0.00,0,0
1508202228,eth0,0.00,0.00,0.00,0,0,0.00,0.00,0.00,0,0,0.00,0.00,0,0
1508202228,s2,0.00,0.00,0.00,0,0,0.00,0.00,0.00,0,0,0.00,0.00,0,0
1508202228,s1-eth2,12236.00,257380.00,269616.00,257380,12236,160.00,170.00,330.00,170,160,0.00,0.00,0,0
1508202228,s1-eth1,249810.00,12236.00,262046.00,12236,249810,165.00,160.00,325.00,160,165,0.00,0.00,0,0
1508202228,s2-eth2,2960.00,68130.00,71090.00,68130,2960,40.00,45.00,85.00,45,40,0.00,0.00,0,0
1508202228,s2-eth1,66616.00,2960.00,69576.00,2960,66616,44.00,40.00,84.00,40,44,0.00,0.00,0,0
1508202228,lo,0.00,0.00,0.00,0,0,0.00,0.00,0.00,0,0,0.00,0.00,0,0
1508202228,total,331622.00,340706.00,672328.00,340706,331622,409.00,415.00,824.00,415,409,0.00,0.00,0,0
1508202229,s1,0.00,0.00,0.00,0,0,0.00,0.00,0.00,0,0,0.00,0.00,0,0
1508202229,eth0,0.00,0.00,0.00,0,0,0.00,0.00,0.00,0,0,0.00,0.00,0,0
1508202229,s2,0.00,0.00,0.00,0,0,0.00,0.00,0.00,0,0,0.00,0.00,0,0
1508202229,s1-eth2,12492.00,255866.00,268358.00,255866,12492,162.00,169.00,331.00,169,162,0.00,0.00,0,0
1508202229,s1-eth1,249810.00,12492.00,262302.00,12492,249810,165.00,162.00,327.00,162,165,0.00,0.00,0,0
1508202229,s2-eth2,3182.00,86298.00,89480.00,86298,3182,43.00,57.00,100.00,57,43,0.00,0.00,0,0
1508202229,s2-eth1,87812.00,3182.00,90994.00,3182,87812,58.00,43.00,101.00,43,58,0.00,0.00,0,0
1508202229,lo,0.00,0.00,0.00,0,0,0.00,0.00,0.00,0,0,0.00,0.00,0,0
1508202229,total,353296.00,357838.00,711134.00,357838,353296,428.00,431.00,859.00,431,428,0.00,0.00,0,0
1508202230,s1,0.00,0.00,0.00,0,0,0.00,0.00,0.00,0,0,0.00,0.00,0,0
1508202230,eth0,0.00,0.00,0.00,0,0,0.00,0.00,0.00,0,0,0.00,0.00,0,0
1508202230,s2,0.00,0.00,0.00,0,0,0.00,0.00,0.00,0,0,0.00,0.00,0,0
1508202230,s1-eth2,12640.00,258894.00,271534.00,258894,12640,162.00,171.00,333.00,171,162,0.00,0.00,0,0
1508202230,s1-eth1,249810.00,12298.00,262108.00,12298,249810,165.00,161.00,326.00,161,165,0.00,0.00,0,0
1508202230,s2-eth2,4144.00,115064.00,119208.00,115064,4144,56.00,76.00,132.00,76,56,0.00,0.00,0,0
1508202230,s2-eth1,107494.00,4144.00,111638.00,4144,107494,71.00,56.00,127.00,56,71,0.00,0.00,0,0
1508202230,lo,0.00,0.00,0.00,0,0,0.00,0.00,0.00,0,0,0.00,0.00,0,0
1508202230,total,374088.00,390400.00,764488.00,390400,374088,454.00,464.00,918.00,464,454,0.00,0.00,0,0
1508202231,s1,0.00,0.00,0.00,0,0,0.00,0.00,0.00,0,0,0.00,0.00,0,0
1508202231,eth0,0.00,0.00,0.00,0,0,0.00,0.00,0.00,0,0,0.00,0.00,0,0
1508202231,s2,0.00,0.00,0.00,0,0,0.00,0.00,0.00,0,0,0.00,0.00,0,0
1508202231,s1-eth2,12303.70,257122.89,269426.59,257380,12316,157.84,169.83,327.67,170,158,0.00,0.00,0,0
1508202231,s1-eth1,249560.45,12377.62,261938.06,12390,249810,164.84,158.84,323.68,159,165,0.00,0.00,0,0
1508202231,s2-eth2,5396.60,104361.64,109758.24,104466,5402,64.94,68.93,133.87,69,65,0.00,0.00,0,0
1508202231,s2-eth1,108899.10,5054.95,113954.05,5060,109008,71.93,63.94,135.86,64,72,0.00,0.00,0,0
1508202231,lo,0.00,0.00,0.00,0,0,0.00,0.00,0.00,0,0,0.00,0.00,0,0
1508202231,total,376159.84,378917.09,755076.94,379296,376536,459.54,461.54,921.08,462,460,0.00,0.00,0,0
1508202232,s1,0.00,0.00,0.00,0,0,0.00,0.00,0.00,0,0,0.00,0.00,0,0
1508202232,eth0,0.00,0.00,0.00,0,0,0.00,0.00,0.00,0,0,0.00,0.00,0,0
1508202232,s2,0.00,0.00,0.00,0,0,0.00,0.00,0.00,0,0,0.00,0.00,0,0
1508202232,s1-eth2,12486.00,260408.00,272894.00,260408,12486,163.00,172.00,335.00,172,163,0.00,0.00,0,0
1508202232,s1-eth1,251324.00,12412.00,263736.00,12412,251324,166.00,162.00,328.00,162,166,0.00,0.00,0,0
1508202232,s2-eth2,2960.00,87812.00,90772.00,87812,2960,40.00,58.00,98.00,58,40,0.00,0.00,0,0
1508202232,s2-eth1,86298.00,2960.00,89258.00,2960,86298,57.00,40.00,97.00,40,57,0.00,0.00,0,0
1508202232,lo,344.00,344.00,688.00,344,344,6.00,6.00,12.00,6,6,0.00,0.00,0,0
1508202232,total,353412.00,363936.00,717348.00,363936,353412,432.00,438.00,870.00,438,432,0.00,0.00,0,0
1508202233,s1,0.00,0.00,0.00,0,0,0.00,0.00,0.00,0,0,0.00,0.00,0,0
1508202233,eth0,0.00,0.00,0.00,0,0,0.00,0.00,0.00,0,0,0.00,0.00,0,0
1508202233,s2,0.00,0.00,0.00,0,0,0.00,0.00,0.00,0,0,0.00,0.00,0,0
1508202233,s1-eth2,12322.00,258894.00,271216.00,258894,12322,159.00,171.00,330.00,171,159,0.00,0.00,0,0
1508202233,s1-eth1,249917.00,12322.00,262239.00,12322,249917,166.00,159.00,325.00,159,166,0.00,0.00,0,0
1508202233,s2-eth2,3818.00,87812.00,91630.00,87812,3818,49.00,58.00,107.00,58,49,0.00,0.00,0,0
1508202233,s2-eth1,87812.00,3818.00,91630.00,3818,87812,58.00,49.00,107.00,49,58,0.00,0.00,0,0
1508202233,lo,0.00,0.00,0.00,0,0,0.00,0.00,0.00,0,0,0.00,0.00,0,0
1508202233,total,353869.00,362846.00,716715.00,362846,353869,432.00,437.00,869.00,437,432,0.00,0.00,0,0
1508202234,s1,0.00,0.00,0.00,0,0,0.00,0.00,0.00,0,0,0.00,0.00,0,0
1508202234,eth0,0.00,0.00,0.00,0,0,0.00,0.00,0.00,0,0,0.00,0.00,0,0
1508202234,s2,0.00,0.00,0.00,0,0,0.00,0.00,0.00,0,0,0.00,0.00,0,0
1508202234,s1-eth2,12269.00,263436.00,275705.00,263436,12269,160.00,174.00,334.00,174,160,0.00,0.00,0,0
1508202234,s1-eth1,249810.00,12162.00,261972.00,12162,249810,165.00,159.00,324.00,159,165,0.00,0.00,0,0
1508202234,s2-eth2,2151.00,39364.00,41515.00,39364,2151,27.00,26.00,53.00,26,27,0.00,0.00,0,0
1508202234,s2-eth1,37957.00,2044.00,40001.00,2044,37957,26.00,26.00,52.00,26,26,0.00,0.00,0,0
1508202234,lo,0.00,0.00,0.00,0,0,0.00,0.00,0.00,0,0,0.00,0.00,0,0
1508202234,total,302187.00,317006.00,619193.00,317006,302187,378.00,385.00,763.00,385,378,0.00,0.00,0,0
1508202235,s1,0.00,0.00,0.00,0,0,0.00,0.00,0.00,0,0,0.00,0.00,0,0
1508202235,eth0,0.00,0.00,0.00,0,0,0.00,0.00,0.00,0,0,0.00,0.00,0,0
1508202235,s2,0.00,0.00,0.00,0,0,0.00,0.00,0.00,0,0,0.00,0.00,0,0
1508202235,s1-eth2,12446.00,252838.00,265284.00,252838,12446,163.00,167.00,330.00,167,163,0.00,0.00,0,0
1508202235,s1-eth1,249810.00,12446.00,262256.00,12446,249810,165.00,163.00,328.00,163,165,0.00,0.00,0,0
1508202235,s2-eth2,1716.00,40878.00,42594.00,40878,1716,22.00,27.00,49.00,27,22,0.00,0.00,0,0
1508202235,s2-eth1,33308.00,1716.00,35024.00,1716,33308,22.00,22.00,44.00,22,22,0.00,0.00,0,0
1508202235,lo,0.00,0.00,0.00,0,0,0.00,0.00,0.00,0,0,0.00,0.00,0,0
1508202235,total,297280.00,307878.00,605158.00,307878,297280,372.00,379.00,751.00,379,372,0.00,0.00,0,0
1508202236,s1,0.00,0.00,0.00,0,0,0.00,0.00,0.00,0,0,0.00,0.00,0,0
1508202236,eth0,0.00,0.00,0.00,0,0,0.00,0.00,0.00,0,0,0.00,0.00,0,0
1508202236,s2,0.00,0.00,0.00,0,0,0.00,0.00,0.00,0,0,0.00,0.00,0,0
1508202236,s1-eth2,12180.00,257380.00,269560.00,257380,12180,160.00,170.00,330.00,170,160,0.00,0.00,0,0
1508202236,s1-eth1,250152.00,12180.00,262332.00,12180,250152,166.00,160.00,326.00,160,166,0.00,0.00,0,0
1508202236,s2-eth2,1628.00,54504.00,56132.00,54504,1628,22.00,36.00,58.00,36,22,0.00,0.00,0,0
1508202236,s2-eth1,59046.00,1628.00,60674.00,1628,59046,39.00,22.00,61.00,22,39,0.00,0.00,0,0
1508202236,lo,0.00,0.00,0.00,0,0,0.00,0.00,0.00,0,0,0.00,0.00,0,0
1508202236,total,323006.00,325692.00,648698.00,325692,323006,387.00,388.00,775.00,388,387,0.00,0.00,0,0
1508202237,s1,0.00,0.00,0.00,0,0,0.00,0.00,0.00,0,0,0.00,0.00,0,0
1508202237,eth0,0.00,0.00,0.00,0,0,0.00,0.00,0.00,0,0,0.00,0.00,0,0
1508202237,s2,0.00,0.00,0.00,0,0,0.00,0.00,0.00,0,0,0.00,0.00,0,0
1508202237,s1-eth2,12076.00,254352.00,266428.00,254352,12076,158.00,168.00,326.00,168,158,0.00,0.00,0,0
1508202237,s1-eth1,249810.00,12076.00,261886.00,12076,249810,165.00,158.00,323.00,158,165,0.00,0.00,0,0
1508202237,s2-eth2,3404.00,86298.00,89702.00,86298,3404,46.00,57.00,103.00,57,46,0.00,0.00,0,0
1508202237,s2-eth1,80242.00,3404.00,83646.00,3404,80242,53.00,46.00,99.00,46,53,0.00,0.00,0,0
1508202237,lo,344.00,344.00,688.00,344,344,6.00,6.00,12.00,6,6,0.00,0.00,0,0
1508202237,total,345876.00,356474.00,702350.00,356474,345876,428.00,435.00,863.00,435,428,0.00,0.00,0,0
1508202238,s1,0.00,0.00,0.00,0,0,0.00,0.00,0.00,0,0,0.00,0.00,0,0
1508202238,eth0,0.00,0.00,0.00,0,0,0.00,0.00,0.00,0,0,0.00,0.00,0,0
1508202238,s2,0.00,0.00,0.00,0,0,0.00,0.00,0.00,0,0,0.00,0.00,0,0
1508202238,s1-eth2,12904.00,257380.00,270284.00,257380,12904,162.00,170.00,332.00,170,162,0.00,0.00,0,0
1508202238,s1-eth1,249810.00,12636.00,262446.00,12636,249810,165.00,162.00,327.00,162,165,0.00,0.00,0,0
1508202238,s2-eth2,3188.00,65102.00,68290.00,65102,3188,40.00,43.00,83.00,43,40,0.00,0.00,0,0
1508202238,s2-eth1,66958.00,3188.00,70146.00,3188,66958,45.00,40.00,85.00,40,45,0.00,0.00,0,0
1508202238,lo,0.00,0.00,0.00,0,0,0.00,0.00,0.00,0,0,0.00,0.00,0,0
1508202238,total,332860.00,338306.00,671166.00,338306,332860,412.00,415.00,827.00,415,412,0.00,0.00,0,0
1508202239,s1,0.00,0.00,0.00,0,0,0.00,0.00,0.00,0,0,0.00,0.00,0,0
1508202239,eth0,0.00,0.00,0.00,0,0,0.00,0.00,0.00,0,0,0.00,0.00,0,0
1508202239,s2,0.00,0.00,0.00,0,0,0.00,0.00,0.00,0,0,0.00,0.00,0,0
1508202239,s1-eth2,12067.93,258635.38,270703.31,258894,12080,159.84,170.83,330.67,171,160,0.00,0.00,0,0
1508202239,s1-eth1,251072.94,12067.93,263140.88,12080,251324,165.83,159.84,325.67,160,166,0.00,0.00,0,0
1508202239,s2-eth2,2683.32,60499.50,63182.82,60560,2686,34.97,39.96,74.93,40,35,0.00,0.00,0,0
1508202239,s2-eth1,55962.04,2683.32,58645.36,2686,56018,36.96,34.97,71.93,35,37,0.00,0.00,0,0
1508202239,lo,0.00,0.00,0.00,0,0,0.00,0.00,0.00,0,0,0.00,0.00,0,0
1508202239,total,321786.22,333886.12,655672.38,334220,322108,397.60,405.59,803.20,406,398,0.00,0.00,0,0
1508202240,s1,0.00,0.00,0.00,0,0,0.00,0.00,0.00,0,0,0.00,0.00,0,0
1508202240,eth0,0.00,0.00,0.00,0,0,0.00,0.00,0.00,0,0,0.00,0.00,0,0
1508202240,s2,0.00,0.00,0.00,0,0,0.00,0.00,0.00,0,0,0.00,0.00,0,0
1508202240,s1-eth2,12776.00,260408.00,273184.00,260408,12776,162.00,172.00,334.00,172,162,0.00,0.00,0,0
1508202240,s1-eth1,249810.00,12702.00,262512.00,12702,249810,165.00,161.00,326.00,161,165,0.00,0.00,0,0
1508202240,s2-eth2,2882.00,57532.00,60414.00,57532,2882,37.00,38.00,75.00,38,37,0.00,0.00,0,0
1508202240,s2-eth1,59046.00,2882.00,61928.00,2882,59046,39.00,37.00,76.00,37,39,0.00,0.00,0,0
1508202240,lo,0.00,0.00,0.00,0,0,0.00,0.00,0.00,0,0,0.00,0.00,0,0
1508202240,total,324514.00,333524.00,658038.00,333524,324514,403.00,408.00,811.00,408,403,0.00,0.00,0,0
1508202241,s1,0.00,0.00,0.00,0,0,0.00,0.00,0.00,0,0,0.00,0.00,0,0
1508202241,eth0,0.00,0.00,0.00,0,0,0.00,0.00,0.00,0,0,0.00,0.00,0,0
1508202241,s2,0.00,0.00,0.00,0,0,0.00,0.00,0.00,0,0,0.00,0.00,0,0
1508202241,s1-eth2,12051.95,255610.39,267662.34,255866,12064,157.84,168.83,326.67,169,158,0.00,0.00,0,0
1508202241,s1-eth1,249560.45,12051.95,261612.39,12064,249810,164.84,157.84,322.68,158,165,0.00,0.00,0,0
1508202241,s2-eth2,2401.60,54449.55,56851.15,54504,2404,31.97,35.96,67.93,36,32,0.00,0.00,0,0
1508202241,s2-eth1,52937.06,2401.60,55338.66,2404,52990,34.97,31.97,66.93,32,35,0.00,0.00,0,0
1508202241,lo,0.00,0.00,0.00,0,0,0.00,0.00,0.00,0,0,0.00,0.00,0,0
1508202241,total,316951.06,324513.50,641464.56,324838,317268,389.61,394.61,784.22,395,390,0.00,0.00,0,0
1508202242,s1,0.00,0.00,0.00,0,0,0.00,0.00,0.00,0,0,0.00,0.00,0,0
1508202242,eth0,0.00,0.00,0.00,0,0,0.00,0.00,0.00,0,0,0.00,0.00,0,0
1508202242,s2,0.00,0.00,0.00,0,0,0.00,0.00,0.00,0,0,0.00,0.00,0,0
1508202242,s1-eth2,11762.00,264950.00,276712.00,264950,11762,157.00,175.00,332.00,175,157,0.00,0.00,0,0
1508202242,s1-eth1,249810.00,11836.00,261646.00,11836,249810,165.00,158.00,323.00,158,165,0.00,0.00,0,0
1508202242,s2-eth2,2144.00,68130.00,70274.00,68130,2144,28.00,45.00,73.00,45,28,0.00,0.00,0,0
1508202242,s2-eth1,68130.00,2144.00,70274.00,2144,68130,45.00,28.00,73.00,28,45,0.00,0.00,0,0
1508202242,lo,344.00,344.00,688.00,344,344,6.00,6.00,12.00,6,6,0.00,0.00,0,0
1508202242,total,332190.00,347404.00,679594.00,347404,332190,401.00,412.00,813.00,412,401,0.00,0.00,0,0
1508202243,s1,0.00,0.00,0.00,0,0,0.00,0.00,0.00,0,0,0.00,0.00,0,0
1508202243,eth0,0.00,0.00,0.00,0,0,0.00,0.00,0.00,0,0,0.00,0.00,0,0
1508202243,s2,0.00,0.00,0.00,0,0,0.00,0.00,0.00,0,0,0.00,0.00,0,0
1508202243,s1-eth2,11856.14,251072.94,262929.06,251324,11868,155.84,165.83,321.68,166,156,0.00,0.00,0,0
1508202243,s1-eth1,251072.94,11782.22,262855.16,11794,251324,165.83,154.85,320.68,155,166,0.00,0.00,0,0
1508202243,s2-eth2,3828.17,78649.35,82477.52,78728,3832,49.95,51.95,101.90,52,50,0.00,0.00,0,0
1508202243,s2-eth1,74111.89,3828.17,77940.06,3832,74186,48.95,49.95,98.90,50,49,0.00,0.00,0,0
1508202243,lo,0.00,0.00,0.00,0,0,0.00,0.00,0.00,0,0,0.00,0.00,0,0
1508202243,total,340869.12,345332.69,686201.81,345678,341210,420.58,422.58,843.16,423,421,0.00,0.00,0,0
1508202244,s1,0.00,0.00,0.00,0,0,0.00,0.00,0.00,0,0,0.00,0.00,0,0
1508202244,eth0,0.00,0.00,0.00,0,0,0.00,0.00,0.00,0,0,0.00,0.00,0,0
1508202244,s2,0.00,0.00,0.00,0,0,0.00,0.00,0.00,0,0,0.00,0.00,0,0
1508202244,s1-eth2,12382.00,255866.00,268248.00,255866,12382,161.00,169.00,330.00,169,161,0.00,0.00,0,0
1508202244,s1-eth1,249810.00,12382.00,262192.00,12382,249810,165.00,161.00,326.00,161,165,0.00,0.00,0,0
1508202244,s2-eth2,3132.00,83270.00,86402.00,83270,3132,42.00,55.00,97.00,55,42,0.00,0.00,0,0
1508202244,s2-eth1,81756.00,3132.00,84888.00,3132,81756,54.00,42.00,96.00,42,54,0.00,0.00,0,0
1508202244,lo,0.00,0.00,0.00,0,0,0.00,0.00,0.00,0,0,0.00,0.00,0,0
1508202244,total,347080.00,354650.00,701730.00,354650,347080,422.00,427.00,849.00,427,422,0.00,0.00,0,0
1508202245,s1,0.00,0.00,0.00,0,0,0.00,0.00,0.00,0,0,0.00,0.00,0,0
1508202245,eth0,0.00,0.00,0.00,0,0,0.00,0.00,0.00,0,0,0.00,0.00,0,0
1508202245,s2,0.00,0.00,0.00,0,0,0.00,0.00,0.00,0,0,0.00,0.00,0,0
1508202245,s1-eth2,12430.00,254352.00,266782.00,254352,12430,159.00,168.00,327.00,168,159,0.00,0.00,0,0
1508202245,s1-eth1,248296.00,12430.00,260726.00,12430,248296,164.00,159.00,323.00,159,164,0.00,0.00,0,0
1508202245,s2-eth2,2886.00,93868.00,96754.00,93868,2886,39.00,62.00,101.00,62,39,0.00,0.00,0,0
1508202245,s2-eth1,92354.00,2886.00,95240.00,2886,92354,61.00,39.00,100.00,39,61,0.00,0.00,0,0
1508202245,lo,0.00,0.00,0.00,0,0,0.00,0.00,0.00,0,0,0.00,0.00,0,0
1508202245,total,355966.00,363536.00,719502.00,363536,355966,423.00,428.00,851.00,428,423,0.00,0.00,0,0
1508202246,s1,0.00,0.00,0.00,0,0,0.00,0.00,0.00,0,0,0.00,0.00,0,0
1508202246,eth0,0.00,0.00,0.00,0,0,0.00,0.00,0.00,0,0,0.00,0.00,0,0
1508202246,s2,0.00,0.00,0.00,0,0,0.00,0.00,0.00,0,0,0.00,0.00,0,0
1508202246,s1-eth2,11736.00,260408.00,272144.00,260408,11736,156.00,172.00,328.00,172,156,0.00,0.00,0,0
1508202246,s1-eth1,249810.00,11736.00,261546.00,11736,249810,165.00,156.00,321.00,156,165,0.00,0.00,0,0
1508202246,s2-eth2,3794.00,78728.00,82522.00,78728,3794,47.00,52.00,99.00,52,47,0.00,0.00,0,0
1508202246,s2-eth1,78728.00,3794.00,82522.00,3794,78728,52.00,47.00,99.00,47,52,0.00,0.00,0,0
1508202246,lo,0.00,0.00,0.00,0,0,0.00,0.00,0.00,0,0,0.00,0.00,0,0
1508202246,total,344068.00,354666.00,698734.00,354666,344068,420.00,427.00,847.00,427,420,0.00,0.00,0,0
1508202247,s1,0.00,0.00,0.00,0,0,0.00,0.00,0.00,0,0,0.00,0.00,0,0
1508202247,eth0,0.00,0.00,0.00,0,0,0.00,0.00,0.00,0,0,0.00,0.00,0,0
1508202247,s2,0.00,0.00,0.00,0,0,0.00,0.00,0.00,0,0,0.00,0.00,0,0
1508202247,s1-eth2,11502.00,255866.00,267368.00,255866,11502,153.00,169.00,322.00,169,153,0.00,0.00,0,0
1508202247,s1-eth1,249810.00,11502.00,261312.00,11502,249810,165.00,153.00,318.00,153,165,0.00,0.00,0,0
1508202247,s2-eth2,3438.00,72672.00,76110.00,72672,3438,45.00,48.00,93.00,48,45,0.00,0.00,0,0
1508202247,s2-eth1,66616.00,3438.00,70054.00,3438,66616,44.00,45.00,89.00,45,44,0.00,0.00,0,0
1508202247,lo,344.00,344.00,688.00,344,344,6.00,6.00,12.00,6,6,0.00,0.00,0,0
1508202247,total,331710.00,343822.00,675532.00,343822,331710,413.00,421.00,834.00,421,413,0.00,0.00,0,0
1508202248,s1,0.00,0.00,0.00,0,0,0.00,0.00,0.00,0,0,0.00,0.00,0,0
1508202248,eth0,0.00,0.00,0.00,0,0,0.00,0.00,0.00,0,0,0.00,0.00,0,0
1508202248,s2,0.00,0.00,0.00,0,0,0.00,0.00,0.00,0,0,0.00,0.00,0,0
1508202248,s1-eth2,12590.00,252838.00,265428.00,252838,12590,159.00,167.00,326.00,167,159,0.00,0.00,0,0
1508202248,s1-eth1,249810.00,12590.00,262400.00,12590,249810,165.00,159.00,324.00,159,165,0.00,0.00,0,0
1508202248,s2-eth2,3182.00,84784.00,87966.00,84784,3182,43.00,56.00,99.00,56,43,0.00,0.00,0,0
1508202248,s2-eth1,87812.00,3182.00,90994.00,3182,87812,58.00,43.00,101.00,43,58,0.00,0.00,0,0
1508202248,lo,0.00,0.00,0.00,0,0,0.00,0.00,0.00,0,0,0.00,0.00,0,0
1508202248,total,353394.00,353394.00,706788.00,353394,353394,425.00,425.00,850.00,425,425,0.00,0.00,0,0
1508202249,s1,0.00,0.00,0.00,0,0,0.00,0.00,0.00,0,0,0.00,0.00,0,0
1508202249,eth0,728.00,706.00,1434.00,706,728,8.00,6.00,14.00,6,8,0.00,0.00,0,0
1508202249,s2,0.00,0.00,0.00,0,0,0.00,0.00,0.00,0,0,0.00,0.00,0,0
1508202249,s1-eth2,12186.00,254352.00,266538.00,254352,12186,159.00,168.00,327.00,168,159,0.00,0.00,0,0
1508202249,s1-eth1,248936.00,12186.00,261122.00,12186,248936,168.00,159.00,327.00,159,168,0.00,0.00,0,0
1508202249,s2-eth2,2896.00,99924.00,102820.00,99924,2896,38.00,66.00,104.00,66,38,0.00,0.00,0,0
1508202249,s2-eth1,95382.00,2896.00,98278.00,2896,95382,63.00,38.00,101.00,38,63,0.00,0.00,0,0
1508202249,lo,682.00,682.00,1364.00,682,682,8.00,8.00,16.00,8,8,0.00,0.00,0,0
1508202249,total,360810.00,370746.00,731556.00,370746,360810,444.00,445.00,889.00,445,444,0.00,0.00,0,0
1508202250,s1,0.00,0.00,0.00,0,0,0.00,0.00,0.00,0,0,0.00,0.00,0,0
1508202250,eth0,608.00,1066.00,1674.00,1066,608,8.00,9.00,17.00,9,8,0.00,0.00,0,0
1508202250,s2,0.00,0.00,0.00,0,0,0.00,0.00,0.00,0,0,0.00,0.00,0,0
1508202250,s1-eth2,12840.00,261922.00,274762.00,261922,12840,164.00,173.00,337.00,173,164,0.00,0.00,0,0
1508202250,s1-eth1,249965.00,12200.00,262165.00,12200,249965,173.00,160.00,333.00,160,173,0.00,0.00,0,0
1508202250,s2-eth2,3572.00,60560.00,64132.00,60560,3572,42.00,40.00,82.00,40,42,0.00,0.00,0,0
1508202250,s2-eth1,62714.00,3042.00,65756.00,3042,62714,45.00,39.00,84.00,39,45,0.00,0.00,0,0
1508202250,lo,1364.00,1364.00,2728.00,1364,1364,16.00,16.00,32.00,16,16,0.00,0.00,0,0
1508202250,total,331063.00,340154.00,671217.00,340154,331063,448.00,437.00,885.00,437,448,0.00,0.00,0,0
1508202251,s1,0.00,0.00,0.00,0,0,0.00,0.00,0.00,0,0,0.00,0.00,0,0
1508202251,eth0,608.00,980.00,1588.00,980,608,8.00,8.00,16.00,8,8,0.00,0.00,0,0
1508202251,s2,0.00,0.00,0.00,0,0,0.00,0.00,0.00,0,0,0.00,0.00,0,0
1508202251,s1-eth2,13065.00,257380.00,270445.00,257380,13065,166.00,170.00,336.00,170,166,0.00,0.00,0,0
1508202251,s1-eth1,250354.00,12176.00,262530.00,12176,250354,168.00,160.00,328.00,160,168,0.00,0.00,0,0
1508202251,s2-eth2,4767.00,63588.00,68355.00,63588,4767,48.00,42.00,90.00,42,48,0.00,0.00,0,0
1508202251,s2-eth1,61469.00,2878.00,64347.00,2878,61469,46.00,37.00,83.00,37,46,0.00,0.00,0,0
1508202251,lo,1364.00,1364.00,2728.00,1364,1364,16.00,16.00,32.00,16,16,0.00,0.00,0,0
1508202251,total,331627.00,338366.00,669993.00,338366,331627,452.00,433.00,885.00,433,452,0.00,0.00,0,0
1508202252,s1,0.00,0.00,0.00,0,0,0.00,0.00,0.00,0,0,0.00,0.00,0,0
1508202252,eth0,152.00,245.00,397.00,245,152,2.00,2.00,4.00,2,2,0.00,0.00,0,0
1508202252,s2,0.00,0.00,0.00,0,0,0.00,0.00,0.00,0,0,0.00,0.00,0,0
1508202252,s1-eth2,13833.00,254352.00,268185.00,254352,13833,166.00,168.00,334.00,168,166,0.00,0.00,0,0
1508202252,s1-eth1,250479.00,12322.00,262801.00,12322,250479,167.00,159.00,326.00,159,167,0.00,0.00,0,0
1508202252,s2-eth2,4247.00,81756.00,86003.00,81756,4247,52.00,54.00,106.00,54,52,0.00,0.00,0,0
1508202252,s2-eth1,78615.00,3626.00,82241.00,3626,78615,57.00,49.00,106.00,49,57,0.00,0.00,0,0
1508202252,lo,685.00,685.00,1370.00,685,685,10.00,10.00,20.00,10,10,0.00,0.00,0,0
1508202252,total,348011.00,352986.00,700997.00,352986,348011,454.00,442.00,896.00,442,454,0.00,0.00,0,0
1508202253,s1,0.00,0.00,0.00,0,0,0.00,0.00,0.00,0,0,0.00,0.00,0,0
1508202253,eth0,0.00,0.00,0.00,0,0,0.00,0.00,0.00,0,0,0.00,0.00,0,0
1508202253,s2,0.00,0.00,0.00,0,0,0.00,0.00,0.00,0,0,0.00,0.00,0,0
1508202253,s1-eth2,12786.21,258635.38,271421.59,258894,12799,158.84,170.83,329.67,171,159,0.00,0.00,0,0
1508202253,s1-eth1,249934.08,12117.88,262051.95,12130,250184,166.83,156.84,323.68,157,167,0.00,0.00,0,0
1508202253,s2-eth2,4706.29,87724.28,92430.57,87812,4711,54.95,57.94,112.89,58,55,0.00,0.00,0,0
1508202253,s2-eth1,89905.09,4037.96,93943.06,4042,89995,60.94,52.95,113.89,53,61,0.00,0.00,0,0
1508202253,lo,0.00,0.00,0.00,0,0,0.00,0.00,0.00,0,0,0.00,0.00,0,0
1508202253,total,357331.69,362515.50,719847.19,362878,357689,441.56,438.56,880.12,439,442,0.00,0.00,0,0
1508202254,s1,0.00,0.00,0.00,0,0,0.00,0.00,0.00,0,0,0.00,0.00,0,0
1508202254,eth0,60.00,60.00,120.00,60,60,1.00,1.00,2.00,1,1,0.00,0.00,0,0
1508202254,s2,0.00,0.00,0.00,0,0,0.00,0.00,0.00,0,0,0.00,0.00,0,0
1508202254,s1-eth2,12718.00,257380.00,270098.00,257380,12718,162.00,170.00,332.00,170,162,0.00,0.00,0,0
1508202254,s1-eth1,250207.00,12344.00,262551.00,12344,250207,167.00,160.00,327.00,160,167,0.00,0.00,0,0
1508202254,s2-eth2,2890.00,102952.00,105842.00,102952,2890,36.00,68.00,104.00,68,36,0.00,0.00,0,0
1508202254,s2-eth1,100298.00,2516.00,102814.00,2516,100298,68.00,34.00,102.00,34,68,0.00,0.00,0,0
1508202254,lo,0.00,0.00,0.00,0,0,0.00,0.00,0.00,0,0,0.00,0.00,0,0
1508202254,total,366173.00,375252.00,741425.00,375252,366173,434.00,433.00,867.00,433,434,0.00,0.00,0,0
1508202255,s1,0.00,0.00,0.00,0,0,0.00,0.00,0.00,0,0,0.00,0.00,0,0
1508202255,eth0,0.00,0.00,0.00,0,0,0.00,0.00,0.00,0,0,0.00,0.00,0,0
1508202255,s2,0.00,0.00,0.00,0,0,0.00,0.00,0.00,0,0,0.00,0.00,0,0
1508202255,s1-eth2,12707.00,260408.00,273115.00,260408,12707,163.00,172.00,335.00,172,163,0.00,0.00,0,0
1508202255,s1-eth1,249810.00,12310.00,262120.00,12310,249810,165.00,161.00,326.00,161,165,0.00,0.00,0,0
1508202255,s2-eth2,3889.00,90840.00,94729.00,90840,3889,46.00,60.00,106.00,60,46,0.00,0.00,0,0
1508202255,s2-eth1,94265.00,3492.00,97757.00,3492,94265,64.00,44.00,108.00,44,64,0.00,0.00,0,0
1508202255,lo,0.00,0.00,0.00,0,0,0.00,0.00,0.00,0,0,0.00,0.00,0,0
1508202255,total,360671.00,367050.00,727721.00,367050,360671,438.00,437.00,875.00,437,438,0.00,0.00,0,0
1508202256,s1,0.00,0.00,0.00,0,0,0.00,0.00,0.00,0,0,0.00,0.00,0,0
1508202256,eth0,0.00,0.00,0.00,0,0,0.00,0.00,0.00,0,0,0.00,0.00,0,0
1508202256,s2,0.00,0.00,0.00,0,0,0.00,0.00,0.00,0,0,0.00,0.00,0,0
1508202256,s1-eth2,12494.00,254352.00,266846.00,254352,12494,163.00,168.00,331.00,168,163,0.00,0.00,0,0
1508202256,s1-eth1,250152.00,12494.00,262646.00,12494,250152,166.00,163.00,329.00,163,166,0.00,0.00,0,0
1508202256,s2-eth2,3024.00,77214.00,80238.00,77214,3024,40.00,51.00,91.00,51,40,0.00,0.00,0,0
1508202256,s2-eth1,65102.00,3024.00,68126.00,3024,65102,43.00,40.00,83.00,40,43,0.00,0.00,0,0
1508202256,lo,0.00,0.00,0.00,0,0,0.00,0.00,0.00,0,0,0.00,0.00,0,0
1508202256,total,330772.00,347084.00,677856.00,347084,330772,412.00,422.00,834.00,422,412,0.00,0.00,0,0
1508202257,s1,0.00,0.00,0.00,0,0,0.00,0.00,0.00,0,0,0.00,0.00,0,0
1508202257,eth0,0.00,0.00,0.00,0,0,0.00,0.00,0.00,0,0,0.00,0.00,0,0
1508202257,s2,0.00,0.00,0.00,0,0,0.00,0.00,0.00,0,0,0.00,0.00,0,0
1508202257,s1-eth2,12478.00,257422.00,269900.00,257422,12478,159.00,171.00,330.00,171,159,0.00,0.00,0,0
1508202257,s1-eth1,249959.00,12136.00,262095.00,12136,249959,167.00,158.00,325.00,158,167,0.00,0.00,0,0
1508202257,s2-eth2,3588.00,80242.00,83830.00,80242,3588,46.00,53.00,99.00,53,46,0.00,0.00,0,0
1508202257,s2-eth1,84784.00,3588.00,88372.00,3588,84784,56.00,46.00,102.00,46,56,0.00,0.00,0,0
1508202257,lo,640.00,640.00,1280.00,640,640,9.00,9.00,18.00,9,9,0.00,0.00,0,0
1508202257,total,351449.00,354028.00,705477.00,354028,351449,437.00,437.00,874.00,437,437,0.00,0.00,0,0
1508202258,s1,0.00,0.00,0.00,0,0,0.00,0.00,0.00,0,0,0.00,0.00,0,0
1508202258,eth0,0.00,0.00,0.00,0,0,0.00,0.00,0.00,0,0,0.00,0.00,0,0
1508202258,s2,0.00,0.00,0.00,0,0,0.00,0.00,0.00,0,0,0.00,0.00,0,0
1508202258,s1-eth2,12169.00,257380.00,269549.00,257380,12169,158.00,170.00,328.00,170,158,0.00,0.00,0,0
1508202258,s1-eth1,249880.00,12062.00,261942.00,12062,249880,166.00,157.00,323.00,157,166,0.00,0.00,0,0
1508202258,s2-eth2,4145.00,86298.00,90443.00,86298,4145,52.00,57.00,109.00,57,52,0.00,0.00,0,0
1508202258,s2-eth1,77663.00,4038.00,81701.00,4038,77663,53.00,51.00,104.00,51,53,0.00,0.00,0,0
1508202258,lo,0.00,0.00,0.00,0,0,0.00,0.00,0.00,0,0,0.00,0.00,0,0
1508202258,total,343857.00,359778.00,703635.00,359778,343857,429.00,435.00,864.00,435,429,0.00,0.00,0,0
1508202259,s1,0.00,0.00,0.00,0,0,0.00,0.00,0.00,0,0,0.00,0.00,0,0
1508202259,eth0,0.00,0.00,0.00,0,0,0.00,0.00,0.00,0,0,0.00,0.00,0,0
1508202259,s2,0.00,0.00,0.00,0,0,0.00,0.00,0.00,0,0,0.00,0.00,0,0
1508202259,s1-eth2,12500.00,261922.00,274422.00,261922,12500,164.00,173.00,337.00,173,164,0.00,0.00,0,0
1508202259,s1-eth1,249810.00,12430.00,262240.00,12430,249810,165.00,163.00,328.00,163,165,0.00,0.00,0,0
1508202259,s2-eth2,3532.00,84784.00,88316.00,84784,3532,46.00,56.00,102.00,56,46,0.00,0.00,0,0
1508202259,s2-eth1,89396.00,3462.00,92858.00,3462,89396,60.00,45.00,105.00,45,60,0.00,0.00,0,0
1508202259,lo,0.00,0.00,0.00,0,0,0.00,0.00,0.00,0,0,0.00,0.00,0,0
1508202259,total,355238.00,362598.00,717836.00,362598,355238,435.00,437.00,872.00,437,435,0.00,0.00,0,0
1508202260,s1,0.00,0.00,0.00,0,0,0.00,0.00,0.00,0,0,0.00,0.00,0,0
1508202260,eth0,0.00,0.00,0.00,0,0,0.00,0.00,0.00,0,0,0.00,0.00,0,0
1508202260,s2,0.00,0.00,0.00,0,0,0.00,0.00,0.00,0,0,0.00,0.00,0,0
1508202260,s1-eth2,12234.00,260408.00,272642.00,260408,12234,161.00,172.00,333.00,172,161,0.00,0.00,0,0
1508202260,s1-eth1,249810.00,12308.00,262118.00,12308,249810,165.00,162.00,327.00,162,165,0.00,0.00,0,0
1508202260,s2-eth2,2784.00,98410.00,101194.00,98410,2784,34.00,65.00,99.00,65,34,0.00,0.00,0,0
1508202260,s2-eth1,92354.00,2442.00,94796.00,2442,92354,61.00,33.00,94.00,33,61,0.00,0.00,0,0
1508202260,lo,0.00,0.00,0.00,0,0,0.00,0.00,0.00,0,0,0.00,0.00,0,0
1508202260,total,357182.00,373568.00,730750.00,373568,357182,421.00,432.00,853.00,432,421,0.00,0.00,0,0
1508202261,s1,0.00,0.00,0.00,0,0,0.00,0.00,0.00,0,0,0.00,0.00,0,0
1508202261,eth0,0.00,0.00,0.00,0,0,0.00,0.00,0.00,0,0,0.00,0.00,0,0
1508202261,s2,0.00,0.00,0.00,0,0,0.00,0.00,0.00,0,0,0.00,0.00,0,0
1508202261,s1-eth2,13124.00,257380.00,270504.00,257380,13124,164.00,170.00,334.00,170,164,0.00,0.00,0,0
1508202261,s1-eth1,251324.00,12708.00,264032.00,12708,251324,166.00,162.00,328.00,162,166,0.00,0.00,0,0
1508202261,s2-eth2,3354.00,109008.00,112362.00,109008,3354,45.00,72.00,117.00,72,45,0.00,0.00,0,0
1508202261,s2-eth1,113550.00,3354.00,116904.00,3354,113550,75.00,45.00,120.00,45,75,0.00,0.00,0,0
1508202261,lo,0.00,0.00,0.00,0,0,0.00,0.00,0.00,0,0,0.00,0.00,0,0
1508202261,total,381352.00,382450.00,763802.00,382450,381352,450.00,449.00,899.00,449,450,0.00,0.00,0,0
1508202262,s1,0.00,0.00,0.00,0,0,0.00,0.00,0.00,0,0,0.00,0.00,0,0
1508202262,eth0,0.00,0.00,0.00,0,0,0.00,0.00,0.00,0,0,0.00,0.00,0,0
1508202262,s2,0.00,0.00,0.00,0,0,0.00,0.00,0.00,0,0,0.00,0.00,0,0
1508202262,s1-eth2,12286.00,254352.00,266638.00,254352,12286,161.00,168.00,329.00,168,161,0.00,0.00,0,0
1508202262,s1-eth1,249810.00,12286.00,262096.00,12286,249810,165.00,161.00,326.00,161,165,0.00,0.00,0,0
1508202262,s2-eth2,4630.00,89326.00,93956.00,89326,4630,59.00,59.00,118.00,59,59,0.00,0.00,0,0
1508202262,s2-eth1,83270.00,4630.00,87900.00,4630,83270,55.00,59.00,114.00,59,55,0.00,0.00,0,0
1508202262,lo,344.00,344.00,688.00,344,344,6.00,6.00,12.00,6,6,0.00,0.00,0,0
1508202262,total,350340.00,360938.00,711278.00,360938,350340,446.00,453.00,899.00,453,446,0.00,0.00,0,0
1508202263,s1,0.00,0.00,0.00,0,0,0.00,0.00,0.00,0,0,0.00,0.00,0,0
1508202263,eth0,0.00,0.00,0.00,0,0,0.00,0.00,0.00,0,0,0.00,0.00,0,0
1508202263,s2,0.00,0.00,0.00,0,0,0.00,0.00,0.00,0,0,0.00,0.00,0,0
1508202263,s1-eth2,11728.00,261922.00,273650.00,261922,11728,158.00,173.00,331.00,173,158,0.00,0.00,0,0
1508202263,s1-eth1,250152.00,11728.00,261880.00,11728,250152,166.00,158.00,324.00,158,166,0.00,0.00,0,0
1508202263,s2-eth2,3034.00,96896.00,99930.00,96896,3034,41.00,64.00,105.00,64,41,0.00,0.00,0,0
1508202263,s2-eth1,99924.00,3034.00,102958.00,3034,99924,66.00,41.00,107.00,41,66,0.00,0.00,0,0
1508202263,lo,0.00,0.00,0.00,0,0,0.00,0.00,0.00,0,0,0.00,0.00,0,0
1508202263,total,364838.00,373580.00,738418.00,373580,364838,431.00,436.00,867.00,436,431,0.00,0.00,0,0
1508202264,s1,0.00,0.00,0.00,0,0,0.00,0.00,0.00,0,0,0.00,0.00,0,0
1508202264,eth0,0.00,0.00,0.00,0,0,0.00,0.00,0.00,0,0,0.00,0.00,0,0
1508202264,s2,0.00,0.00,0.00,0,0,0.00,0.00,0.00,0,0,0.00,0.00,0,0
1508202264,s1-eth2,12540.00,252838.00,265378.00,252838,12540,162.00,167.00,329.00,167,162,0.00,0.00,0,0
1508202264,s1-eth1,249810.00,12540.00,262350.00,12540,249810,165.00,162.00,327.00,162,165,0.00,0.00,0,0
1508202264,s2-eth2,3656.00,68130.00,71786.00,68130,3656,46.00,45.00,91.00,45,46,0.00,0.00,0,0
1508202264,s2-eth1,63588.00,3656.00,67244.00,3656,63588,42.00,46.00,88.00,46,42,0.00,0.00,0,0
1508202264,lo,0.00,0.00,0.00,0,0,0.00,0.00,0.00,0,0,0.00,0.00,0,0
1508202264,total,329594.00,337164.00,666758.00,337164,329594,415.00,420.00,835.00,420,415,0.00,0.00,0,0
1508202265,s1,0.00,0.00,0.00,0,0,0.00,0.00,0.00,0,0,0.00,0.00,0,0
1508202265,eth0,0.00,0.00,0.00,0,0,0.00,0.00,0.00,0,0,0.00,0.00,0,0
1508202265,s2,0.00,0.00,0.00,0,0,0.00,0.00,0.00,0,0,0.00,0.00,0,0
1508202265,s1-eth2,10925.08,254097.91,265022.97,254352,10936,145.85,167.83,313.69,168,146,0.00,0.00,0,0
1508202265,s1-eth1,249667.34,10925.08,260592.42,10936,249917,165.83,145.85,311.69,146,166,0.00,0.00,0,0
1508202265,s2-eth2,2535.46,54449.55,56985.02,54504,2538,32.97,35.96,68.93,36,33,0.00,0.00,0,0
1508202265,s2-eth1,58987.02,2535.46,61522.48,2538,59046,38.96,32.97,71.93,33,39,0.00,0.00,0,0
1508202265,lo,0.00,0.00,0.00,0,0,0.00,0.00,0.00,0,0,0.00,0.00,0,0
1508202265,total,322114.91,322008.00,644122.88,322330,322437,383.62,382.62,766.23,383,384,0.00,0.00,0,0
1508202266,s1,0.00,0.00,0.00,0,0,0.00,0.00,0.00,0,0,0.00,0.00,0,0
1508202266,eth0,0.00,0.00,0.00,0,0,0.00,0.00,0.00,0,0,0.00,0.00,0,0
1508202266,s2,0.00,0.00,0.00,0,0,0.00,0.00,0.00,0,0,0.00,0.00,0,0
1508202266,s1-eth2,11461.00,254352.00,265813.00,254352,11461,148.00,168.00,316.00,168,148,0.00,0.00,0,0
1508202266,s1-eth1,249810.00,11428.00,261238.00,11428,249810,165.00,148.00,313.00,148,165,0.00,0.00,0,0
1508202266,s2-eth2,2719.00,62074.00,64793.00,62074,2719,35.00,41.00,76.00,41,35,0.00,0.00,0,0
1508202266,s2-eth1,54611.00,2612.00,57223.00,2612,54611,37.00,34.00,71.00,34,37,0.00,0.00,0,0
1508202266,lo,0.00,0.00,0.00,0,0,0.00,0.00,0.00,0,0,0.00,0.00,0,0
1508202266,total,318601.00,330466.00,649067.00,330466,318601,385.00,391.00,776.00,391,385,0.00,0.00,0,0
1508202267,s1,0.00,0.00,0.00,0,0,0.00,0.00,0.00,0,0,0.00,0.00,0,0
1508202267,eth0,0.00,0.00,0.00,0,0,0.00,0.00,0.00,0,0,0.00,0.00,0,0
1508202267,s2,0.00,0.00,0.00,0,0,0.00,0.00,0.00,0,0,0.00,0.00,0,0
1508202267,s1-eth2,12610.00,252838.00,265448.00,252838,12610,161.00,167.00,328.00,167,161,0.00,0.00,0,0
1508202267,s1-eth1,251324.00,12622.00,263946.00,12622,251324,166.00,161.00,327.00,161,166,0.00,0.00,0,0
1508202267,s2-eth2,1858.00,36336.00,38194.00,36336,1858,23.00,24.00,47.00,24,23,0.00,0.00,0,0
1508202267,s2-eth1,40878.00,1858.00,42736.00,1858,40878,27.00,23.00,50.00,23,27,0.00,0.00,0,0
1508202267,lo,344.00,344.00,688.00,344,344,6.00,6.00,12.00,6,6,0.00,0.00,0,0
1508202267,total,307014.00,303998.00,611012.00,303998,307014,383.00,381.00,764.00,381,383,0.00,0.00,0,0
1508202268,s1,0.00,0.00,0.00,0,0,0.00,0.00,0.00,0,0,0.00,0.00,0,0
1508202268,eth0,0.00,0.00,0.00,0,0,0.00,0.00,0.00,0,0,0.00,0.00,0,0
1508202268,s2,0.00,0.00,0.00,0,0,0.00,0.00,0.00,0,0,0.00,0.00,0,0
1508202268,s1-eth2,12282.00,260408.00,272690.00,260408,12282,159.00,172.00,331.00,172,159,0.00,0.00,0,0
1508202268,s1-eth1,249810.00,12196.00,262006.00,12196,249810,165.00,158.00,323.00,158,165,0.00,0.00,0,0
1508202268,s2-eth2,1226.00,39406.00,40632.00,39406,1226,17.00,27.00,44.00,27,17,0.00,0.00,0,0
1508202268,s2-eth1,33350.00,1226.00,34576.00,1226,33350,23.00,17.00,40.00,17,23,0.00,0.00,0,0
1508202268,lo,0.00,0.00,0.00,0,0,0.00,0.00,0.00,0,0,0.00,0.00,0,0
1508202268,total,296668.00,313236.00,609904.00,313236,296668,364.00,374.00,738.00,374,364,0.00,0.00,0,0
1508202269,s1,0.00,0.00,0.00,0,0,0.00,0.00,0.00,0,0,0.00,0.00,0,0
1508202269,eth0,0.00,0.00,0.00,0,0,0.00,0.00,0.00,0,0,0.00,0.00,0,0
1508202269,s2,0.00,0.00,0.00,0,0,0.00,0.00,0.00,0,0,0.00,0.00,0,0
1508202269,s1-eth2,12074.00,257380.00,269454.00,257380,12074,159.00,170.00,329.00,170,159,0.00,0.00,0,0
1508202269,s1-eth1,249810.00,12074.00,261884.00,12074,249810,165.00,159.00,324.00,159,165,0.00,0.00,0,0
1508202269,s2-eth2,1554.00,54504.00,56058.00,54504,1554,21.00,36.00,57.00,36,21,0.00,0.00,0,0
1508202269,s2-eth1,56018.00,1554.00,57572.00,1554,56018,37.00,21.00,58.00,21,37,0.00,0.00,0,0
1508202269,lo,0.00,0.00,0.00,0,0,0.00,0.00,0.00,0,0,0.00,0.00,0,0
1508202269,total,319456.00,325512.00,644968.00,325512,319456,382.00,386.00,768.00,386,382,0.00,0.00,0,0
1508202270,s1,0.00,0.00,0.00,0,0,0.00,0.00,0.00,0,0,0.00,0.00,0,0
1508202270,eth0,0.00,0.00,0.00,0,0,0.00,0.00,0.00,0,0,0.00,0.00,0,0
1508202270,s2,0.00,0.00,0.00,0,0,0.00,0.00,0.00,0,0,0.00,0.00,0,0
1508202270,s1-eth2,11986.00,252838.00,264824.00,252838,11986,155.00,167.00,322.00,167,155,0.00,0.00,0,0
1508202270,s1-eth1,249810.00,11986.00,261796.00,11986,249810,165.00,155.00,320.00,155,165,0.00,0.00,0,0
1508202270,s2-eth2,3672.00,84784.00,88456.00,84784,3672,48.00,56.00,104.00,56,48,0.00,0.00,0,0
1508202270,s2-eth1,78728.00,3672.00,82400.00,3672,78728,52.00,48.00,100.00,48,52,0.00,0.00,0,0
1508202270,lo,0.00,0.00,0.00,0,0,0.00,0.00,0.00,0,0,0.00,0.00,0,0
1508202270,total,344196.00,353280.00,697476.00,353280,344196,420.00,426.00,846.00,426,420,0.00,0.00,0,0
1508202271,s1,0.00,0.00,0.00,0,0,0.00,0.00,0.00,0,0,0.00,0.00,0,0
1508202271,eth0,0.00,0.00,0.00,0,0,0.00,0.00,0.00,0,0,0.00,0.00,0,0
1508202271,s2,0.00,0.00,0.00,0,0,0.00,0.00,0.00,0,0,0.00,0.00,0,0
1508202271,s1-eth2,12384.00,258894.00,271278.00,258894,12384,160.00,171.00,331.00,171,160,0.00,0.00,0,0
1508202271,s1-eth1,249810.00,12384.00,262194.00,12384,249810,165.00,160.00,325.00,160,165,0.00,0.00,0,0
1508202271,s2-eth2,3006.00,86298.00,89304.00,86298,3006,39.00,57.00,96.00,57,39,0.00,0.00,0,0
1508202271,s2-eth1,86298.00,3006.00,89304.00,3006,86298,57.00,39.00,96.00,39,57,0.00,0.00,0,0
1508202271,lo,0.00,0.00,0.00,0,0,0.00,0.00,0.00,0,0,0.00,0.00,0,0
1508202271,total,351498.00,360582.00,712080.00,360582,351498,421.00,427.00,848.00,427,421,0.00,0.00,0,0
1508202272,s1,0.00,0.00,0.00,0,0,0.00,0.00,0.00,0,0,0.00,0.00,0,0
1508202272,eth0,0.00,0.00,0.00,0,0,0.00,0.00,0.00,0,0,0.00,0.00,0,0
1508202272,s2,0.00,0.00,0.00,0,0,0.00,0.00,0.00,0,0,0.00,0.00,0,0
1508202272,s1-eth2,12240.00,264950.00,277190.00,264950,12240,160.00,175.00,335.00,175,160,0.00,0.00,0,0
1508202272,s1-eth1,249810.00,12240.00,262050.00,12240,249810,165.00,160.00,325.00,160,165,0.00,0.00,0,0
1508202272,s2-eth2,3144.00,87812.00,90956.00,87812,3144,40.00,58.00,98.00,58,40,0.00,0.00,0,0
1508202272,s2-eth1,83612.00,3144.00,86756.00,3144,83612,56.00,40.00,96.00,40,56,0.00,0.00,0,0
1508202272,lo,344.00,344.00,688.00,344,344,6.00,6.00,12.00,6,6,0.00,0.00,0,0
1508202272,total,349150.00,368490.00,717640.00,368490,349150,427.00,439.00,866.00,439,427,0.00,0.00,0,0
1508202273,s1,0.00,0.00,0.00,0,0,0.00,0.00,0.00,0,0,0.00,0.00,0,0
1508202273,eth0,0.00,0.00,0.00,0,0,0.00,0.00,0.00,0,0,0.00,0.00,0,0
1508202273,s2,0.00,0.00,0.00,0,0,0.00,0.00,0.00,0,0,0.00,0.00,0,0
1508202273,s1-eth2,9506.00,173092.00,182598.00,173092,9506,121.00,118.00,239.00,118,121,0.00,0.00,0,0
1508202273,s1-eth1,179148.00,9164.00,188312.00,9164,179148,122.00,120.00,242.00,120,122,0.00,0.00,0,0
1508202273,s2-eth2,2516.00,60708.00,63224.00,60708,2516,34.00,42.00,76.00,42,34,0.00,0.00,0,0
1508202273,s2-eth1,68204.00,2516.00,70720.00,2516,68204,46.00,34.00,80.00,34,46,0.00,0.00,0,0
1508202273,lo,0.00,0.00,0.00,0,0,0.00,0.00,0.00,0,0,0.00,0.00,0,0
1508202273,total,259374.00,245480.00,504854.00,245480,259374,323.00,314.00,637.00,314,323,0.00,0.00,0,0
1508202274,s1,0.00,0.00,0.00,0,0,0.00,0.00,0.00,0,0,0.00,0.00,0,0
1508202274,eth0,0.00,0.00,0.00,0,0,0.00,0.00,0.00,0,0,0.00,0.00,0,0
1508202274,s2,0.00,0.00,0.00,0,0,0.00,0.00,0.00,0,0,0.00,0.00,0,0
1508202274,s1-eth2,0.00,0.00,0.00,0,0,0.00,0.00,0.00,0,0,0.00,0.00,0,0
1508202274,s1-eth1,0.00,0.00,0.00,0,0,0.00,0.00,0.00,0,0,0.00,0.00,0,0
1508202274,s2-eth2,0.00,0.00,0.00,0,0,0.00,0.00,0.00,0,0,0.00,0.00,0,0
1508202274,s2-eth1,74.00,0.00,74.00,0,74,1.00,0.00,1.00,0,1,0.00,0.00,0,0
1508202274,lo,0.00,0.00,0.00,0,0,0.00,0.00,0.00,0,0,0.00,0.00,0,0
1508202274,total,74.00,0.00,74.00,0,74,1.00,0.00,1.00,0,1,0.00,0.00,0,0
1508202275,s1,0.00,0.00,0.00,0,0,0.00,0.00,0.00,0,0,0.00,0.00,0,0
1508202275,eth0,0.00,0.00,0.00,0,0,0.00,0.00,0.00,0,0,0.00,0.00,0,0
1508202275,s2,0.00,0.00,0.00,0,0,0.00,0.00,0.00,0,0,0.00,0.00,0,0
1508202275,s1-eth2,0.00,0.00,0.00,0,0,0.00,0.00,0.00,0,0,0.00,0.00,0,0
1508202275,s1-eth1,0.00,0.00,0.00,0,0,0.00,0.00,0.00,0,0,0.00,0.00,0,0
1508202275,s2-eth2,0.00,0.00,0.00,0,0,0.00,0.00,0.00,0,0,0.00,0.00,0,0
1508202275,s2-eth1,0.00,0.00,0.00,0,0,0.00,0.00,0.00,0,0,0.00,0.00,0,0
1508202275,lo,0.00,0.00,0.00,0,0,0.00,0.00,0.00,0,0,0.00,0.00,0,0
1508202275,total,0.00,0.00,0.00,0,0,0.00,0.00,0.00,0,0,0.00,0.00,0,0
1508202276,s1,0.00,0.00,0.00,0,0,0.00,0.00,0.00,0,0,0.00,0.00,0,0
1508202276,eth0,0.00,0.00,0.00,0,0,0.00,0.00,0.00,0,0,0.00,0.00,0,0
1508202276,s2,0.00,0.00,0.00,0,0,0.00,0.00,0.00,0,0,0.00,0.00,0,0
1508202276,s1-eth2,0.00,0.00,0.00,0,0,0.00,0.00,0.00,0,0,0.00,0.00,0,0
1508202276,s1-eth1,0.00,0.00,0.00,0,0,0.00,0.00,0.00,0,0,0.00,0.00,0,0
1508202276,s2-eth2,0.00,0.00,0.00,0,0,0.00,0.00,0.00,0,0,0.00,0.00,0,0
1508202276,s2-eth1,0.00,0.00,0.00,0,0,0.00,0.00,0.00,0,0,0.00,0.00,0,0
1508202276,lo,0.00,0.00,0.00,0,0,0.00,0.00,0.00,0,0,0.00,0.00,0,0
1508202276,total,0.00,0.00,0.00,0,0,0.00,0.00,0.00,0,0,0.00,0.00,0,0
1508202277,s1,0.00,0.00,0.00,0,0,0.00,0.00,0.00,0,0,0.00,0.00,0,0
1508202277,eth0,0.00,0.00,0.00,0,0,0.00,0.00,0.00,0,0,0.00,0.00,0,0
1508202277,s2,0.00,0.00,0.00,0,0,0.00,0.00,0.00,0,0,0.00,0.00,0,0
1508202277,s1-eth2,0.00,0.00,0.00,0,0,0.00,0.00,0.00,0,0,0.00,0.00,0,0
1508202277,s1-eth1,0.00,0.00,0.00,0,0,0.00,0.00,0.00,0,0,0.00,0.00,0,0
1508202277,s2-eth2,0.00,0.00,0.00,0,0,0.00,0.00,0.00,0,0,0.00,0.00,0,0
1508202277,s2-eth1,0.00,0.00,0.00,0,0,0.00,0.00,0.00,0,0,0.00,0.00,0,0
1508202277,lo,344.00,344.00,688.00,344,344,6.00,6.00,12.00,6,6,0.00,0.00,0,0
1508202277,total,344.00,344.00,688.00,344,344,6.00,6.00,12.00,6,6,0.00,0.00,0,0
1508202278,s1,0.00,0.00,0.00,0,0,0.00,0.00,0.00,0,0,0.00,0.00,0,0
1508202278,eth0,0.00,0.00,0.00,0,0,0.00,0.00,0.00,0,0,0.00,0.00,0,0
1508202278,s2,0.00,0.00,0.00,0,0,0.00,0.00,0.00,0,0,0.00,0.00,0,0
1508202278,s1-eth2,0.00,0.00,0.00,0,0,0.00,0.00,0.00,0,0,0.00,0.00,0,0
1508202278,s1-eth1,0.00,0.00,0.00,0,0,0.00,0.00,0.00,0,0,0.00,0.00,0,0
1508202278,s2-eth2,0.00,0.00,0.00,0,0,0.00,0.00,0.00,0,0,0.00,0.00,0,0
1508202278,s2-eth1,0.00,0.00,0.00,0,0,0.00,0.00,0.00,0,0,0.00,0.00,0,0
1508202278,lo,0.00,0.00,0.00,0,0,0.00,0.00,0.00,0,0,0.00,0.00,0,0
1508202278,total,0.00,0.00,0.00,0,0,0.00,0.00,0.00,0,0,0.00,0.00,0,0
1508202279,s1,0.00,0.00,0.00,0,0,0.00,0.00,0.00,0,0,0.00,0.00,0,0
1508202279,eth0,0.00,0.00,0.00,0,0,0.00,0.00,0.00,0,0,0.00,0.00,0,0
1508202279,s2,0.00,0.00,0.00,0,0,0.00,0.00,0.00,0,0,0.00,0.00,0,0
1508202279,s1-eth2,0.00,0.00,0.00,0,0,0.00,0.00,0.00,0,0,0.00,0.00,0,0
1508202279,s1-eth1,342.00,0.00,342.00,0,342,1.00,0.00,1.00,0,1,0.00,0.00,0,0
1508202279,s2-eth2,342.00,0.00,342.00,0,342,1.00,0.00,1.00,0,1,0.00,0.00,0,0
1508202279,s2-eth1,0.00,0.00,0.00,0,0,0.00,0.00,0.00,0,0,0.00,0.00,0,0
1508202279,lo,0.00,0.00,0.00,0,0,0.00,0.00,0.00,0,0,0.00,0.00,0,0
1508202279,total,684.00,0.00,684.00,0,684,2.00,0.00,2.00,0,2,0.00,0.00,0,0
1508202280,s1,0.00,0.00,0.00,0,0,0.00,0.00,0.00,0,0,0.00,0.00,0,0
1508202280,eth0,0.00,86.00,86.00,86,0,0.00,1.00,1.00,1,0,0.00,0.00,0,0
1508202280,s2,0.00,0.00,0.00,0,0,0.00,0.00,0.00,0,0,0.00,0.00,0,0
1508202280,s1-eth2,0.00,0.00,0.00,0,0,0.00,0.00,0.00,0,0,0.00,0.00,0,0
1508202280,s1-eth1,0.00,0.00,0.00,0,0,0.00,0.00,0.00,0,0,0.00,0.00,0,0
1508202280,s2-eth2,0.00,0.00,0.00,0,0,0.00,0.00,0.00,0,0,0.00,0.00,0,0
1508202280,s2-eth1,0.00,0.00,0.00,0,0,0.00,0.00,0.00,0,0,0.00,0.00,0,0
1508202280,lo,0.00,0.00,0.00,0,0,0.00,0.00,0.00,0,0,0.00,0.00,0,0
1508202280,total,0.00,86.00,86.00,86,0,0.00,1.00,1.00,1,0,0.00,0.00,0,0
1508202281,s1,0.00,0.00,0.00,0,0,0.00,0.00,0.00,0,0,0.00,0.00,0,0
1508202281,eth0,0.00,0.00,0.00,0,0,0.00,0.00,0.00,0,0,0.00,0.00,0,0
1508202281,s2,0.00,0.00,0.00,0,0,0.00,0.00,0.00,0,0,0.00,0.00,0,0
1508202281,s1-eth2,0.00,0.00,0.00,0,0,0.00,0.00,0.00,0,0,0.00,0.00,0,0
1508202281,s1-eth1,107.00,0.00,107.00,0,107,1.00,0.00,1.00,0,1,0.00,0.00,0,0
1508202281,s2-eth2,0.00,0.00,0.00,0,0,0.00,0.00,0.00,0,0,0.00,0.00,0,0
1508202281,s2-eth1,0.00,0.00,0.00,0,0,0.00,0.00,0.00,0,0,0.00,0.00,0,0
1508202281,lo,0.00,0.00,0.00,0,0,0.00,0.00,0.00,0,0,0.00,0.00,0,0
1508202281,total,107.00,0.00,107.00,0,107,1.00,0.00,1.00,0,1,0.00,0.00,0,0
1508202282,s1,0.00,0.00,0.00,0,0,0.00,0.00,0.00,0,0,0.00,0.00,0,0
1508202282,eth0,880.00,951.00,1831.00,951,880,10.00,8.00,18.00,8,10,0.00,0.00,0,0
1508202282,s2,0.00,0.00,0.00,0,0,0.00,0.00,0.00,0,0,0.00,0.00,0,0
1508202282,s2-eth2,107.00,0.00,107.00,0,107,1.00,0.00,1.00,0,1,0.00,0.00,0,0
1508202282,lo,1679.00,1679.00,3358.00,1679,1679,24.00,24.00,48.00,24,24,0.00,0.00,0,0
1508202282,total,18446744073709551616.00,1844674407370