1508120087,s1,0.00,0.00,0.00,0,0,0.00,0.00,0.00,0,0,0.00,0.00,0,0
1508120087,eth0,0.00,0.00,0.00,0,0,0.00,0.00,0.00,0,0,0.00,0.00,0,0
1508120087,s2,0.00,0.00,0.00,0,0,0.00,0.00,0.00,0,0,0.00,0.00,0,0
1508120087,s1-eth2,0.00,0.00,0.00,0,0,0.00,0.00,0.00,0,0,0.00,0.00,0,0
1508120087,s1-eth1,0.00,0.00,0.00,0,0,0.00,0.00,0.00,0,0,0.00,0.00,0,0
1508120087,s2-eth2,0.00,0.00,0.00,0,0,0.00,0.00,0.00,0,0,0.00,0.00,0,0
1508120087,s2-eth1,0.00,0.00,0.00,0,0,0.00,0.00,0.00,0,0,0.00,0.00,0,0
1508120087,lo,0.00,0.00,0.00,0,0,0.00,0.00,0.00,0,0,0.00,0.00,0,0
1508120087,total,0.00,0.00,0.00,0,0,0.00,0.00,0.00,0,0,0.00,0.00,0,0
1508120088,s1,160.00,250.00,410.00,250,160,2.00,3.00,5.00,3,2,0.00,0.00,0,0
1508120088,eth0,608.00,980.00,1588.00,980,608,8.00,8.00,16.00,8,8,0.00,0.00,0,0
1508120088,s2,250.00,500.00,750.00,500,250,3.00,6.00,9.00,6,3,0.00,0.00,0,0
1508120088,s1-eth2,11963.00,239462.00,251425.00,239462,11963,135.00,161.00,296.00,161,135,0.00,0.00,0,0
1508120088,s1-eth1,250375.00,10040.00,260415.00,10040,250375,178.00,126.00,304.00,126,178,0.00,0.00,0,0
1508120088,s2-eth2,2606.00,250.00,2856.00,250,2606,17.00,3.00,20.00,3,17,0.00,0.00,0,0
1508120088,s2-eth1,2536.00,250.00,2786.00,250,2536,16.00,3.00,19.00,3,16,0.00,0.00,0,0
1508120088,lo,5192.00,5192.00,10384.00,5192,5192,56.00,56.00,112.00,56,56,0.00,0.00,0,0
1508120088,total,273690.00,256924.00,530614.00,256924,273690,415.00,366.00,781.00,366,415,0.00,0.00,0,0
1508120089,s1,90.00,0.00,90.00,0,90,1.00,0.00,1.00,0,1,0.00,0.00,0,0
1508120089,eth0,152.00,245.00,397.00,245,152,2.00,2.00,4.00,2,2,0.00,0.00,0,0
1508120089,s2,0.00,0.00,0.00,0,0,0.00,0.00,0.00,0,0,0.00,0.00,0,0
1508120089,s1-eth2,8799.00,251324.00,260123.00,251324,8799,111.00,166.00,277.00,166,111,0.00,0.00,0,0
1508120089,s1-eth1,250973.00,8382.00,259355.00,8382,250973,171.00,109.00,280.00,109,171,0.00,0.00,0,0
1508120089,s2-eth2,294.00,0.00,294.00,0,294,2.00,0.00,2.00,0,2,0.00,0.00,0,0
1508120089,s2-eth1,636.00,0.00,636.00,0,636,3.00,0.00,3.00,0,3,0.00,0.00,0,0
1508120089,lo,629.00,629.00,1258.00,629,629,7.00,7.00,14.00,7,7,0.00,0.00,0,0
1508120089,total,261573.00,260580.00,522153.00,260580,261573,297.00,284.00,581.00,284,297,0.00,0.00,0,0
1508120090,s1,0.00,0.00,0.00,0,0,0.00,0.00,0.00,0,0,0.00,0.00,0,0
1508120090,eth0,0.00,0.00,0.00,0,0,0.00,0.00,0.00,0,0,0.00,0.00,0,0
1508120090,s2,0.00,0.00,0.00,0,0,0.00,0.00,0.00,0,0,0.00,0.00,0,0
1508120090,s1-eth2,9929.00,257380.00,267309.00,257380,9929,128.00,170.00,298.00,170,128,0.00,0.00,0,0
1508120090,s1-eth1,250137.00,9908.00,260045.00,9908,250137,166.00,128.00,294.00,128,166,0.00,0.00,0,0
1508120090,s2-eth2,669.00,0.00,669.00,0,669,2.00,0.00,2.00,0,2,0.00,0.00,0,0
1508120090,s2-eth1,327.00,0.00,327.00,0,327,1.00,0.00,1.00,0,1,0.00,0.00,0,0
1508120090,lo,0.00,0.00,0.00,0,0,0.00,0.00,0.00,0,0,0.00,0.00,0,0
1508120090,total,261062.00,267288.00,528350.00,267288,261062,297.00,298.00,595.00,298,297,0.00,0.00,0,0
1508120091,s1,0.00,70.00,70.00,70,0,0.00,1.00,1.00,1,0,0.00,0.00,0,0
1508120091,eth0,60.00,180.00,240.00,180,60,1.00,3.00,4.00,3,1,0.00,0.00,0,0
1508120091,s2,0.00,0.00,0.00,0,0,0.00,0.00,0.00,0,0,0.00,0.00,0,0
1508120091,s1-eth2,9974.00,257380.00,267354.00,257380,9974,124.00,170.00,294.00,170,124,0.00,0.00,0,0
1508120091,s1-eth1,248670.00,9224.00,257894.00,9224,248670,166.00,120.00,286.00,120,166,0.00,0.00,0,0
1508120091,s2-eth2,374.00,0.00,374.00,0,374,2.00,0.00,2.00,0,2,0.00,0.00,0,0
1508120091,s2-eth1,374.00,0.00,374.00,0,374,2.00,0.00,2.00,0,2,0.00,0.00,0,0
1508120091,lo,268.00,268.00,536.00,268,268,3.00,3.00,6.00,3,3,0.00,0.00,0,0
1508120091,total,259720.00,267122.00,526842.00,267122,259720,298.00,297.00,595.00,297,298,0.00,0.00,0,0
1508120092,s1,69.93,69.93,139.86,70,70,1.00,1.00,2.00,1,1,0.00,0.00,0,0
1508120092,eth0,0.00,0.00,0.00,0,0,0.00,0.00,0.00,0,0,0.00,0.00,0,0
1508120092,s2,69.93,139.86,209.79,140,70,1.00,2.00,3.00,2,1,0.00,0.00,0,0
1508120092,s1-eth2,8179.82,258705.30,266885.12,258964,8188,103.90,171.83,275.72,172,104,0.00,0.00,0,0
1508120092,s1-eth1,250026.98,7768.23,257795.22,7776,250277,167.83,101.90,269.73,102,168,0.00,0.00,0,0
1508120092,s2-eth2,536.46,69.93,606.39,70,537,4.00,1.00,5.00,1,4,0.00,0.00,0,0
1508120092,s2-eth1,536.46,69.93,606.39,70,537,4.00,1.00,5.00,1,4,0.00,0.00,0,0
1508120092,lo,1286.71,1286.71,2573.43,1288,1288,13.99,13.99,27.97,14,14,0.00,0.00,0,0
1508120092,total,260706.30,268109.91,528816.19,268378,260967,295.70,292.71,588.41,293,296,0.00,0.00,0,0
1508120093,s1,0.00,0.00,0.00,0,0,0.00,0.00,0.00,0,0,0.00,0.00,0,0
1508120093,eth0,0.00,0.00,0.00,0,0,0.00,0.00,0.00,0,0,0.00,0.00,0,0
1508120093,s2,0.00,0.00,0.00,0,0,0.00,0.00,0.00,0,0,0.00,0.00,0,0
1508120093,s1-eth2,9050.00,252838.00,261888.00,252838,9050,117.00,167.00,284.00,167,117,0.00,0.00,0,0
1508120093,s1-eth1,249810.00,9050.00,258860.00,9050,249810,165.00,117.00,282.00,117,165,0.00,0.00,0,0
1508120093,s2-eth2,342.00,0.00,342.00,0,342,1.00,0.00,1.00,0,1,0.00,0.00,0,0
1508120093,s2-eth1,0.00,0.00,0.00,0,0,0.00,0.00,0.00,0,0,0.00,0.00,0,0
1508120093,lo,0.00,0.00,0.00,0,0,0.00,0.00,0.00,0,0,0.00,0.00,0,0
1508120093,total,259202.00,261888.00,521090.00,261888,259202,283.00,284.00,567.00,284,283,0.00,0.00,0,0
1508120094,s1,0.00,0.00,0.00,0,0,0.00,0.00,0.00,0,0,0.00,0.00,0,0
1508120094,eth0,0.00,0.00,0.00,0,0,0.00,0.00,0.00,0,0,0.00,0.00,0,0
1508120094,s2,0.00,0.00,0.00,0,0,0.00,0.00,0.00,0,0,0.00,0.00,0,0
1508120094,s1-eth2,10297.00,258894.00,269191.00,258894,10297,132.00,171.00,303.00,171,132,0.00,0.00,0,0
1508120094,s1-eth1,245268.00,10190.00,255458.00,10190,245268,162.00,131.00,293.00,131,162,0.00,0.00,0,0
1508120094,s2-eth2,0.00,0.00,0.00,0,0,0.00,0.00,0.00,0,0,0.00,0.00,0,0
1508120094,s2-eth1,342.00,0.00,342.00,0,342,1.00,0.00,1.00,0,1,0.00,0.00,0,0
1508120094,lo,0.00,0.00,0.00,0,0,0.00,0.00,0.00,0,0,0.00,0.00,0,0
1508120094,total,255907.00,269084.00,524991.00,269084,255907,295.00,302.00,597.00,302,295,0.00,0.00,0,0
1508120095,s1,0.00,70.00,70.00,70,0,0.00,1.00,1.00,1,0,0.00,0.00,0,0
1508120095,eth0,0.00,60.00,60.00,60,0,0.00,1.00,1.00,1,0,0.00,0.00,0,0
1508120095,s2,0.00,0.00,0.00,0,0,0.00,0.00,0.00,0,0,0.00,0.00,0,0
1508120095,s1-eth2,8526.00,257380.00,265906.00,257380,8526,109.00,170.00,279.00,170,109,0.00,0.00,0,0
1508120095,s1-eth1,250259.00,8114.00,258373.00,8114,250259,167.00,107.00,274.00,107,167,0.00,0.00,0,0
1508120095,s2-eth2,107.00,0.00,107.00,0,107,1.00,0.00,1.00,0,1,0.00,0.00,0,0
1508120095,s2-eth1,107.00,0.00,107.00,0,107,1.00,0.00,1.00,0,1,0.00,0.00,0,0
1508120095,lo,268.00,268.00,536.00,268,268,3.00,3.00,6.00,3,3,0.00,0.00,0,0
1508120095,total,259267.00,265892.00,525159.00,265892,259267,281.00,282.00,563.00,282,281,0.00,0.00,0,0
1508120096,s1,70.00,70.00,140.00,70,70,1.00,1.00,2.00,1,1,0.00,0.00,0,0
1508120096,eth0,0.00,86.00,86.00,86,0,0.00,1.00,1.00,1,0,0.00,0.00,0,0
1508120096,s2,70.00,140.00,210.00,140,70,1.00,2.00,3.00,2,1,0.00,0.00,0,0
1508120096,s1-eth2,8606.00,252908.00,261514.00,252908,8606,111.00,168.00,279.00,168,111,0.00,0.00,0,0
1508120096,s1-eth1,250020.00,8536.00,258556.00,8536,250020,168.00,110.00,278.00,110,168,0.00,0.00,0,0
1508120096,s2-eth2,210.00,70.00,280.00,70,210,3.00,1.00,4.00,1,3,0.00,0.00,0,0
1508120096,s2-eth1,210.00,70.00,280.00,70,210,3.00,1.00,4.00,1,3,0.00,0.00,0,0
1508120096,lo,1288.00,1288.00,2576.00,1288,1288,14.00,14.00,28.00,14,14,0.00,0.00,0,0
1508120096,total,260474.00,263168.00,523642.00,263168,260474,301.00,298.00,599.00,298,301,0.00,0.00,0,0
1508120097,s1,0.00,0.00,0.00,0,0,0.00,0.00,0.00,0,0,0.00,0.00,0,0
1508120097,eth0,0.00,0.00,0.00,0,0,0.00,0.00,0.00,0,0,0.00,0.00,0,0
1508120097,s2,0.00,0.00,0.00,0,0,0.00,0.00,0.00,0,0,0.00,0.00,0,0
1508120097,s1-eth2,7806.00,260408.00,268214.00,260408,7806,103.00,172.00,275.00,172,103,0.00,0.00,0,0
1508120097,s1-eth1,249810.00,7806.00,257616.00,7806,249810,165.00,103.00,268.00,103,165,0.00,0.00,0,0
1508120097,s2-eth2,0.00,0.00,0.00,0,0,0.00,0.00,0.00,0,0,0.00,0.00,0,0
1508120097,s2-eth1,0.00,0.00,0.00,0,0,0.00,0.00,0.00,0,0,0.00,0.00,0,0
1508120097,lo,0.00,0.00,0.00,0,0,0.00,0.00,0.00,0,0,0.00,0.00,0,0
1508120097,total,257616.00,268214.00,525830.00,268214,257616,268.00,275.00,543.00,275,268,0.00,0.00,0,0
1508120098,s1,0.00,0.00,0.00,0,0,0.00,0.00,0.00,0,0,0.00,0.00,0,0
1508120098,eth0,0.00,120.00,120.00,120,0,0.00,2.00,2.00,2,0,0.00,0.00,0,0
1508120098,s2,0.00,0.00,0.00,0,0,0.00,0.00,0.00,0,0,0.00,0.00,0,0
1508120098,s1-eth2,9226.00,249810.00,259036.00,249810,9226,119.00,165.00,284.00,165,119,0.00,0.00,0,0
1508120098,s1-eth1,249810.00,9226.00,259036.00,9226,249810,165.00,119.00,284.00,119,165,0.00,0.00,0,0
1508120098,s2-eth2,0.00,0.00,0.00,0,0,0.00,0.00,0.00,0,0,0.00,0.00,0,0
1508120098,s2-eth1,0.00,0.00,0.00,0,0,0.00,0.00,0.00,0,0,0.00,0.00,0,0
1508120098,lo,0.00,0.00,0.00,0,0,0.00,0.00,0.00,0,0,0.00,0.00,0,0
1508120098,total,259036.00,259156.00,518192.00,259156,259036,284.00,286.00,570.00,286,284,0.00,0.00,0,0
1508120099,s1,0.00,0.00,0.00,0,0,0.00,0.00,0.00,0,0,0.00,0.00,0,0
1508120099,eth0,0.00,0.00,0.00,0,0,0.00,0.00,0.00,0,0,0.00,0.00,0,0
1508120099,s2,0.00,0.00,0.00,0,0,0.00,0.00,0.00,0,0,0.00,0.00,0,0
1508120099,s1-eth2,8170.00,255866.00,264036.00,255866,8170,107.00,169.00,276.00,169,107,0.00,0.00,0,0
1508120099,s1-eth1,251324.00,8170.00,259494.00,8170,251324,166.00,107.00,273.00,107,166,0.00,0.00,0,0
1508120099,s2-eth2,0.00,0.00,0.00,0,0,0.00,0.00,0.00,0,0,0.00,0.00,0,0
1508120099,s2-eth1,0.00,0.00,0.00,0,0,0.00,0.00,0.00,0,0,0.00,0.00,0,0
1508120099,lo,0.00,0.00,0.00,0,0,0.00,0.00,0.00,0,0,0.00,0.00,0,0
1508120099,total,259494.00,264036.00,523530.00,264036,259494,273.00,276.00,549.00,276,273,0.00,0.00,0,0
1508120100,s1,0.00,0.00,0.00,0,0,0.00,0.00,0.00,0,0,0.00,0.00,0,0
1508120100,eth0,0.00,0.00,0.00,0,0,0.00,0.00,0.00,0,0,0.00,0.00,0,0
1508120100,s2,0.00,0.00,0.00,0,0,0.00,0.00,0.00,0,0,0.00,0.00,0,0
1508120100,s1-eth2,5994.00,257380.00,263374.00,257380,5994,81.00,170.00,251.00,170,81,0.00,0.00,0,0
1508120100,s1-eth1,249810.00,5994.00,255804.00,5994,249810,165.00,81.00,246.00,81,165,0.00,0.00,0,0
1508120100,s2-eth2,342.00,0.00,342.00,0,342,1.00,0.00,1.00,0,1,0.00,0.00,0,0
1508120100,s2-eth1,0.00,0.00,0.00,0,0,0.00,0.00,0.00,0,0,0.00,0.00,0,0
1508120100,lo,0.00,0.00,0.00,0,0,0.00,0.00,0.00,0,0,0.00,0.00,0,0
1508120100,total,256146.00,263374.00,519520.00,263374,256146,247.00,251.00,498.00,251,247,0.00,0.00,0,0
1508120101,s1,0.00,0.00,0.00,0,0,0.00,0.00,0.00,0,0,0.00,0.00,0,0
1508120101,eth0,0.00,0.00,0.00,0,0,0.00,0.00,0.00,0,0,0.00,0.00,0,0
1508120101,s2,0.00,0.00,0.00,0,0,0.00,0.00,0.00,0,0,0.00,0.00,0,0
1508120101,s1-eth2,8364.00,251324.00,259688.00,251324,8364,106.00,166.00,272.00,166,106,0.00,0.00,0,0
1508120101,s1-eth1,249810.00,8364.00,258174.00,8364,249810,165.00,106.00,271.00,106,165,0.00,0.00,0,0
1508120101,s2-eth2,0.00,0.00,0.00,0,0,0.00,0.00,0.00,0,0,0.00,0.00,0,0
1508120101,s2-eth1,0.00,0.00,0.00,0,0,0.00,0.00,0.00,0,0,0.00,0.00,0,0
1508120101,lo,344.00,344.00,688.00,344,344,6.00,6.00,12.00,6,6,0.00,0.00,0,0
1508120101,total,258518.00,260032.00,518550.00,260032,258518,277.00,278.00,555.00,278,277,0.00,0.00,0,0
1508120102,s1,0.00,0.00,0.00,0,0,0.00,0.00,0.00,0,0,0.00,0.00,0,0
1508120102,eth0,0.00,0.00,0.00,0,0,0.00,0.00,0.00,0,0,0.00,0.00,0,0
1508120102,s2,0.00,0.00,0.00,0,0,0.00,0.00,0.00,0,0,0.00,0.00,0,0
1508120102,s1-eth2,8657.00,255866.00,264523.00,255866,8657,112.00,169.00,281.00,169,112,0.00,0.00,0,0
1508120102,s1-eth1,249810.00,8550.00,258360.00,8550,249810,165.00,111.00,276.00,111,165,0.00,0.00,0,0
1508120102,s2-eth2,0.00,0.00,0.00,0,0,0.00,0.00,0.00,0,0,0.00,0.00,0,0
1508120102,s2-eth1,0.00,0.00,0.00,0,0,0.00,0.00,0.00,0,0,0.00,0.00,0,0
1508120102,lo,0.00,0.00,0.00,0,0,0.00,0.00,0.00,0,0,0.00,0.00,0,0
1508120102,total,258467.00,264416.00,522883.00,264416,258467,277.00,280.00,557.00,280,277,0.00,0.00,0,0
1508120103,s1,0.00,0.00,0.00,0,0,0.00,0.00,0.00,0,0,0.00,0.00,0,0
1508120103,eth0,0.00,274.00,274.00,274,0,0.00,2.00,2.00,2,0,0.00,0.00,0,0
1508120103,s2,0.00,0.00,0.00,0,0,0.00,0.00,0.00,0,0,0.00,0.00,0,0
1508120103,s1-eth2,10158.00,255866.00,266024.00,255866,10158,127.00,169.00,296.00,169,127,0.00,0.00,0,0
1508120103,s1-eth1,249917.00,9890.00,259807.00,9890,249917,166.00,127.00,293.00,127,166,0.00,0.00,0,0
1508120103,s2-eth2,107.00,0.00,107.00,0,107,1.00,0.00,1.00,0,1,0.00,0.00,0,0
1508120103,s2-eth1,449.00,0.00,449.00,0,449,2.00,0.00,2.00,0,2,0.00,0.00,0,0
1508120103,lo,0.00,0.00,0.00,0,0,0.00,0.00,0.00,0,0,0.00,0.00,0,0
1508120103,total,260631.00,266030.00,526661.00,266030,260631,296.00,298.00,594.00,298,296,0.00,0.00,0,0
1508120104,s1,0.00,0.00,0.00,0,0,0.00,0.00,0.00,0,0,0.00,0.00,0,0
1508120104,eth0,0.00,0.00,0.00,0,0,0.00,0.00,0.00,0,0,0.00,0.00,0,0
1508120104,s2,0.00,0.00,0.00,0,0,0.00,0.00,0.00,0,0,0.00,0.00,0,0
1508120104,s1-eth2,7556.00,260408.00,267964.00,260408,7556,100.00,172.00,272.00,172,100,0.00,0.00,0,0
1508120104,s1-eth1,251324.00,7482.00,258806.00,7482,251324,166.00,99.00,265.00,99,166,0.00,0.00,0,0
1508120104,s2-eth2,0.00,0.00,0.00,0,0,0.00,0.00,0.00,0,0,0.00,0.00,0,0
1508120104,s2-eth1,0.00,0.00,0.00,0,0,0.00,0.00,0.00,0,0,0.00,0.00,0,0
1508120104,lo,0.00,0.00,0.00,0,0,0.00,0.00,0.00,0,0,0.00,0.00,0,0
1508120104,total,258880.00,267890.00,526770.00,267890,258880,266.00,271.00,537.00,271,266,0.00,0.00,0,0
1508120105,s1,0.00,0.00,0.00,0,0,0.00,0.00,0.00,0,0,0.00,0.00,0,0
1508120105,eth0,0.00,180.00,180.00,180,0,0.00,3.00,3.00,3,0,0.00,0.00,0,0
1508120105,s2,0.00,0.00,0.00,0,0,0.00,0.00,0.00,0,0,0.00,0.00,0,0
1508120105,s1-eth2,9278.00,254352.00,263630.00,254352,9278,119.00,168.00,287.00,168,119,0.00,0.00,0,0
1508120105,s1-eth1,250152.00,9278.00,259430.00,9278,250152,166.00,119.00,285.00,119,166,0.00,0.00,0,0
1508120105,s2-eth2,0.00,0.00,0.00,0,0,0.00,0.00,0.00,0,0,0.00,0.00,0,0
1508120105,s2-eth1,0.00,0.00,0.00,0,0,0.00,0.00,0.00,0,0,0.00,0.00,0,0
1508120105,lo,0.00,0.00,0.00,0,0,0.00,0.00,0.00,0,0,0.00,0.00,0,0
1508120105,total,259430.00,263810.00,523240.00,263810,259430,285.00,290.00,575.00,290,285,0.00,0.00,0,0
1508120106,s1,0.00,0.00,0.00,0,0,0.00,0.00,0.00,0,0,0.00,0.00,0,0
1508120106,eth0,0.00,0.00,0.00,0,0,0.00,0.00,0.00,0,0,0.00,0.00,0,0
1508120106,s2,0.00,0.00,0.00,0,0,0.00,0.00,0.00,0,0,0.00,0.00,0,0
1508120106,s1-eth2,8512.00,254352.00,262864.00,254352,8512,110.00,168.00,278.00,168,110,0.00,0.00,0,0
1508120106,s1-eth1,249810.00,8512.00,258322.00,8512,249810,165.00,110.00,275.00,110,165,0.00,0.00,0,0
1508120106,s2-eth2,0.00,0.00,0.00,0,0,0.00,0.00,0.00,0,0,0.00,0.00,0,0
1508120106,s2-eth1,0.00,0.00,0.00,0,0,0.00,0.00,0.00,0,0,0.00,0.00,0,0
1508120106,lo,344.00,344.00,688.00,344,344,6.00,6.00,12.00,6,6,0.00,0.00,0,0
1508120106,total,258666.00,263208.00,521874.00,263208,258666,281.00,284.00,565.00,284,281,0.00,0.00,0,0
1508120107,s1,0.00,0.00,0.00,0,0,0.00,0.00,0.00,0,0,0.00,0.00,0,0
1508120107,eth0,0.00,0.00,0.00,0,0,0.00,0.00,0.00,0,0,0.00,0.00,0,0
1508120107,s2,0.00,0.00,0.00,0,0,0.00,0.00,0.00,0,0,0.00,0.00,0,0
1508120107,s1-eth2,8554.00,258894.00,267448.00,258894,8554,113.00,171.00,284.00,171,113,0.00,0.00,0,0
1508120107,s1-eth1,248296.00,8554.00,256850.00,8554,248296,164.00,113.00,277.00,113,164,0.00,0.00,0,0
1508120107,s2-eth2,0.00,0.00,0.00,0,0,0.00,0.00,0.00,0,0,0.00,0.00,0,0
1508120107,s2-eth1,0.00,0.00,0.00,0,0,0.00,0.00,0.00,0,0,0.00,0.00,0,0
1508120107,lo,0.00,0.00,0.00,0,0,0.00,0.00,0.00,0,0,0.00,0.00,0,0
1508120107,total,256850.00,267448.00,524298.00,267448,256850,277.00,284.00,561.00,284,277,0.00,0.00,0,0
1508120108,s1,0.00,0.00,0.00,0,0,0.00,0.00,0.00,0,0,0.00,0.00,0,0
1508120108,eth0,0.00,0.00,0.00,0,0,0.00,0.00,0.00,0,0,0.00,0.00,0,0
1508120108,s2,0.00,0.00,0.00,0,0,0.00,0.00,0.00,0,0,0.00,0.00,0,0
1508120108,s1-eth2,10584.00,254394.00,264978.00,254394,10584,136.00,169.00,305.00,169,136,0.00,0.00,0,0
1508120108,s1-eth1,251366.00,10658.00,262024.00,10658,251366,167.00,137.00,304.00,137,167,0.00,0.00,0,0
1508120108,s2-eth2,0.00,0.00,0.00,0,0,0.00,0.00,0.00,0,0,0.00,0.00,0,0
1508120108,s2-eth1,0.00,0.00,0.00,0,0,0.00,0.00,0.00,0,0,0.00,0.00,0,0
1508120108,lo,296.00,296.00,592.00,296,296,3.00,3.00,6.00,3,3,0.00,0.00,0,0
1508120108,total,262246.00,265348.00,527594.00,265348,262246,306.00,309.00,615.00,309,306,0.00,0.00,0,0
1508120109,s1,0.00,0.00,0.00,0,0,0.00,0.00,0.00,0,0,0.00,0.00,0,0
1508120109,eth0,0.00,0.00,0.00,0,0,0.00,0.00,0.00,0,0,0.00,0.00,0,0
1508120109,s2,0.00,0.00,0.00,0,0,0.00,0.00,0.00,0,0,0.00,0.00,0,0
1508120109,s1-eth2,8358.00,258894.00,267252.00,258894,8358,109.00,171.00,280.00,171,109,0.00,0.00,0,0
1508120109,s1-eth1,249810.00,8284.00,258094.00,8284,249810,165.00,108.00,273.00,108,165,0.00,0.00,0,0
1508120109,s2-eth2,342.00,0.00,342.00,0,342,1.00,0.00,1.00,0,1,0.00,0.00,0,0
1508120109,s2-eth1,342.00,0.00,342.00,0,342,1.00,0.00,1.00,0,1,0.00,0.00,0,0
1508120109,lo,0.00,0.00,0.00,0,0,0.00,0.00,0.00,0,0,0.00,0.00,0,0
1508120109,total,258852.00,267178.00,526030.00,267178,258852,276.00,279.00,555.00,279,276,0.00,0.00,0,0
1508120110,s1,0.00,0.00,0.00,0,0,0.00,0.00,0.00,0,0,0.00,0.00,0,0
1508120110,eth0,0.00,0.00,0.00,0,0,0.00,0.00,0.00,0,0,0.00,0.00,0,0
1508120110,s2,0.00,0.00,0.00,0,0,0.00,0.00,0.00,0,0,0.00,0.00,0,0
1508120110,s1-eth2,9880.00,258894.00,268774.00,258894,9880,128.00,171.00,299.00,171,128,0.00,0.00,0,0
1508120110,s1-eth1,249810.00,9880.00,259690.00,9880,249810,165.00,128.00,293.00,128,165,0.00,0.00,0,0
1508120110,s2-eth2,0.00,0.00,0.00,0,0,0.00,0.00,0.00,0,0,0.00,0.00,0,0
1508120110,s2-eth1,0.00,0.00,0.00,0,0,0.00,0.00,0.00,0,0,0.00,0.00,0,0
1508120110,lo,0.00,0.00,0.00,0,0,0.00,0.00,0.00,0,0,0.00,0.00,0,0
1508120110,total,259690.00,268774.00,528464.00,268774,259690,293.00,299.00,592.00,299,293,0.00,0.00,0,0
1508120111,s1,0.00,0.00,0.00,0,0,0.00,0.00,0.00,0,0,0.00,0.00,0,0
1508120111,eth0,0.00,0.00,0.00,0,0,0.00,0.00,0.00,0,0,0.00,0.00,0,0
1508120111,s2,0.00,0.00,0.00,0,0,0.00,0.00,0.00,0,0,0.00,0.00,0,0
1508120111,s1-eth2,11230.77,257122.89,268353.66,257380,11242,140.86,169.83,310.69,170,141,0.00,0.00,0,0
1508120111,s1-eth1,248047.95,10889.11,258937.06,10900,248296,163.84,139.86,303.70,140,164,0.00,0.00,0,0
1508120111,s2-eth2,0.00,0.00,0.00,0,0,0.00,0.00,0.00,0,0,0.00,0.00,0,0
1508120111,s2-eth1,0.00,0.00,0.00,0,0,0.00,0.00,0.00,0,0,0.00,0.00,0,0
1508120111,lo,171.83,171.83,343.66,172,172,3.00,3.00,5.99,3,3,0.00,0.00,0,0
1508120111,total,259450.56,268183.81,527634.38,268452,259710,307.69,312.69,620.38,313,308,0.00,0.00,0,0
1508120112,s1,0.00,0.00,0.00,0,0,0.00,0.00,0.00,0,0,0.00,0.00,0,0
1508120112,eth0,0.00,120.00,120.00,120,0,0.00,2.00,2.00,2,0,0.00,0.00,0,0
1508120112,s2,0.00,0.00,0.00,0,0,0.00,0.00,0.00,0,0,0.00,0.00,0,0
1508120112,s1-eth2,8066.00,260408.00,268474.00,260408,8066,105.00,172.00,277.00,172,105,0.00,0.00,0,0
1508120112,s1-eth1,249810.00,8066.00,257876.00,8066,249810,165.00,105.00,270.00,105,165,0.00,0.00,0,0
1508120112,s2-eth2,0.00,0.00,0.00,0,0,0.00,0.00,0.00,0,0,0.00,0.00,0,0
1508120112,s2-eth1,0.00,0.00,0.00,0,0,0.00,0.00,0.00,0,0,0.00,0.00,0,0
1508120112,lo,0.00,0.00,0.00,0,0,0.00,0.00,0.00,0,0,0.00,0.00,0,0
1508120112,total,257876.00,268594.00,526470.00,268594,257876,270.00,279.00,549.00,279,270,0.00,0.00,0,0
1508120113,s1,0.00,0.00,0.00,0,0,0.00,0.00,0.00,0,0,0.00,0.00,0,0
1508120113,eth0,0.00,0.00,0.00,0,0,0.00,0.00,0.00,0,0,0.00,0.00,0,0
1508120113,s2,0.00,0.00,0.00,0,0,0.00,0.00,0.00,0,0,0.00,0.00,0,0
1508120113,s1-eth2,10257.74,260147.86,270405.59,260408,10268,131.87,171.83,303.70,172,132,0.00,0.00,0,0
1508120113,s1-eth1,249560.45,10257.74,259818.19,10268,249810,164.84,131.87,296.70,132,165,0.00,0.00,0,0
1508120113,s2-eth2,0.00,0.00,0.00,0,0,0.00,0.00,0.00,0,0,0.00,0.00,0,0
1508120113,s2-eth1,0.00,0.00,0.00,0,0,0.00,0.00,0.00,0,0,0.00,0.00,0,0
1508120113,lo,171.83,171.83,343.66,172,172,3.00,3.00,5.99,3,3,0.00,0.00,0,0
1508120113,total,259990.02,270577.44,530567.44,270848,260250,299.70,306.69,606.39,307,300,0.00,0.00,0,0
1508120114,s1,0.00,0.00,0.00,0,0,0.00,0.00,0.00,0,0,0.00,0.00,0,0
1508120114,eth0,0.00,0.00,0.00,0,0,0.00,0.00,0.00,0,0,0.00,0.00,0,0
1508120114,s2,0.00,0.00,0.00,0,0,0.00,0.00,0.00,0,0,0.00,0.00,0,0
1508120114,s1-eth2,7790.00,257380.00,265170.00,257380,7790,103.00,170.00,273.00,170,103,0.00,0.00,0,0
1508120114,s1-eth1,251324.00,7790.00,259114.00,7790,251324,166.00,103.00,269.00,103,166,0.00,0.00,0,0
1508120114,s2-eth2,0.00,0.00,0.00,0,0,0.00,0.00,0.00,0,0,0.00,0.00,0,0
1508120114,s2-eth1,0.00,0.00,0.00,0,0,0.00,0.00,0.00,0,0,0.00,0.00,0,0
1508120114,lo,0.00,0.00,0.00,0,0,0.00,0.00,0.00,0,0,0.00,0.00,0,0
1508120114,total,259114.00,265170.00,524284.00,265170,259114,269.00,273.00,542.00,273,269,0.00,0.00,0,0
1508120115,s1,0.00,0.00,0.00,0,0,0.00,0.00,0.00,0,0,0.00,0.00,0,0
1508120115,eth0,0.00,0.00,0.00,0,0,0.00,0.00,0.00,0,0,0.00,0.00,0,0
1508120115,s2,0.00,0.00,0.00,0,0,0.00,0.00,0.00,0,0,0.00,0.00,0,0
1508120115,s1-eth2,8640.00,252838.00,261478.00,252838,8640,112.00,167.00,279.00,167,112,0.00,0.00,0,0
1508120115,s1-eth1,249810.00,8640.00,258450.00,8640,249810,165.00,112.00,277.00,112,165,0.00,0.00,0,0
1508120115,s2-eth2,0.00,0.00,0.00,0,0,0.00,0.00,0.00,0,0,0.00,0.00,0,0
1508120115,s2-eth1,0.00,0.00,0.00,0,0,0.00,0.00,0.00,0,0,0.00,0.00,0,0
1508120115,lo,0.00,0.00,0.00,0,0,0.00,0.00,0.00,0,0,0.00,0.00,0,0
1508120115,total,258450.00,261478.00,519928.00,261478,258450,277.00,279.00,556.00,279,277,0.00,0.00,0,0
1508120116,s1,0.00,0.00,0.00,0,0,0.00,0.00,0.00,0,0,0.00,0.00,0,0
1508120116,eth0,0.00,0.00,0.00,0,0,0.00,0.00,0.00,0,0,0.00,0.00,0,0
1508120116,s2,0.00,0.00,0.00,0,0,0.00,0.00,0.00,0,0,0.00,0.00,0,0
1508120116,s1-eth2,8530.00,255866.00,264396.00,255866,8530,111.00,169.00,280.00,169,111,0.00,0.00,0,0
1508120116,s1-eth1,249810.00,8530.00,258340.00,8530,249810,165.00,111.00,276.00,111,165,0.00,0.00,0,0
1508120116,s2-eth2,342.00,0.00,342.00,0,342,1.00,0.00,1.00,0,1,0.00,0.00,0,0
1508120116,s2-eth1,0.00,0.00,0.00,0,0,0.00,0.00,0.00,0,0,0.00,0.00,0,0
1508120116,lo,172.00,172.00,344.00,172,172,3.00,3.00,6.00,3,3,0.00,0.00,0,0
1508120116,total,258854.00,264568.00,523422.00,264568,258854,280.00,283.00,563.00,283,280,0.00,0.00,0,0
1508120117,s1,0.00,0.00,0.00,0,0,0.00,0.00,0.00,0,0,0.00,0.00,0,0
1508120117,eth0,0.00,0.00,0.00,0,0,0.00,0.00,0.00,0,0,0.00,0.00,0,0
1508120117,s2,0.00,0.00,0.00,0,0,0.00,0.00,0.00,0,0,0.00,0.00,0,0
1508120117,s1-eth2,9734.00,260408.00,270142.00,260408,9734,125.00,172.00,297.00,172,125,0.00,0.00,0,0
1508120117,s1-eth1,249810.00,9734.00,259544.00,9734,249810,165.00,125.00,290.00,125,165,0.00,0.00,0,0
1508120117,s2-eth2,0.00,0.00,0.00,0,0,0.00,0.00,0.00,0,0,0.00,0.00,0,0
1508120117,s2-eth1,0.00,0.00,0.00,0,0,0.00,0.00,0.00,0,0,0.00,0.00,0,0
1508120117,lo,0.00,0.00,0.00,0,0,0.00,0.00,0.00,0,0,0.00,0.00,0,0
1508120117,total,259544.00,270142.00,529686.00,270142,259544,290.00,297.00,587.00,297,290,0.00,0.00,0,0
1508120118,s1,0.00,0.00,0.00,0,0,0.00,0.00,0.00,0,0,0.00,0.00,0,0
1508120118,eth0,0.00,0.00,0.00,0,0,0.00,0.00,0.00,0,0,0.00,0.00,0,0
1508120118,s2,0.00,0.00,0.00,0,0,0.00,0.00,0.00,0,0,0.00,0.00,0,0
1508120118,s1-eth2,9447.00,257380.00,266827.00,257380,9447,123.00,170.00,293.00,170,123,0.00,0.00,0,0
1508120118,s1-eth1,249810.00,9340.00,259150.00,9340,249810,165.00,122.00,287.00,122,165,0.00,0.00,0,0
1508120118,s2-eth2,0.00,0.00,0.00,0,0,0.00,0.00,0.00,0,0,0.00,0.00,0,0
1508120118,s2-eth1,0.00,0.00,0.00,0,0,0.00,0.00,0.00,0,0,0.00,0.00,0,0
1508120118,lo,172.00,172.00,344.00,172,172,3.00,3.00,6.00,3,3,0.00,0.00,0,0
1508120118,total,259429.00,266892.00,526321.00,266892,259429,291.00,295.00,586.00,295,291,0.00,0.00,0,0
1508120119,s1,0.00,0.00,0.00,0,0,0.00,0.00,0.00,0,0,0.00,0.00,0,0
1508120119,eth0,0.00,119.88,119.88,120,0,0.00,2.00,2.00,2,0,0.00,0.00,0,0
1508120119,s2,0.00,0.00,0.00,0,0,0.00,0.00,0.00,0,0,0.00,0.00,0,0
1508120119,s1-eth2,9466.53,255610.39,265076.94,255866,9476,121.88,168.83,290.71,169,122,0.00,0.00,0,0
1508120119,s1-eth1,243617.39,9466.53,253083.92,9476,243861,161.84,121.88,283.72,122,162,0.00,0.00,0,0
1508120119,s2-eth2,106.89,0.00,106.89,0,107,1.00,0.00,1.00,0,1,0.00,0.00,0,0
1508120119,s2-eth1,106.89,0.00,106.89,0,107,1.00,0.00,1.00,0,1,0.00,0.00,0,0
1508120119,lo,0.00,0.00,0.00,0,0,0.00,0.00,0.00,0,0,0.00,0.00,0,0
1508120119,total,253297.70,265196.81,518494.53,265462,253551,285.71,292.71,578.42,293,286,0.00,0.00,0,0
1508120120,s1,0.00,0.00,0.00,0,0,0.00,0.00,0.00,0,0,0.00,0.00,0,0
1508120120,eth0,0.00,0.00,0.00,0,0,0.00,0.00,0.00,0,0,0.00,0.00,0,0
1508120120,s2,0.00,0.00,0.00,0,0,0.00,0.00,0.00,0,0,0.00,0.00,0,0
1508120120,s1-eth2,7984.00,254352.00,262336.00,254352,7984,104.00,168.00,272.00,168,104,0.00,0.00,0,0
1508120120,s1-eth1,250152.00,7984.00,258136.00,7984,250152,166.00,104.00,270.00,104,166,0.00,0.00,0,0
1508120120,s2-eth2,0.00,0.00,0.00,0,0,0.00,0.00,0.00,0,0,0.00,0.00,0,0
1508120120,s2-eth1,0.00,0.00,0.00,0,0,0.00,0.00,0.00,0,0,0.00,0.00,0,0
1508120120,lo,0.00,0.00,0.00,0,0,0.00,0.00,0.00,0,0,0.00,0.00,0,0
1508120120,total,258136.00,262336.00,520472.00,262336,258136,270.00,272.00,542.00,272,270,0.00,0.00,0,0
1508120121,s1,0.00,0.00,0.00,0,0,0.00,0.00,0.00,0,0,0.00,0.00,0,0
1508120121,eth0,0.00,0.00,0.00,0,0,0.00,0.00,0.00,0,0,0.00,0.00,0,0
1508120121,s2,0.00,0.00,0.00,0,0,0.00,0.00,0.00,0,0,0.00,0.00,0,0
1508120121,s1-eth2,10212.00,254352.00,264564.00,254352,10212,132.00,168.00,300.00,168,132,0.00,0.00,0,0
1508120121,s1-eth1,246782.00,10212.00,256994.00,10212,246782,163.00,132.00,295.00,132,163,0.00,0.00,0,0
1508120121,s2-eth2,0.00,0.00,0.00,0,0,0.00,0.00,0.00,0,0,0.00,0.00,0,0
1508120121,s2-eth1,0.00,0.00,0.00,0,0,0.00,0.00,0.00,0,0,0.00,0.00,0,0
1508120121,lo,172.00,172.00,344.00,172,172,3.00,3.00,6.00,3,3,0.00,0.00,0,0
1508120121,total,257166.00,264736.00,521902.00,264736,257166,298.00,303.00,601.00,303,298,0.00,0.00,0,0
1508120122,s1,0.00,0.00,0.00,0,0,0.00,0.00,0.00,0,0,0.00,0.00,0,0
1508120122,eth0,0.00,0.00,0.00,0,0,0.00,0.00,0.00,0,0,0.00,0.00,0,0
1508120122,s2,0.00,0.00,0.00,0,0,0.00,0.00,0.00,0,0,0.00,0.00,0,0
1508120122,s1-eth2,7998.00,257380.00,265378.00,257380,7998,105.00,170.00,275.00,170,105,0.00,0.00,0,0
1508120122,s1-eth1,251324.00,8084.00,259408.00,8084,251324,166.00,106.00,272.00,106,166,0.00,0.00,0,0
1508120122,s2-eth2,0.00,0.00,0.00,0,0,0.00,0.00,0.00,0,0,0.00,0.00,0,0
1508120122,s2-eth1,0.00,0.00,0.00,0,0,0.00,0.00,0.00,0,0,0.00,0.00,0,0
1508120122,lo,0.00,0.00,0.00,0,0,0.00,0.00,0.00,0,0,0.00,0.00,0,0
1508120122,total,259322.00,265464.00,524786.00,265464,259322,271.00,276.00,547.00,276,271,0.00,0.00,0,0
1508120123,s1,0.00,0.00,0.00,0,0,0.00,0.00,0.00,0,0,0.00,0.00,0,0
1508120123,eth0,0.00,1464.00,1464.00,1464,0,0.00,4.00,4.00,4,0,0.00,0.00,0,0
1508120123,s2,0.00,0.00,0.00,0,0,0.00,0.00,0.00,0,0,0.00,0.00,0,0
1508120123,s1-eth2,9192.00,257380.00,266572.00,257380,9192,120.00,170.00,290.00,170,120,0.00,0.00,0,0
1508120123,s1-eth1,249810.00,9106.00,258916.00,9106,249810,165.00,119.00,284.00,119,165,0.00,0.00,0,0
1508120123,s2-eth2,0.00,0.00,0.00,0,0,0.00,0.00,0.00,0,0,0.00,0.00,0,0
1508120123,s2-eth1,0.00,0.00,0.00,0,0,0.00,0.00,0.00,0,0,0.00,0.00,0,0
1508120123,lo,172.00,172.00,344.00,172,172,3.00,3.00,6.00,3,3,0.00,0.00,0,0
1508120123,total,259174.00,268122.00,527296.00,268122,259174,288.00,296.00,584.00,296,288,0.00,0.00,0,0
1508120124,s1,0.00,0.00,0.00,0,0,0.00,0.00,0.00,0,0,0.00,0.00,0,0
1508120124,eth0,0.00,0.00,0.00,0,0,0.00,0.00,0.00,0,0,0.00,0.00,0,0
1508120124,s2,0.00,0.00,0.00,0,0,0.00,0.00,0.00,0,0,0.00,0.00,0,0
1508120124,s1-eth2,8739.26,251072.94,259812.19,251324,8748,113.89,165.83,279.72,166,114,0.00,0.00,0,0
1508120124,s1-eth1,249560.45,8739.26,258299.70,8748,249810,164.84,113.89,278.72,114,165,0.00,0.00,0,0
1508120124,s2-eth2,0.00,0.00,0.00,0,0,0.00,0.00,0.00,0,0,0.00,0.00,0,0
1508120124,s2-eth1,341.66,0.00,341.66,0,342,1.00,0.00,1.00,0,1,0.00,0.00,0,0
1508120124,lo,0.00,0.00,0.00,0,0,0.00,0.00,0.00,0,0,0.00,0.00,0,0
1508120124,total,258641.36,259812.19,518453.56,260072,258900,279.72,279.72,559.44,280,280,0.00,0.00,0,0
1508120125,s1,0.00,0.00,0.00,0,0,0.00,0.00,0.00,0,0,0.00,0.00,0,0
1508120125,eth0,0.00,0.00,0.00,0,0,0.00,0.00,0.00,0,0,0.00,0.00,0,0
1508120125,s2,0.00,0.00,0.00,0,0,0.00,0.00,0.00,0,0,0.00,0.00,0,0
1508120125,s1-eth2,8162.00,204390.00,212552.00,204390,8162,105.00,135.00,240.00,135,105,0.00,0.00,0,0
1508120125,s1-eth1,192278.00,8162.00,200440.00,8162,192278,127.00,105.00,232.00,105,127,0.00,0.00,0,0
1508120125,s2-eth2,0.00,0.00,0.00,0,0,0.00,0.00,0.00,0,0,0.00,0.00,0,0
1508120125,s2-eth1,0.00,0.00,0.00,0,0,0.00,0.00,0.00,0,0,0.00,0.00,0,0
1508120125,lo,0.00,0.00,0.00,0,0,0.00,0.00,0.00,0,0,0.00,0.00,0,0
1508120125,total,200440.00,212552.00,412992.00,212552,200440,232.00,240.00,472.00,240,232,0.00,0.00,0,0
1508120126,s1,0.00,0.00,0.00,0,0,0.00,0.00,0.00,0,0,0.00,0.00,0,0
1508120126,eth0,0.00,292.00,292.00,292,0,0.00,4.00,4.00,4,0,0.00,0.00,0,0
1508120126,s2,0.00,0.00,0.00,0,0,0.00,0.00,0.00,0,0,0.00,0.00,0,0
1508120126,s1-eth2,9562.00,255866.00,265428.00,255866,9562,123.00,169.00,292.00,169,123,0.00,0.00,0,0
1508120126,s1-eth1,249810.00,9636.00,259446.00,9636,249810,165.00,124.00,289.00,124,165,0.00,0.00,0,0
1508120126,s2-eth2,0.00,0.00,0.00,0,0,0.00,0.00,0.00,0,0,0.00,0.00,0,0
1508120126,s2-eth1,0.00,0.00,0.00,0,0,0.00,0.00,0.00,0,0,0.00,0.00,0,0
1508120126,lo,172.00,172.00,344.00,172,172,3.00,3.00,6.00,3,3,0.00,0.00,0,0
1508120126,total,259544.00,265966.00,525510.00,265966,259544,291.00,300.00,591.00,300,291,0.00,0.00,0,0
1508120127,s1,0.00,0.00,0.00,0,0,0.00,0.00,0.00,0,0,0.00,0.00,0,0
1508120127,eth0,194.00,0.00,194.00,0,194,2.00,0.00,2.00,0,2,0.00,0.00,0,0
1508120127,s2,0.00,0.00,0.00,0,0,0.00,0.00,0.00,0,0,0.00,0.00,0,0
1508120127,s1-eth2,10546.00,260408.00,270954.00,260408,10546,137.00,172.00,309.00,172,137,0.00,0.00,0,0
1508120127,s1-eth1,251324.00,10472.00,261796.00,10472,251324,166.00,136.00,302.00,136,166,0.00,0.00,0,0
1508120127,s2-eth2,342.00,0.00,342.00,0,342,1.00,0.00,1.00,0,1,0.00,0.00,0,0
1508120127,s2-eth1,0.00,0.00,0.00,0,0,0.00,0.00,0.00,0,0,0.00,0.00,0,0
1508120127,lo,0.00,0.00,0.00,0,0,0.00,0.00,0.00,0,0,0.00,0.00,0,0
1508120127,total,262406.00,270880.00,533286.00,270880,262406,306.00,308.00,614.00,308,306,0.00,0.00,0,0
1508120128,s1,0.00,0.00,0.00,0,0,0.00,0.00,0.00,0,0,0.00,0.00,0,0
1508120128,eth0,0.00,0.00,0.00,0,0,0.00,0.00,0.00,0,0,0.00,0.00,0,0
1508120128,s2,0.00,0.00,0.00,0,0,0.00,0.00,0.00,0,0,0.00,0.00,0,0
1508120128,s1-eth2,8416.00,255866.00,264282.00,255866,8416,110.00,169.00,279.00,169,110,0.00,0.00,0,0
1508120128,s1-eth1,249810.00,8490.00,258300.00,8490,249810,165.00,111.00,276.00,111,165,0.00,0.00,0,0
1508120128,s2-eth2,0.00,0.00,0.00,0,0,0.00,0.00,0.00,0,0,0.00,0.00,0,0
1508120128,s2-eth1,0.00,0.00,0.00,0,0,0.00,0.00,0.00,0,0,0.00,0.00,0,0
1508120128,lo,172.00,172.00,344.00,172,172,3.00,3.00,6.00,3,3,0.00,0.00,0,0
1508120128,total,258398.00,264528.00,522926.00,264528,258398,278.00,283.00,561.00,283,278,0.00,0.00,0,0
1508120129,s1,0.00,0.00,0.00,0,0,0.00,0.00,0.00,0,0,0.00,0.00,0,0
1508120129,eth0,0.00,314.00,314.00,314,0,0.00,2.00,2.00,2,0,0.00,0.00,0,0
1508120129,s2,0.00,0.00,0.00,0,0,0.00,0.00,0.00,0,0,0.00,0.00,0,0
1508120129,s1-eth2,7802.00,260450.00,268252.00,260450,7802,99.00,173.00,272.00,173,99,0.00,0.00,0,0
1508120129,s1-eth1,249852.00,7386.00,257238.00,7386,249852,166.00,97.00,263.00,97,166,0.00,0.00,0,0
1508120129,s2-eth2,0.00,0.00,0.00,0,0,0.00,0.00,0.00,0,0,0.00,0.00,0,0
1508120129,s2-eth1,0.00,0.00,0.00,0,0,0.00,0.00,0.00,0,0,0.00,0.00,0,0
1508120129,lo,0.00,0.00,0.00,0,0,0.00,0.00,0.00,0,0,0.00,0.00,0,0
1508120129,total,257654.00,268150.00,525804.00,268150,257654,265.00,272.00,537.00,272,265,0.00,0.00,0,0
1508120130,s1,0.00,0.00,0.00,0,0,0.00,0.00,0.00,0,0,0.00,0.00,0,0
1508120130,eth0,0.00,314.00,314.00,314,0,0.00,2.00,2.00,2,0,0.00,0.00,0,0
1508120130,s2,0.00,0.00,0.00,0,0,0.00,0.00,0.00,0,0,0.00,0.00,0,0
1508120130,s1-eth2,10862.00,254352.00,265214.00,254352,10862,139.00,168.00,307.00,168,139,0.00,0.00,0,0
1508120130,s1-eth1,249810.00,10862.00,260672.00,10862,249810,165.00,139.00,304.00,139,165,0.00,0.00,0,0
1508120130,s2-eth2,0.00,0.00,0.00,0,0,0.00,0.00,0.00,0,0,0.00,0.00,0,0
1508120130,s2-eth1,0.00,0.00,0.00,0,0,0.00,0.00,0.00,0,0,0.00,0.00,0,0
1508120130,lo,0.00,0.00,0.00,0,0,0.00,0.00,0.00,0,0,0.00,0.00,0,0
1508120130,total,260672.00,265528.00,526200.00,265528,260672,304.00,309.00,613.00,309,304,0.00,0.00,0,0
1508120131,s1,0.00,0.00,0.00,0,0,0.00,0.00,0.00,0,0,0.00,0.00,0,0
1508120131,eth0,0.00,0.00,0.00,0,0,0.00,0.00,0.00,0,0,0.00,0.00,0,0
1508120131,s2,0.00,0.00,0.00,0,0,0.00,0.00,0.00,0,0,0.00,0.00,0,0
1508120131,s1-eth2,9132.00,258894.00,268026.00,258894,9132,118.00,171.00,289.00,171,118,0.00,0.00,0,0
1508120131,s1-eth1,248296.00,9132.00,257428.00,9132,248296,164.00,118.00,282.00,118,164,0.00,0.00,0,0
1508120131,s2-eth2,0.00,0.00,0.00,0,0,0.00,0.00,0.00,0,0,0.00,0.00,0,0
1508120131,s2-eth1,0.00,0.00,0.00,0,0,0.00,0.00,0.00,0,0,0.00,0.00,0,0
1508120131,lo,172.00,172.00,344.00,172,172,3.00,3.00,6.00,3,3,0.00,0.00,0,0
1508120131,total,257600.00,268198.00,525798.00,268198,257600,285.00,292.00,577.00,292,285,0.00,0.00,0,0
1508120132,s1,0.00,0.00,0.00,0,0,0.00,0.00,0.00,0,0,0.00,0.00,0,0
1508120132,eth0,0.00,0.00,0.00,0,0,0.00,0.00,0.00,0,0,0.00,0.00,0,0
1508120132,s2,0.00,0.00,0.00,0,0,0.00,0.00,0.00,0,0,0.00,0.00,0,0
1508120132,s1-eth2,7554.00,252838.00,260392.00,252838,7554,99.00,167.00,266.00,167,99,0.00,0.00,0,0
1508120132,s1-eth1,249810.00,7554.00,257364.00,7554,249810,165.00,99.00,264.00,99,165,0.00,0.00,0,0
1508120132,s2-eth2,0.00,0.00,0.00,0,0,0.00,0.00,0.00,0,0,0.00,0.00,0,0
1508120132,s2-eth1,0.00,0.00,0.00,0,0,0.00,0.00,0.00,0,0,0.00,0.00,0,0
1508120132,lo,0.00,0.00,0.00,0,0,0.00,0.00,0.00,0,0,0.00,0.00,0,0
1508120132,total,257364.00,260392.00,517756.00,260392,257364,264.00,266.00,530.00,266,264,0.00,0.00,0,0
1508120133,s1,0.00,0.00,0.00,0,0,0.00,0.00,0.00,0,0,0.00,0.00,0,0
1508120133,eth0,0.00,494.00,494.00,494,0,0.00,5.00,5.00,5,0,0.00,0.00,0,0
1508120133,s2,0.00,0.00,0.00,0,0,0.00,0.00,0.00,0,0,0.00,0.00,0,0
1508120133,s1-eth2,8516.00,258894.00,267410.00,258894,8516,112.00,171.00,283.00,171,112,0.00,0.00,0,0
1508120133,s1-eth1,249810.00,8516.00,258326.00,8516,249810,165.00,112.00,277.00,112,165,0.00,0.00,0,0
1508120133,s2-eth2,0.00,0.00,0.00,0,0,0.00,0.00,0.00,0,0,0.00,0.00,0,0
1508120133,s2-eth1,0.00,0.00,0.00,0,0,0.00,0.00,0.00,0,0,0.00,0.00,0,0
1508120133,lo,172.00,172.00,344.00,172,172,3.00,3.00,6.00,3,3,0.00,0.00,0,0
1508120133,total,258498.00,268076.00,526574.00,268076,258498,280.00,291.00,571.00,291,280,0.00,0.00,0,0
1508120134,s1,0.00,0.00,0.00,0,0,0.00,0.00,0.00,0,0,0.00,0.00,0,0
1508120134,eth0,728.00,706.00,1434.00,706,728,8.00,6.00,14.00,6,8,0.00,0.00,0,0
1508120134,s2,0.00,0.00,0.00,0,0,0.00,0.00,0.00,0,0,0.00,0.00,0,0
1508120134,s1-eth2,9926.00,251324.00,261250.00,251324,9926,127.00,166.00,293.00,166,127,0.00,0.00,0,0
1508120134,s1-eth1,245830.00,9926.00,255756.00,9926,245830,165.00,127.00,292.00,127,165,0.00,0.00,0,0
1508120134,s2-eth2,0.00,0.00,0.00,0,0,0.00,0.00,0.00,0,0,0.00,0.00,0,0
1508120134,s2-eth1,640.00,0.00,640.00,0,640,4.00,0.00,4.00,0,4,0.00,0.00,0,0
1508120134,lo,682.00,682.00,1364.00,682,682,8.00,8.00,16.00,8,8,0.00,0.00,0,0
1508120134,total,257806.00,262638.00,520444.00,262638,257806,312.00,307.00,619.00,307,312,0.00,0.00,0,0
1508120135,s1,0.00,0.00,0.00,0,0,0.00,0.00,0.00,0,0,0.00,0.00,0,0
1508120135,eth0,456.00,795.00,1251.00,795,456,6.00,7.00,13.00,7,6,0.00,0.00,0,0
1508120135,s2,0.00,0.00,0.00,0,0,0.00,0.00,0.00,0,0,0.00,0.00,0,0
1508120135,s1-eth2,10098.00,258894.00,268992.00,258894,10098,127.00,171.00,298.00,171,127,0.00,0.00,0,0
1508120135,s1-eth1,249888.00,9610.00,259498.00,9610,249888,166.00,125.00,291.00,125,166,0.00,0.00,0,0
1508120135,s2-eth2,562.00,0.00,562.00,0,562,3.00,0.00,3.00,0,3,0.00,0.00,0,0
1508120135,s2-eth1,250.00,0.00,250.00,0,250,3.00,0.00,3.00,0,3,0.00,0.00,0,0
1508120135,lo,1023.00,1023.00,2046.00,1023,1023,12.00,12.00,24.00,12,12,0.00,0.00,0,0
1508120135,total,262277.00,270322.00,532599.00,270322,262277,317.00,315.00,632.00,315,317,0.00,0.00,0,0
1508120136,s1,0.00,0.00,0.00,0,0,0.00,0.00,0.00,0,0,0.00,0.00,0,0
1508120136,eth0,152.00,305.00,457.00,305,152,2.00,3.00,5.00,3,2,0.00,0.00,0,0
1508120136,s2,0.00,0.00,0.00,0,0,0.00,0.00,0.00,0,0,0.00,0.00,0,0
1508120136,s1-eth2,8114.00,252838.00,260952.00,252838,8114,107.00,167.00,274.00,167,107,0.00,0.00,0,0
1508120136,s1-eth1,250417.00,7962.00,258379.00,7962,250417,175.00,105.00,280.00,105,175,0.00,0.00,0,0
1508120136,s2-eth2,78.00,0.00,78.00,0,78,1.00,0.00,1.00,0,1,0.00,0.00,0,0
1508120136,s2-eth1,2198.00,0.00,2198.00,0,2198,9.00,0.00,9.00,0,9,0.00,0.00,0,0
1508120136,lo,513.00,513.00,1026.00,513,513,7.00,7.00,14.00,7,7,0.00,0.00,0,0
1508120136,total,261472.00,261618.00,523090.00,261618,261472,301.00,282.00,583.00,282,301,0.00,0.00,0,0
1508120137,s1,0.00,0.00,0.00,0,0,0.00,0.00,0.00,0,0,0.00,0.00,0,0
1508120137,eth0,304.00,550.00,854.00,550,304,4.00,5.00,9.00,5,4,0.00,0.00,0,0
1508120137,s2,0.00,0.00,0.00,0,0,0.00,0.00,0.00,0,0,0.00,0.00,0,0
1508120137,s1-eth2,12219.00,257380.00,269599.00,257380,12219,144.00,170.00,314.00,170,144,0.00,0.00,0,0
1508120137,s1-eth1,250324.00,10440.00,260764.00,10440,250324,167.00,134.00,301.00,134,167,0.00,0.00,0,0
1508120137,s2-eth2,2448.00,0.00,2448.00,0,2448,12.00,0.00,12.00,0,12,0.00,0.00,0,0
1508120137,s2-eth1,294.00,0.00,294.00,0,294,2.00,0.00,2.00,0,2,0.00,0.00,0,0
1508120137,lo,682.00,682.00,1364.00,682,682,8.00,8.00,16.00,8,8,0.00,0.00,0,0
1508120137,total,266271.00,269052.00,535323.00,269052,266271,337.00,317.00,654.00,317,337,0.00,0.00,0,0
1508120138,s1,0.00,0.00,0.00,0,0,0.00,0.00,0.00,0,0,0.00,0.00,0,0
1508120138,eth0,152.00,245.00,397.00,245,152,2.00,2.00,4.00,2,2,0.00,0.00,0,0
1508120138,s2,0.00,0.00,0.00,0,0,0.00,0.00,0.00,0,0,0.00,0.00,0,0
1508120138,s1-eth2,7867.00,258894.00,266761.00,258894,7867,96.00,171.00,267.00,171,96,0.00,0.00,0,0
1508120138,s1-eth1,250137.00,6904.00,257041.00,6904,250137,166.00,92.00,258.00,92,166,0.00,0.00,0,0
1508120138,s2-eth2,294.00,0.00,294.00,0,294,2.00,0.00,2.00,0,2,0.00,0.00,0,0
1508120138,s2-eth1,327.00,0.00,327.00,0,327,1.00,0.00,1.00,0,1,0.00,0.00,0,0
1508120138,lo,513.00,513.00,1026.00,513,513,7.00,7.00,14.00,7,7,0.00,0.00,0,0
1508120138,total,259290.00,266556.00,525846.00,266556,259290,274.00,272.00,546.00,272,274,0.00,0.00,0,0
1508120139,s1,0.00,0.00,0.00,0,0,0.00,0.00,0.00,0,0,0.00,0.00,0,0
1508120139,eth0,0.00,60.00,60.00,60,0,0.00,1.00,1.00,1,0,0.00,0.00,0,0
1508120139,s2,0.00,0.00,0.00,0,0,0.00,0.00,0.00,0,0,0.00,0.00,0,0
1508120139,s1-eth2,8581.00,254352.00,262933.00,254352,8581,108.00,168.00,276.00,168,108,0.00,0.00,0,0
1508120139,s1-eth1,250184.00,8254.00,258438.00,8254,250184,167.00,107.00,274.00,107,167,0.00,0.00,0,0
1508120139,s2-eth2,327.00,0.00,327.00,0,327,1.00,0.00,1.00,0,1,0.00,0.00,0,0
1508120139,s2-eth1,444.00,0.00,444.00,0,444,3.00,0.00,3.00,0,3,0.00,0.00,0,0
1508120139,lo,0.00,0.00,0.00,0,0,0.00,0.00,0.00,0,0,0.00,0.00,0,0
1508120139,total,259536.00,262666.00,522202.00,262666,259536,279.00,276.00,555.00,276,279,0.00,0.00,0,0
1508120140,s1,0.00,0.00,0.00,0,0,0.00,0.00,0.00,0,0,0.00,0.00,0,0
1508120140,eth0,0.00,180.00,180.00,180,0,0.00,3.00,3.00,3,0,0.00,0.00,0,0
1508120140,s2,0.00,0.00,0.00,0,0,0.00,0.00,0.00,0,0,0.00,0.00,0,0
1508120140,s1-eth2,7462.00,249810.00,257272.00,249810,7462,96.00,165.00,261.00,165,96,0.00,0.00,0,0
1508120140,s1-eth1,250549.00,7088.00,257637.00,7088,250549,168.00,94.00,262.00,94,168,0.00,0.00,0,0
1508120140,s2-eth2,716.00,0.00,716.00,0,716,3.00,0.00,3.00,0,3,0.00,0.00,0,0
1508120140,s2-eth1,327.00,0.00,327.00,0,327,1.00,0.00,1.00,0,1,0.00,0.00,0,0
1508120140,lo,0.00,0.00,0.00,0,0,0.00,0.00,0.00,0,0,0.00,0.00,0,0
1508120140,total,259054.00,257078.00,516132.00,257078,259054,268.00,262.00,530.00,262,268,0.00,0.00,0,0
1508120141,s1,0.00,0.00,0.00,0,0,0.00,0.00,0.00,0,0,0.00,0.00,0,0
1508120141,eth0,0.00,0.00,0.00,0,0,0.00,0.00,0.00,0,0,0.00,0.00,0,0
1508120141,s2,0.00,0.00,0.00,0,0,0.00,0.00,0.00,0,0,0.00,0.00,0,0
1508120141,s1-eth2,10963.00,252838.00,263801.00,252838,10963,137.00,167.00,304.00,167,137,0.00,0.00,0,0
1508120141,s1-eth1,249810.00,10566.00,260376.00,10566,249810,165.00,135.00,300.00,135,165,0.00,0.00,0,0
1508120141,s2-eth2,397.00,0.00,397.00,0,397,2.00,0.00,2.00,0,2,0.00,0.00,0,0
1508120141,s2-eth1,342.00,0.00,342.00,0,342,1.00,0.00,1.00,0,1,0.00,0.00,0,0
1508120141,lo,172.00,172.00,344.00,172,172,3.00,3.00,6.00,3,3,0.00,0.00,0,0
1508120141,total,261684.00,263576.00,525260.00,263576,261684,308.00,305.00,613.00,305,308,0.00,0.00,0,0
1508120142,s1,0.00,0.00,0.00,0,0,0.00,0.00,0.00,0,0,0.00,0.00,0,0
1508120142,eth0,60.00,374.00,434.00,374,60,1.00,3.00,4.00,3,1,0.00,0.00,0,0
1508120142,s2,0.00,0.00,0.00,0,0,0.00,0.00,0.00,0,0,0.00,0.00,0,0
1508120142,s1-eth2,10058.00,261922.00,271980.00,261922,10058,127.00,173.00,300.00,173,127,0.00,0.00,0,0
1508120142,s1-eth1,249810.00,9716.00,259526.00,9716,249810,165.00,126.00,291.00,126,165,0.00,0.00,0,0
1508120142,s2-eth2,0.00,0.00,0.00,0,0,0.00,0.00,0.00,0,0,0.00,0.00,0,0
1508120142,s2-eth1,0.00,0.00,0.00,0,0,0.00,0.00,0.00,0,0,0.00,0.00,0,0
1508120142,lo,0.00,0.00,0.00,0,0,0.00,0.00,0.00,0,0,0.00,0.00,0,0
1508120142,total,259928.00,272012.00,531940.00,272012,259928,293.00,302.00,595.00,302,293,0.00,0.00,0,0
1508120143,s1,0.00,0.00,0.00,0,0,0.00,0.00,0.00,0,0,0.00,0.00,0,0
1508120143,eth0,0.00,0.00,0.00,0,0,0.00,0.00,0.00,0,0,0.00,0.00,0,0
1508120143,s2,0.00,0.00,0.00,0,0,0.00,0.00,0.00,0,0,0.00,0.00,0,0
1508120143,s1-eth2,9452.55,254097.91,263550.47,254352,9462,122.88,167.83,290.71,168,123,0.00,0.00,0,0
1508120143,s1-eth1,249667.34,9452.55,259119.89,9462,249917,165.83,122.88,288.71,123,166,0.00,0.00,0,0
1508120143,s2-eth2,0.00,0.00,0.00,0,0,0.00,0.00,0.00,0,0,0.00,0.00,0,0
1508120143,s2-eth1,176.82,0.00,176.82,0,177,2.00,0.00,2.00,0,2,0.00,0.00,0,0
1508120143,lo,171.83,171.83,343.66,172,172,3.00,3.00,5.99,3,3,0.00,0.00,0,0
1508120143,total,259468.53,263722.28,523190.81,263986,259728,293.71,293.71,587.41,294,294,0.00,0.00,0,0
1508120144,s1,0.00,0.00,0.00,0,0,0.00,0.00,0.00,0,0,0.00,0.00,0,0
1508120144,eth0,0.00,0.00,0.00,0,0,0.00,0.00,0.00,0,0,0.00,0.00,0,0
1508120144,s2,0.00,0.00,0.00,0,0,0.00,0.00,0.00,0,0,0.00,0.00,0,0
1508120144,s1-eth2,9529.00,255866.00,265395.00,255866,9529,122.00,169.00,291.00,169,122,0.00,0.00,0,0
1508120144,s1-eth1,249880.00,9508.00,259388.00,9508,249880,166.00,122.00,288.00,122,166,0.00,0.00,0,0
1508120144,s2-eth2,107.00,0.00,107.00,0,107,1.00,0.00,1.00,0,1,0.00,0.00,0,0
1508120144,s2-eth1,0.00,0.00,0.00,0,0,0.00,0.00,0.00,0,0,0.00,0.00,0,0
1508120144,lo,0.00,0.00,0.00,0,0,0.00,0.00,0.00,0,0,0.00,0.00,0,0
1508120144,total,259516.00,265374.00,524890.00,265374,259516,289.00,291.00,580.00,291,289,0.00,0.00,0,0
1508120145,s1,0.00,0.00,0.00,0,0,0.00,0.00,0.00,0,0,0.00,0.00,0,0
1508120145,eth0,0.00,0.00,0.00,0,0,0.00,0.00,0.00,0,0,0.00,0.00,0,0
1508120145,s2,0.00,0.00,0.00,0,0,0.00,0.00,0.00,0,0,0.00,0.00,0,0
1508120145,s1-eth2,8245.75,260147.86,268393.62,260408,8254,108.89,171.83,280.72,172,109,0.00,0.00,0,0
1508120145,s1-eth1,251414.59,8089.91,259504.50,8098,251666,166.83,106.89,273.73,107,167,0.00,0.00,0,0
1508120145,s2-eth2,411.59,0.00,411.59,0,412,2.00,0.00,2.00,0,2,0.00,0.00,0,0
1508120145,s2-eth1,0.00,0.00,0.00,0,0,0.00,0.00,0.00,0,0,0.00,0.00,0,0
1508120145,lo,0.00,0.00,0.00,0,0,0.00,0.00,0.00,0,0,0.00,0.00,0,0
1508120145,total,260071.94,268237.78,528309.69,268506,260332,277.72,278.72,556.44,279,278,0.00,0.00,0,0
1508120146,s1,0.00,0.00,0.00,0,0,0.00,0.00,0.00,0,0,0.00,0.00,0,0
1508120146,eth0,0.00,0.00,0.00,0,0,0.00,0.00,0.00,0,0,0.00,0.00,0,0
1508120146,s2,0.00,0.00,0.00,0,0,0.00,0.00,0.00,0,0,0.00,0.00,0,0
1508120146,s1-eth2,9560.00,254352.00,263912.00,254352,9560,124.00,168.00,292.00,168,124,0.00,0.00,0,0
1508120146,s1-eth1,249810.00,9560.00,259370.00,9560,249810,165.00,124.00,289.00,124,165,0.00,0.00,0,0
1508120146,s2-eth2,0.00,0.00,0.00,0,0,0.00,0.00,0.00,0,0,0.00,0.00,0,0
1508120146,s2-eth1,0.00,0.00,0.00,0,0,0.00,0.00,0.00,0,0,0.00,0.00,0,0
1508120146,lo,172.00,172.00,344.00,172,172,3.00,3.00,6.00,3,3,0.00,0.00,0,0
1508120146,total,259542.00,264084.00,523626.00,264084,259542,292.00,295.00,587.00,295,292,0.00,0.00,0,0
1508120147,s1,0.00,0.00,0.00,0,0,0.00,0.00,0.00,0,0,0.00,0.00,0,0
1508120147,eth0,0.00,179.82,179.82,180,0,0.00,3.00,3.00,3,0,0.00,0.00,0,0
1508120147,s2,0.00,0.00,0.00,0,0,0.00,0.00,0.00,0,0,0.00,0.00,0,0
1508120147,s1-eth2,9128.87,255610.39,264739.28,255866,9138,118.88,168.83,287.71,169,119,0.00,0.00,0,0
1508120147,s1-eth1,248047.95,9128.87,257176.83,9138,248296,163.84,118.88,282.72,119,164,0.00,0.00,0,0
1508120147,s2-eth2,0.00,0.00,0.00,0,0,0.00,0.00,0.00,0,0,0.00,0.00,0,0
1508120147,s2-eth1,0.00,0.00,0.00,0,0,0.00,0.00,0.00,0,0,0.00,0.00,0,0
1508120147,lo,0.00,0.00,0.00,0,0,0.00,0.00,0.00,0,0,0.00,0.00,0,0
1508120147,total,257176.83,264919.09,522095.91,265184,257434,282.72,290.71,573.43,291,283,0.00,0.00,0,0
1508120148,s1,0.00,0.00,0.00,0,0,0.00,0.00,0.00,0,0,0.00,0.00,0,0
1508120148,eth0,0.00,0.00,0.00,0,0,0.00,0.00,0.00,0,0,0.00,0.00,0,0
1508120148,s2,0.00,0.00,0.00,0,0,0.00,0.00,0.00,0,0,0.00,0.00,0,0
1508120148,s1-eth2,456.00,2958.00,3414.00,2958,456,6.00,5.00,11.00,5,6,0.00,0.00,0,0
1508120148,s1-eth1,10528.00,456.00,10984.00,456,10528,10.00,6.00,16.00,6,10,0.00,0.00,0,0
1508120148,s2-eth2,0.00,0.00,0.00,0,0,0.00,0.00,0.00,0,0,0.00,0.00,0,0
1508120148,s2-eth1,0.00,0.00,0.00,0,0,0.00,0.00,0.00,0,0,0.00,0.00,0,0
1508120148,lo,172.00,172.00,344.00,172,172,3.00,3.00,6.00,3,3,0.00,0.00,0,0
1508120148,total,11156.00,3586.00,14742.00,3586,11156,19.00,14.00,33.00,14,19,0.00,0.00,0,0
1508120149,s1,0.00,0.00,0.00,0,0,0.00,0.00,0.00,0,0,0.00,0.00,0,0
1508120149,eth0,0.00,0.00,0.00,0,0,0.00,0.00,0.00,0,0,0.00,0.00,0,0
1508120149,s2,0.00,0.00,0.00,0,0,0.00,0.00,0.00,0,0,0.00,0.00,0,0
1508120149,s1-eth2,0.00,0.00,0.00,0,0,0.00,0.00,0.00,0,0,0.00,0.00,0,0
1508120149,s1-eth1,0.00,0.00,0.00,0,0,0.00,0.00,0.00,0,0,0.00,0.00,0,0
1508120149,s2-eth2,0.00,0.00,0.00,0,0,0.00,0.00,0.00,0,0,0.00,0.00,0,0
1508120149,s2-eth1,0.00,0.00,0.00,0,0,0.00,0.00,0.00,0,0,0.00,0.00,0,0
1508120149,lo,0.00,0.00,0.00,0,0,0.00,0.00,0.00,0,0,0.00,0.00,0,0
1508120149,total,0.00,0.00,0.00,0,0,0.00,0.00,0.00,0,0,0.00,0.00,0,0
1508120150,s1,0.00,0.00,0.00,0,0,0.00,0.00,0.00,0,0,0.00,0.00,0,0
1508120150,eth0,0.00,0.00,0.00,0,0,0.00,0.00,0.00,0,0,0.00,0.00,0,0
1508120150,s2,0.00,0.00,0.00,0,0,0.00,0.00,0.00,0,0,0.00,0.00,0,0
1508120150,s1-eth2,0.00,0.00,0.00,0,0,0.00,0.00,0.00,0,0,0.00,0.00,0,0
1508120150,s1-eth1,342.00,0.00,342.00,0,342,1.00,0.00,1.00,0,1,0.00,0.00,0,0
1508120150,s2-eth2,0.00,0.00,0.00,0,0,0.00,0.00,0.00,0,0,0.00,0.00,0,0
1508120150,s2-eth1,0.00,0.00,0.00,0,0,0.00,0.00,0.00,0,0,0.00,0.00,0,0
1508120150,lo,0.00,0.00,0.00,0,0,0.00,0.00,0.00,0,0,0.00,0.00,0,0
1508120150,total,342.00,0.00,342.00,0,342,1.00,0.00,1.00,0,1,0.00,0.00,0,0
1508120151,s1,0.00,0.00,0.00,0,0,0.00,0.00,0.00,0,0,0.00,0.00,0,0
1508120151,eth0,0.00,0.00,0.00,0,0,0.00,0.00,0.00,0,0,0.00,0.00,0,0
1508120151,s2,0.00,0.00,0.00,0,0,0.00,0.00,0.00,0,0,0.00,0.00,0,0
1508120151,s1-eth2,41.96,41.96,83.92,42,42,1.00,1.00,2.00,1,1,0.00,0.00,0,0
1508120151,s1-eth1,148.85,41.96,190.81,42,149,2.00,1.00,3.00,1,2,0.00,0.00,0,0
1508120151,s2-eth2,0.00,0.00,0.00,0,0,0.00,0.00,0.00,0,0,0.00,0.00,0,0
1508120151,s2-eth1,106.89,0.00,106.89,0,107,1.00,0.00,1.00,0,1,0.00,0.00,0,0
1508120151,lo,171.83,171.83,343.66,172,172,3.00,3.00,5.99,3,3,0.00,0.00,0,0
1508120151,total,469.53,255.74,725.27,256,470,6.99,5.00,11.99,5,7,0.00,0.00,0,0
1508120152,s1,0.00,0.00,0.00,0,0,0.00,0.00,0.00,0,0,0.00,0.00,0,0
1508120152,eth0,0.00,0.00,0.00,0,0,0.00,0.00,0.00,0,0,0.00,0.00,0,0
1508120152,s2,0.00,0.00,0.00,0,0,0.00,0.00,0.00,0,0,0.00,0.00,0,0
1508120152,s1-eth2,448.55,0.00,448.55,0,449,2.00,0.00,2.00,0,2,0.00,0.00,0,0
1508120152,s1-eth1,0.00,0.00,0.00,0,0,0.00,0.00,0.00,0,0,0.00,0.00,0,0
1508120152,s2-eth2,106.89,0.00,106.89,0,107,1.00,0.00,1.00,0,1,0.00,0.00,0,0
1508120152,s2-eth1,341.66,0.00,341.66,0,342,1.00,0.00,1.00,0,1,0.00,0.00,0,0
1508120152,lo,0.00,0.00,0.00,0,0,0.00,0.00,0.00,0,0,0.00,0.00,0,0
1508120152,total,897.10,0.00,897.10,0,898,4.00,0.00,4.00,0,4,0.00,0.00,0,0
1508120153,s1,0.00,0.00,0.00,0,0,0.00,0.00,0.00,0,0,0.00,0.00,0,0
1508120153,eth0,0.00,1098.00,1098.00,1098,0,0.00,3.00,3.00,3,0,0.00,0.00,0,0
1508120153,s2,0.00,0.00,0.00,0,0,0.00,0.00,0.00,0,0,0.00,0.00,0,0
1508120153,s1-eth2,0.00,0.00,0.00,0,0,0.00,0.00,0.00,0,0,0.00,0.00,0,0
1508120153,s1-eth1,0.00,0.00,0.00,0,0,0.00,0.00,0.00,0,0,0.00,0.00,0,0
1508120153,s2-eth2,0.00,0.00,0.00,0,0,0.00,0.00,0.00,0,0,0.00,0.00,0,0
1508120153,s2-eth1,0.00,0.00,0.00,0,0,0.00,0.00,0.00,0,0,0.00,0.00,0,0
1508120153,lo,172.00,172.00,344.00,172,172,3.00,3.00,6.00,3,3,0.00,0.00,0,0
1508120153,total,172.00,1270.00,1442.00,1270,172,3.00,6.00,9.00,6,3,0.00,0.00,0,0
1508120154,s1,0.00,0.00,0.00,0,0,0.00,0.00,0.00,0,0,0.00,0.00,0,0
1508120154,eth0,0.00,119.88,119.88,120,0,0.00,2.00,2.00,2,0,0.00,0.00,0,0
1508120154,s2,0.00,0.00,0.00,0,0,0.00,0.00,0.00,0,0,0.00,0.00,0,0
1508120154,s1-eth2,0.00,0.00,0.00,0,0,0.00,0.00,0.00,0,0,0.00,0.00,0,0
1508120154,s1-eth1,0.00,0.00,0.00,0,0,0.00,0.00,0.00,0,0,0.00,0.00,0,0
1508120154,s2-eth2,0.00,0.00,0.00,0,0,0.00,0.00,0.00,0,0,0.00,0.00,0,0
1508120154,s2-eth1,0.00,0.00,0.00,0,0,0.00,0.00,0.00,0,0,0.00,0.00,0,0
1508120154,lo,0.00,0.00,0.00,0,0,0.00,0.00,0.00,0,0,0.00,0.00,0,0
1508120154,total,0.00,119.88,119.88,120,0,0.00,2.00,2.00,2,0,0.00,0.00,0,0
1508120155,s1,0.00,0.00,0.00,0,0,0.00,0.00,0.00,0,0,0.00,0.00,0,0
1508120155,eth0,0.00,0.00,0.00,0,0,0.00,0.00,0.00,0,0,0.00,0.00,0,0
1508120155,s2,0.00,0.00,0.00,0,0,0.