1508290882,s1,0.00,0.00,0.00,0,0,0.00,0.00,0.00,0,0,0.00,0.00,0,0
1508290882,eth0,0.00,0.00,0.00,0,0,0.00,0.00,0.00,0,0,0.00,0.00,0,0
1508290882,s2,0.00,0.00,0.00,0,0,0.00,0.00,0.00,0,0,0.00,0.00,0,0
1508290882,s1-eth2,0.00,0.00,0.00,0,0,0.00,0.00,0.00,0,0,0.00,0.00,0,0
1508290882,s1-eth1,0.00,0.00,0.00,0,0,0.00,0.00,0.00,0,0,0.00,0.00,0,0
1508290882,s2-eth2,0.00,0.00,0.00,0,0,0.00,0.00,0.00,0,0,0.00,0.00,0,0
1508290882,s2-eth1,0.00,0.00,0.00,0,0,0.00,0.00,0.00,0,0,0.00,0.00,0,0
1508290882,lo,0.00,0.00,0.00,0,0,0.00,0.00,0.00,0,0,0.00,0.00,0,0
1508290882,total,0.00,0.00,0.00,0,0,0.00,0.00,0.00,0,0,0.00,0.00,0,0
1508290883,s1,0.00,0.00,0.00,0,0,0.00,0.00,0.00,0,0,0.00,0.00,0,0
1508290883,eth0,152.00,245.00,397.00,245,152,2.00,2.00,4.00,2,2,0.00,0.00,0,0
1508290883,s2,0.00,90.00,90.00,90,0,0.00,1.00,1.00,1,0,0.00,0.00,0,0
1508290883,s1-eth2,6367.00,260656.00,267023.00,260656,6367,84.00,88.00,172.00,88,84,0.00,0.00,0,0
1508290883,s1-eth1,243258.00,5280.00,248538.00,5280,243258,84.00,80.00,164.00,80,84,0.00,0.00,0,0
1508290883,s2-eth2,2198.00,90.00,2288.00,90,2198,9.00,1.00,10.00,1,9,0.00,0.00,0,0
1508290883,s2-eth1,1026.00,0.00,1026.00,0,1026,4.00,0.00,4.00,0,4,0.00,0.00,0,0
1508290883,lo,629.00,629.00,1258.00,629,629,7.00,7.00,14.00,7,7,0.00,0.00,0,0
1508290883,total,253630.00,266990.00,520620.00,266990,253630,190.00,179.00,369.00,179,190,0.00,0.00,0,0
1508290884,s1,0.00,0.00,0.00,0,0,0.00,0.00,0.00,0,0,0.00,0.00,0,0
1508290884,eth0,0.00,0.00,0.00,0,0,0.00,0.00,0.00,0,0,0.00,0.00,0,0
1508290884,s2,0.00,0.00,0.00,0,0,0.00,0.00,0.00,0,0,0.00,0.00,0,0
1508290884,s1-eth2,8607.00,215706.00,224313.00,215706,8607,113.00,109.00,222.00,109,113,0.00,0.00,0,0
1508290884,s1-eth1,248483.00,8280.00,256763.00,8280,248483,119.00,112.00,231.00,112,119,0.00,0.00,0,0
1508290884,s2-eth2,374.00,0.00,374.00,0,374,2.00,0.00,2.00,0,2,0.00,0.00,0,0
1508290884,s2-eth1,107.00,0.00,107.00,0,107,1.00,0.00,1.00,0,1,0.00,0.00,0,0
1508290884,lo,0.00,0.00,0.00,0,0,0.00,0.00,0.00,0,0,0.00,0.00,0,0
1508290884,total,257571.00,223986.00,481557.00,223986,257571,235.00,221.00,456.00,221,235,0.00,0.00,0,0
1508290885,s1,0.00,139.86,139.86,140,0,0.00,2.00,2.00,2,0,0.00,0.00,0,0
1508290885,eth0,0.00,0.00,0.00,0,0,0.00,0.00,0.00,0,0,0.00,0.00,0,0
1508290885,s2,0.00,69.93,69.93,70,0,0.00,1.00,1.00,1,0,0.00,0.00,0,0
1508290885,s1-eth2,5844.16,242909.09,248753.25,243152,5850,83.92,85.91,169.83,86,84,0.00,0.00,0,0
1508290885,s1-eth1,243422.58,5482.52,248905.11,5488,243666,85.91,81.92,167.83,82,86,0.00,0.00,0,0
1508290885,s2-eth2,396.60,0.00,396.60,0,397,2.00,0.00,2.00,0,2,0.00,0.00,0,0
1508290885,s2-eth1,336.66,69.93,406.59,70,337,2.00,1.00,3.00,1,2,0.00,0.00,0,0
1508290885,lo,803.20,803.20,1606.39,804,804,8.99,8.99,17.98,9,9,0.00,0.00,0,0
1508290885,total,250803.20,249474.53,500277.75,249724,251054,182.82,180.82,363.64,181,183,0.00,0.00,0,0
1508290886,s1,0.00,0.00,0.00,0,0,0.00,0.00,0.00,0,0,0.00,0.00,0,0
1508290886,eth0,0.00,118.00,118.00,118,0,0.00,1.00,1.00,1,0,0.00,0.00,0,0
1508290886,s2,0.00,70.00,70.00,70,0,0.00,1.00,1.00,1,0,0.00,0.00,0,0
1508290886,s1-eth2,6577.00,246308.00,252885.00,246308,6577,92.00,90.00,182.00,90,92,0.00,0.00,0,0
1508290886,s1-eth1,244011.00,6102.00,250113.00,6102,244011,95.00,89.00,184.00,89,95,0.00,0.00,0,0
1508290886,s2-eth2,444.00,70.00,514.00,70,444,3.00,1.00,4.00,1,3,0.00,0.00,0,0
1508290886,s2-eth1,397.00,0.00,397.00,0,397,2.00,0.00,2.00,0,2,0.00,0.00,0,0
1508290886,lo,268.00,268.00,536.00,268,268,3.00,3.00,6.00,3,3,0.00,0.00,0,0
1508290886,total,251697.00,252936.00,504633.00,252936,251697,195.00,185.00,380.00,185,195,0.00,0.00,0,0
1508290887,s1,0.00,0.00,0.00,0,0,0.00,0.00,0.00,0,0,0.00,0.00,0,0
1508290887,eth0,0.00,0.00,0.00,0,0,0.00,0.00,0.00,0,0,0.00,0.00,0,0
1508290887,s2,0.00,0.00,0.00,0,0,0.00,0.00,0.00,0,0,0.00,0.00,0,0
1508290887,s1-eth2,6299.10,250362.91,256662.02,251114,6318,92.72,96.71,189.43,97,93,0.00,0.00,0,0
1508290887,s1-eth1,245900.30,6299.10,252199.41,6318,246638,94.72,92.72,187.44,93,95,0.00,0.00,0,0
1508290887,s2-eth2,326.02,0.00,326.02,0,327,1.00,0.00,1.00,0,1,0.00,0.00,0,0
1508290887,s2-eth1,340.98,0.00,340.98,0,342,1.00,0.00,1.00,0,1,0.00,0.00,0,0
1508290887,lo,0.00,0.00,0.00,0,0,0.00,0.00,0.00,0,0,0.00,0.00,0,0
1508290887,total,252112.33,255896.62,508008.94,257432,253625,188.87,188.87,377.73,190,190,0.00,0.00,0,0
