1503628492,s5,0.00,0.00,0.00,0,0,0.00,0.00,0.00,0,0,0.00,0.00,0,0
1503628492,s1,0.00,0.00,0.00,0,0,0.00,0.00,0.00,0,0,0.00,0.00,0,0
1503628492,eth0,0.00,0.00,0.00,0,0,0.00,0.00,0.00,0,0,0.00,0.00,0,0
1503628492,eth1,0.00,0.00,0.00,0,0,0.00,0.00,0.00,0,0,0.00,0.00,0,0
1503628492,s2,0.00,0.00,0.00,0,0,0.00,0.00,0.00,0,0,0.00,0.00,0,0
1503628492,s1-eth2,0.00,0.00,0.00,0,0,0.00,0.00,0.00,0,0,0.00,0.00,0,0
1503628492,s1-eth1,0.00,0.00,0.00,0,0,0.00,0.00,0.00,0,0,0.00,0.00,0,0
1503628492,s3,0.00,0.00,0.00,0,0,0.00,0.00,0.00,0,0,0.00,0.00,0,0
1503628492,s2-eth2,0.00,0.00,0.00,0,0,0.00,0.00,0.00,0,0,0.00,0.00,0,0
1503628492,s2-eth1,0.00,0.00,0.00,0,0,0.00,0.00,0.00,0,0,0.00,0.00,0,0
1503628492,lo,0.00,0.00,0.00,0,0,0.00,0.00,0.00,0,0,0.00,0.00,0,0
1503628492,s4,0.00,0.00,0.00,0,0,0.00,0.00,0.00,0,0,0.00,0.00,0,0
1503628492,s3-eth2,0.00,0.00,0.00,0,0,0.00,0.00,0.00,0,0,0.00,0.00,0,0
1503628492,s3-eth1,0.00,0.00,0.00,0,0,0.00,0.00,0.00,0,0,0.00,0.00,0,0
1503628492,total,0.00,0.00,0.00,0,0,0.00,0.00,0.00,0,0,0.00,0.00,0,0
1503628493,s5,0.00,0.00,0.00,0,0,0.00,0.00,0.00,0,0,0.00,0.00,0,0
1503628493,s1,0.00,1347.00,1347.00,1347,0,0.00,7.00,7.00,7,0,0.00,0.00,0,0
1503628493,eth0,152.00,245.00,397.00,245,152,2.00,2.00,4.00,2,2,0.00,0.00,0,0
1503628493,eth1,0.00,0.00,0.00,0,0,0.00,0.00,0.00,0,0,0.00,0.00,0,0
1503628493,s2,0.00,1290.00,1290.00,1290,0,0.00,5.00,5.00,5,0,0.00,0.00,0,0
1503628493,s1-eth2,30713.00,1189837.00,1220550.00,1189837,30713,408.00,792.00,1200.00,792,408,0.00,0.00,0,0
1503628493,s1-eth1,1190458.00,30044.00,1220502.00,30044,1190458,795.00,406.00,1201.00,406,795,0.00,0.00,0,0
1503628493,s3,0.00,1338.00,1338.00,1338,0,0.00,4.00,4.00,4,0,0.00,0.00,0,0
1503628493,s2-eth2,31382.00,1190625.00,1222007.00,1190625,31382,410.00,789.00,1199.00,789,410,0.00,0.00,0,0
1503628493,s2-eth1,1189837.00,30713.00,1220550.00,30713,1189837,792.00,408.00,1200.00,408,792,0.00,0.00,0,0
1503628493,lo,5456.00,5456.00,10912.00,5456,5456,52.00,52.00,104.00,52,52,0.00,0.00,0,0
1503628493,s4,0.00,0.00,0.00,0,0,0.00,0.00,0.00,0,0,0.00,0.00,0,0
1503628493,s3-eth2,32238.00,1193032.00,1225270.00,1193032,32238,413.00,788.00,1201.00,788,413,0.00,0.00,0,0
1503628493,s3-eth1,1190625.00,31382.00,1222007.00,31382,1190625,789.00,410.00,1199.00,410,789,0.00,0.00,0,0
1503628493,total,3670861.00,3675309.00,7346170.00,3675309,3670861,3661.00,3663.00,7324.00,3663,3661,0.00,0.00,0,0
1503628494,s5,0.00,0.00,0.00,0,0,0.00,0.00,0.00,0,0,0.00,0.00,0,0
1503628494,s1,0.00,669.00,669.00,669,0,0.00,2.00,2.00,2,0,0.00,0.00,0,0
1503628494,eth0,0.00,0.00,0.00,0,0,0.00,0.00,0.00,0,0,0.00,0.00,0,0
1503628494,eth1,0.00,0.00,0.00,0,0,0.00,0.00,0.00,0,0,0.00,0.00,0,0
1503628494,s2,0.00,716.00,716.00,716,0,0.00,3.00,3.00,3,0,0.00,0.00,0,0
1503628494,s1-eth2,31824.00,1240635.00,1272459.00,1240635,31824,427.00,821.00,1248.00,821,427,0.00,0.00,0,0
1503628494,s1-eth1,1240635.00,31376.00,1272011.00,31376,1240635,821.00,424.00,1245.00,424,821,0.00,0.00,0,0
1503628494,s3,0.00,748.00,748.00,748,0,0.00,4.00,4.00,4,0,0.00,0.00,0,0
1503628494,s2-eth2,32124.00,1240308.00,1272432.00,1240308,32124,428.00,820.00,1248.00,820,428,0.00,0.00,0,0
1503628494,s2-eth1,1240635.00,31824.00,1272459.00,31824,1240635,821.00,427.00,1248.00,427,821,0.00,0.00,0,0
1503628494,lo,2871.00,2871.00,5742.00,2871,2871,27.00,27.00,54.00,27,27,0.00,0.00,0,0
1503628494,s4,0.00,0.00,0.00,0,0,0.00,0.00,0.00,0,0,0.00,0.00,0,0
1503628494,s3-eth2,32231.00,1239966.00,1272197.00,1239966,32231,429.00,819.00,1248.00,819,429,0.00,0.00,0,0
1503628494,s3-eth1,1240308.00,32124.00,1272432.00,32124,1240308,820.00,428.00,1248.00,428,820,0.00,0.00,0,0
1503628494,total,3820628.00,3821237.00,7641865.00,3821237,3820628,3773.00,3775.00,7548.00,3775,3773,0.00,0.00,0,0
1503628495,s5,0.00,0.00,0.00,0,0,0.00,0.00,0.00,0,0,0.00,0.00,0,0
1503628495,s1,0.00,1215.00,1215.00,1215,0,0.00,7.00,7.00,7,0,0.00,0.00,0,0
1503628495,eth0,60.00,60.00,120.00,60,60,1.00,1.00,2.00,1,1,0.00,0.00,0,0
1503628495,eth1,0.00,0.00,0.00,0,0,0.00,0.00,0.00,0,0,0.00,0.00,0,0
1503628495,s2,0.00,1238.00,1238.00,1238,0,0.00,7.00,7.00,7,0,0.00,0.00,0,0
1503628495,s1-eth2,32361.00,1250195.00,1282556.00,1250195,32361,434.00,831.00,1265.00,831,434,0.00,0.00,0,0
1503628495,s1-eth1,1250896.00,32038.00,1282934.00,32038,1250896,834.00,433.00,1267.00,433,834,0.00,0.00,0,0
1503628495,s3,0.00,864.00,864.00,864,0,0.00,5.00,5.00,5,0,0.00,0.00,0,0
1503628495,s2-eth2,32832.00,1249821.00,1282653.00,1249821,32832,437.00,829.00,1266.00,829,437,0.00,0.00,0,0
1503628495,s2-eth1,1250195.00,32361.00,1282556.00,32361,1250195,831.00,434.00,1265.00,434,831,0.00,0.00,0,0
1503628495,lo,5667.00,5667.00,11334.00,5667,5667,57.00,57.00,114.00,57,57,0.00,0.00,0,0
1503628495,s4,0.00,0.00,0.00,0,0,0.00,0.00,0.00,0,0,0.00,0.00,0,0
1503628495,s3-eth2,33496.00,1250564.00,1284060.00,1250564,33496,440.00,826.00,1266.00,826,440,0.00,0.00,0,0
1503628495,s3-eth1,1249821.00,32832.00,1282653.00,32832,1249821,829.00,437.00,1266.00,437,829,0.00,0.00,0,0
1503628495,total,3855328.00,3856855.00,7712183.00,3856855,3855328,3863.00,3867.00,7730.00,3867,3863,0.00,0.00,0,0
1503628496,s5,0.00,0.00,0.00,0,0,0.00,0.00,0.00,0,0,0.00,0.00,0,0
1503628496,s1,0.00,809.00,809.00,809,0,0.00,4.00,4.00,4,0,0.00,0.00,0,0
1503628496,eth0,0.00,0.00,0.00,0,0,0.00,0.00,0.00,0,0,0.00,0.00,0,0
1503628496,eth1,0.00,0.00,0.00,0,0,0.00,0.00,0.00,0,0,0.00,0.00,0,0
1503628496,s2,0.00,70.00,70.00,70,0,0.00,1.00,1.00,1,0,0.00,0.00,0,0
1503628496,s1-eth2,31746.00,1249859.00,1281605.00,1249859,31746,429.00,829.00,1258.00,829,429,0.00,0.00,0,0
1503628496,s1-eth1,1249929.00,31746.00,1281675.00,31746,1249929,830.00,429.00,1259.00,429,830,0.00,0.00,0,0
1503628496,s3,0.00,412.00,412.00,412,0,0.00,2.00,2.00,2,0,0.00,0.00,0,0
1503628496,s2-eth2,32088.00,1250634.00,1282722.00,1250634,32088,430.00,827.00,1257.00,827,430,0.00,0.00,0,0
1503628496,s2-eth1,1249859.00,31746.00,1281605.00,31746,1249859,829.00,429.00,1258.00,429,829,0.00,0.00,0,0
1503628496,lo,2394.00,2394.00,4788.00,2394,2394,27.00,27.00,54.00,27,27,0.00,0.00,0,0
1503628496,s4,0.00,0.00,0.00,0,0,0.00,0.00,0.00,0,0,0.00,0.00,0,0
1503628496,s3-eth2,32088.00,1250634.00,1282722.00,1250634,32088,430.00,827.00,1257.00,827,430,0.00,0.00,0,0
1503628496,s3-eth1,1250634.00,32088.00,1282722.00,32088,1250634,827.00,430.00,1257.00,430,827,0.00,0.00,0,0
1503628496,total,3848738.00,3850392.00,7699130.00,3850392,3848738,3802.00,3805.00,7607.00,3805,3802,0.00,0.00,0,0
1503628497,s5,0.00,0.00,0.00,0,0,0.00,0.00,0.00,0,0,0.00,0.00,0,0
1503628497,s1,0.00,0.00,0.00,0,0,0.00,0.00,0.00,0,0,0.00,0.00,0,0
1503628497,eth0,0.00,0.00,0.00,0,0,0.00,0.00,0.00,0,0,0.00,0.00,0,0
1503628497,eth1,0.00,0.00,0.00,0,0,0.00,0.00,0.00,0,0,0.00,0.00,0,0
1503628497,s2,0.00,0.00,0.00,0,0,0.00,0.00,0.00,0,0,0.00,0.00,0,0
1503628497,s1-eth2,30858.00,1249050.00,1279908.00,1249050,30858,417.00,825.00,1242.00,825,417,0.00,0.00,0,0
1503628497,s1-eth1,1249050.00,30858.00,1279908.00,30858,1249050,825.00,417.00,1242.00,417,825,0.00,0.00,0,0
1503628497,s3,0.00,0.00,0.00,0,0,0.00,0.00,0.00,0,0,0.00,0.00,0,0
1503628497,s2-eth2,30858.00,1249050.00,1279908.00,1249050,30858,417.00,825.00,1242.00,825,417,0.00,0.00,0,0
1503628497,s2-eth1,1249050.00,30858.00,1279908.00,30858,1249050,825.00,417.00,1242.00,417,825,0.00,0.00,0,0
1503628497,lo,0.00,0.00,0.00,0,0,0.00,0.00,0.00,0,0,0.00,0.00,0,0
1503628497,s4,0.00,0.00,0.00,0,0,0.00,0.00,0.00,0,0,0.00,0.00,0,0
1503628497,s3-eth2,31200.00,1249050.00,1280250.00,1249050,31200,418.00,825.00,1243.00,825,418,0.00,0.00,0,0
1503628497,s3-eth1,1249050.00,30858.00,1279908.00,30858,1249050,825.00,417.00,1242.00,417,825,0.00,0.00,0,0
1503628497,total,3840066.00,3839724.00,7679790.00,3839724,3840066,3727.00,3726.00,7453.00,3726,3727,0.00,0.00,0,0
1503628498,s5,0.00,0.00,0.00,0,0,0.00,0.00,0.00,0,0,0.00,0.00,0,0
1503628498,s1,0.00,342.00,342.00,342,0,0.00,1.00,1.00,1,0,0.00,0.00,0,0
1503628498,eth0,0.00,0.00,0.00,0,0,0.00,0.00,0.00,0,0,0.00,0.00,0,0
1503628498,eth1,0.00,0.00,0.00,0,0,0.00,0.00,0.00,0,0,0.00,0.00,0,0
1503628498,s2,0.00,449.00,449.00,449,0,0.00,2.00,2.00,2,0,0.00,0.00,0,0
1503628498,s1-eth2,30669.00,1249392.00,1280061.00,1249392,30669,414.00,826.00,1240.00,826,414,0.00,0.00,0,0
1503628498,s1-eth1,1249734.00,30488.00,1280222.00,30488,1249734,827.00,412.00,1239.00,412,827,0.00,0.00,0,0
1503628498,s3,0.00,214.00,214.00,214,0,0.00,2.00,2.00,2,0,0.00,0.00,0,0
1503628498,s2-eth2,30702.00,1249392.00,1280094.00,1249392,30702,414.00,826.00,1240.00,826,414,0.00,0.00,0,0
1503628498,s2-eth1,1249392.00,30669.00,1280061.00,30669,1249392,826.00,414.00,1240.00,414,826,0.00,0.00,0,0
1503628498,lo,1567.00,1567.00,3134.00,1567,1567,15.00,15.00,30.00,15,15,0.00,0.00,0,0
1503628498,s4,0.00,0.00,0.00,0,0,0.00,0.00,0.00,0,0,0.00,0.00,0,0
1503628498,s3-eth2,30883.00,1250564.00,1281447.00,1250564,30883,416.00,826.00,1242.00,826,416,0.00,0.00,0,0
1503628498,s3-eth1,1249392.00,30702.00,1280094.00,30702,1249392,826.00,414.00,1240.00,414,826,0.00,0.00,0,0
1503628498,total,3842339.00,3843779.00,7686118.00,3843779,3842339,3738.00,3738.00,7476.00,3738,3738,0.00,0.00,0,0
1503628499,s5,0.00,0.00,0.00,0,0,0.00,0.00,0.00,0,0,0.00,0.00,0,0
1503628499,s1,0.00,354.00,354.00,354,0,0.00,4.00,4.00,4,0,0.00,0.00,0,0
1503628499,eth0,0.00,0.00,0.00,0,0,0.00,0.00,0.00,0,0,0.00,0.00,0,0
1503628499,eth1,0.00,0.00,0.00,0,0,0.00,0.00,0.00,0,0,0.00,0.00,0,0
1503628499,s2,0.00,317.00,317.00,317,0,0.00,4.00,4.00,4,0,0.00,0.00,0,0
1503628499,s1-eth2,30628.00,1250848.00,1281476.00,1250848,30628,414.00,829.00,1243.00,829,414,0.00,0.00,0,0
1503628499,s1-eth1,1250955.00,30632.00,1281587.00,30632,1250955,830.00,414.00,1244.00,414,830,0.00,0.00,0,0
1503628499,s3,0.00,210.00,210.00,210,0,0.00,3.00,3.00,3,0,0.00,0.00,0,0
1503628499,s2-eth2,30772.00,1250741.00,1281513.00,1250741,30772,416.00,828.00,1244.00,828,416,0.00,0.00,0,0
1503628499,s2-eth1,1250848.00,30628.00,1281476.00,30628,1250848,829.00,414.00,1243.00,414,829,0.00,0.00,0,0
1503628499,lo,3059.00,3059.00,6118.00,3059,3059,33.00,33.00,66.00,33,33,0.00,0.00,0,0
1503628499,s4,0.00,0.00,0.00,0,0,0.00,0.00,0.00,0,0,0.00,0.00,0,0
1503628499,s3-eth2,30842.00,1249050.00,1279892.00,1249050,30842,417.00,825.00,1242.00,825,417,0.00,0.00,0,0
1503628499,s3-eth1,1250741.00,30772.00,1281513.00,30772,1250741,828.00,416.00,1244.00,416,828,0.00,0.00,0,0
1503628499,total,3847845.00,3846611.00,7694456.00,3846611,3847845,3767.00,3770.00,7537.00,3770,3767,0.00,0.00,0,0
1503628500,s5,0.00,0.00,0.00,0,0,0.00,0.00,0.00,0,0,0.00,0.00,0,0
1503628500,s1,0.00,140.00,140.00,140,0,0.00,2.00,2.00,2,0,0.00,0.00,0,0
1503628500,eth0,0.00,0.00,0.00,0,0,0.00,0.00,0.00,0,0,0.00,0.00,0,0
1503628500,eth1,60.00,60.00,120.00,60,60,1.00,1.00,2.00,1,1,0.00,0.00,0,0
1503628500,s2,0.00,412.00,412.00,412,0,0.00,2.00,2.00,2,0,0.00,0.00,0,0
1503628500,s1-eth2,31052.00,1249190.00,1280242.00,1249190,31052,416.00,827.00,1243.00,827,416,0.00,0.00,0,0
1503628500,s1-eth1,1249260.00,30710.00,1279970.00,30710,1249260,828.00,415.00,1243.00,415,828,0.00,0.00,0,0
1503628500,s3,0.00,412.00,412.00,412,0,0.00,2.00,2.00,2,0,0.00,0.00,0,0
1503628500,s2-eth2,31052.00,1249120.00,1280172.00,1249120,31052,416.00,826.00,1242.00,826,416,0.00,0.00,0,0
1503628500,s2-eth1,1249190.00,31052.00,1280242.00,31052,1249190,827.00,416.00,1243.00,416,827,0.00,0.00,0,0
1503628500,lo,1724.00,1724.00,3448.00,1724,1724,18.00,18.00,36.00,18,18,0.00,0.00,0,0
1503628500,s4,0.00,0.00,0.00,0,0,0.00,0.00,0.00,0,0,0.00,0.00,0,0
1503628500,s3-eth2,30978.00,1249120.00,1280098.00,1249120,30978,415.00,826.00,1241.00,826,415,0.00,0.00,0,0
1503628500,s3-eth1,1249120.00,31052.00,1280172.00,31052,1249120,826.00,416.00,1242.00,416,826,0.00,0.00,0,0
1503628500,total,3842436.00,3842992.00,7685428.00,3842992,3842436,3747.00,3751.00,7498.00,3751,3747,0.00,0.00,0,0
1503628501,s5,0.00,0.00,0.00,0,0,0.00,0.00,0.00,0,0,0.00,0.00,0,0
1503628501,s1,0.00,342.00,342.00,342,0,0.00,1.00,1.00,1,0,0.00,0.00,0,0
1503628501,eth0,0.00,0.00,0.00,0,0,0.00,0.00,0.00,0,0,0.00,0.00,0,0
1503628501,eth1,0.00,0.00,0.00,0,0,0.00,0.00,0.00,0,0,0.00,0.00,0,0
1503628501,s2,0.00,0.00,0.00,0,0,0.00,0.00,0.00,0,0,0.00,0.00,0,0
1503628501,s1-eth2,30710.00,1250906.00,1281616.00,1250906,30710,415.00,827.00,1242.00,827,415,0.00,0.00,0,0
1503628501,s1-eth1,1250906.00,30636.00,1281542.00,30636,1250906,827.00,414.00,1241.00,414,827,0.00,0.00,0,0
1503628501,s3,0.00,342.00,342.00,342,0,0.00,1.00,1.00,1,0,0.00,0.00,0,0
1503628501,s2-eth2,30978.00,1250564.00,1281542.00,1250564,30978,415.00,826.00,1241.00,826,415,0.00,0.00,0,0
1503628501,s2-eth1,1250906.00,30710.00,1281616.00,30710,1250906,827.00,415.00,1242.00,415,827,0.00,0.00,0,0
1503628501,lo,996.00,996.00,1992.00,996,996,12.00,12.00,24.00,12,12,0.00,0.00,0,0
1503628501,s4,0.00,0.00,0.00,0,0,0.00,0.00,0.00,0,0,0.00,0.00,0,0
1503628501,s3-eth2,31394.00,1250564.00,1281958.00,1250564,31394,417.00,826.00,1243.00,826,417,0.00,0.00,0,0
1503628501,s3-eth1,1250564.00,30978.00,1281542.00,30978,1250564,826.00,415.00,1241.00,415,826,0.00,0.00,0,0
1503628501,total,3846454.00,3846038.00,7692492.00,3846038,3846454,3739.00,3737.00,7476.00,3737,3739,0.00,0.00,0,0
1503628502,s5,0.00,0.00,0.00,0,0,0.00,0.00,0.00,0,0,0.00,0.00,0,0
1503628502,s1,0.00,0.00,0.00,0,0,0.00,0.00,0.00,0,0,0.00,0.00,0,0
1503628502,eth0,0.00,0.00,0.00,0,0,0.00,0.00,0.00,0,0,0.00,0.00,0,0
1503628502,eth1,0.00,0.00,0.00,0,0,0.00,0.00,0.00,0,0,0.00,0.00,0,0
1503628502,s2,0.00,0.00,0.00,0,0,0.00,0.00,0.00,0,0,0.00,0.00,0,0
1503628502,s1-eth2,29896.00,1224826.00,1254722.00,1224826,29896,404.00,809.00,1213.00,809,404,0.00,0.00,0,0
1503628502,s1-eth1,1223312.00,29896.00,1253208.00,29896,1223312,808.00,404.00,1212.00,404,808,0.00,0.00,0,0
1503628502,s3,0.00,0.00,0.00,0,0,0.00,0.00,0.00,0,0,0.00,0.00,0,0
1503628502,s2-eth2,29896.00,1223312.00,1253208.00,1223312,29896,404.00,808.00,1212.00,808,404,0.00,0.00,0,0
1503628502,s2-eth1,1224826.00,29896.00,1254722.00,29896,1224826,809.00,404.00,1213.00,404,809,0.00,0.00,0,0
1503628502,lo,0.00,0.00,0.00,0,0,0.00,0.00,0.00,0,0,0.00,0.00,0,0
1503628502,s4,0.00,0.00,0.00,0,0,0.00,0.00,0.00,0,0,0.00,0.00,0,0
1503628502,s3-eth2,29822.00,1221798.00,1251620.00,1221798,29822,403.00,807.00,1210.00,807,403,0.00,0.00,0,0
1503628502,s3-eth1,1223312.00,29896.00,1253208.00,29896,1223312,808.00,404.00,1212.00,404,808,0.00,0.00,0,0
1503628502,total,3761064.00,3759624.00,7520688.00,3759624,3761064,3636.00,3636.00,7272.00,3636,3636,0.00,0.00,0,0
1503628503,s5,0.00,0.00,0.00,0,0,0.00,0.00,0.00,0,0,0.00,0.00,0,0
1503628503,s1,0.00,0.00,0.00,0,0,0.00,0.00,0.00,0,0,0.00,0.00,0,0
1503628503,eth0,0.00,0.00,0.00,0,0,0.00,0.00,0.00,0,0,0.00,0.00,0,0
1503628503,eth1,0.00,0.00,0.00,0,0,0.00,0.00,0.00,0,0,0.00,0.00,0,0
1503628503,s2,0.00,0.00,0.00,0,0,0.00,0.00,0.00,0,0,0.00,0.00,0,0
1503628503,s1-eth2,29896.00,1221798.00,1251694.00,1221798,29896,404.00,807.00,1211.00,807,404,0.00,0.00,0,0
1503628503,s1-eth1,1223312.00,29896.00,1253208.00,29896,1223312,808.00,404.00,1212.00,404,808,0.00,0.00,0,0
1503628503,s3,0.00,0.00,0.00,0,0,0.00,0.00,0.00,0,0,0.00,0.00,0,0
1503628503,s2-eth2,29896.00,1223312.00,1253208.00,1223312,29896,404.00,808.00,1212.00,808,404,0.00,0.00,0,0
1503628503,s2-eth1,1221798.00,29896.00,1251694.00,29896,1221798,807.00,404.00,1211.00,404,807,0.00,0.00,0,0
1503628503,lo,0.00,0.00,0.00,0,0,0.00,0.00,0.00,0,0,0.00,0.00,0,0
1503628503,s4,0.00,0.00,0.00,0,0,0.00,0.00,0.00,0,0,0.00,0.00,0,0
1503628503,s3-eth2,29970.00,1223312.00,1253282.00,1223312,29970,405.00,808.00,1213.00,808,405,0.00,0.00,0,0
1503628503,s3-eth1,1223312.00,29896.00,1253208.00,29896,1223312,808.00,404.00,1212.00,404,808,0.00,0.00,0,0
1503628503,total,3758184.00,3758110.00,7516294.00,3758110,3758184,3636.00,3635.00,7271.00,3635,3636,0.00,0.00,0,0
1503628504,s5,0.00,0.00,0.00,0,0,0.00,0.00,0.00,0,0,0.00,0.00,0,0
1503628504,s1,0.00,0.00,0.00,0,0,0.00,0.00,0.00,0,0,0.00,0.00,0,0
1503628504,eth0,0.00,0.00,0.00,0,0,0.00,0.00,0.00,0,0,0.00,0.00,0,0
1503628504,eth1,0.00,0.00,0.00,0,0,0.00,0.00,0.00,0,0,0.00,0.00,0,0
1503628504,s2,0.00,0.00,0.00,0,0,0.00,0.00,0.00,0,0,0.00,0.00,0,0
1503628504,s1-eth2,30292.83,1244073.75,1274366.62,1249050,30414,409.36,821.71,1231.08,825,411,0.00,0.00,0,0
1503628504,s1-eth1,1244073.75,30366.54,1274440.25,30488,1249050,821.71,410.36,1232.07,412,825,0.00,0.00,0,0
1503628504,s3,0.00,0.00,0.00,0,0,0.00,0.00,0.00,0,0,0.00,0.00,0,0
1503628504,s2-eth2,30366.54,1244073.75,1274440.25,1249050,30488,410.36,821.71,1232.07,825,412,0.00,0.00,0,0
1503628504,s2-eth1,1244073.75,30292.83,1274366.62,30414,1249050,821.71,409.36,1231.08,411,825,0.00,0.00,0,0
1503628504,lo,0.00,0.00,0.00,0,0,0.00,0.00,0.00,0,0,0.00,0.00,0,0
1503628504,s4,0.00,0.00,0.00,0,0,0.00,0.00,0.00,0,0,0.00,0.00,0,0
1503628504,s3-eth2,30366.54,1245581.75,1275948.25,1250564,30488,410.36,822.71,1233.07,826,412,0.00,0.00,0,0
1503628504,s3-eth1,1244073.75,30366.54,1274440.25,30488,1249050,821.71,410.36,1232.07,412,825,0.00,0.00,0,0
1503628504,total,3823247.25,3824755.00,7648002.00,3840054,3838540,3695.22,3696.22,7391.43,3711,3710,0.00,0.00,0,0
1503628505,s5,0.00,0.00,0.00,0,0,0.00,0.00,0.00,0,0,0.00,0.00,0,0
1503628505,s1,0.00,0.00,0.00,0,0,0.00,0.00,0.00,0,0,0.00,0.00,0,0
1503628505,eth0,0.00,0.00,0.00,0,0,0.00,0.00,0.00,0,0,0.00,0.00,0,0
1503628505,eth1,0.00,0.00,0.00,0,0,0.00,0.00,0.00,0,0,0.00,0.00,0,0
1503628505,s2,0.00,0.00,0.00,0,0,0.00,0.00,0.00,0,0,0.00,0.00,0,0
1503628505,s1-eth2,30562.00,1249050.00,1279612.00,1249050,30562,413.00,825.00,1238.00,825,413,0.00,0.00,0,0
1503628505,s1-eth1,1249050.00,30562.00,1279612.00,30562,1249050,825.00,413.00,1238.00,413,825,0.00,0.00,0,0
1503628505,s3,0.00,0.00,0.00,0,0,0.00,0.00,0.00,0,0,0.00,0.00,0,0
1503628505,s2-eth2,30562.00,1250564.00,1281126.00,1250564,30562,413.00,826.00,1239.00,826,413,0.00,0.00,0,0
1503628505,s2-eth1,1249050.00,30562.00,1279612.00,30562,1249050,825.00,413.00,1238.00,413,825,0.00,0.00,0,0
1503628505,lo,172.00,172.00,344.00,172,172,3.00,3.00,6.00,3,3,0.00,0.00,0,0
1503628505,s4,0.00,0.00,0.00,0,0,0.00,0.00,0.00,0,0,0.00,0.00,0,0
1503628505,s3-eth2,30562.00,1249050.00,1279612.00,1249050,30562,413.00,825.00,1238.00,825,413,0.00,0.00,0,0
1503628505,s3-eth1,1250564.00,30562.00,1281126.00,30562,1250564,826.00,413.00,1239.00,413,826,0.00,0.00,0,0
1503628505,total,3840522.00,3840522.00,7681044.00,3840522,3840522,3718.00,3718.00,7436.00,3718,3718,0.00,0.00,0,0
1503628506,s5,0.00,0.00,0.00,0,0,0.00,0.00,0.00,0,0,0.00,0.00,0,0
1503628506,s1,0.00,341.66,341.66,342,0,0.00,1.00,1.00,1,0,0.00,0.00,0,0
1503628506,eth0,0.00,0.00,0.00,0,0,0.00,0.00,0.00,0,0,0.00,0.00,0,0
1503628506,eth1,0.00,0.00,0.00,0,0,0.00,0.00,0.00,0,0,0.00,0.00,0,0
1503628506,s2,0.00,106.89,106.89,107,0,0.00,1.00,1.00,1,0,0.00,0.00,0,0
1503628506,s1-eth2,30638.36,1248143.88,1278782.25,1249392,30669,413.59,825.17,1238.76,826,414,0.00,0.00,0,0
1503628506,s1-eth1,1248143.88,30531.47,1278675.38,30562,1249392,825.17,412.59,1237.76,413,826,0.00,0.00,0,0
1503628506,s3,0.00,213.79,213.79,214,0,0.00,2.00,2.00,2,0,0.00,0.00,0,0
1503628506,s2-eth2,30745.26,1247802.25,1278547.50,1249050,30776,414.59,824.18,1238.76,825,415,0.00,0.00,0,0
1503628506,s2-eth1,1248143.88,30638.36,1278782.25,30669,1249392,825.17,413.59,1238.76,414,826,0.00,0.00,0,0
1503628506,lo,1927.07,1927.07,3854.15,1929,1929,23.98,23.98,47.95,24,24,0.00,0.00,0,0
1503628506,s4,0.00,0.00,0.00,0,0,0.00,0.00,0.00,0,0,0.00,0.00,0,0
1503628506,s3-eth2,30778.22,1247802.25,1278580.50,1249050,30809,414.59,824.18,1238.76,825,415,0.00,0.00,0,0
1503628506,s3-eth1,1247802.25,30745.26,1278547.50,30776,1249050,824.18,414.59,1238.76,415,825,0.00,0.00,0,0
1503628506,total,3838179.00,3838252.75,7676432.00,3842091,3842017,3741.26,3742.26,7483.52,3746,3745,0.00,0.00,0,0
1503628507,s5,0.00,0.00,0.00,0,0,0.00,0.00,0.00,0,0,0.00,0.00,0,0
1503628507,s1,0.00,214.00,214.00,214,0,0.00,2.00,2.00,2,0,0.00,0.00,0,0
1503628507,eth0,0.00,0.00,0.00,0,0,0.00,0.00,0.00,0,0,0.00,0.00,0,0
1503628507,eth1,0.00,0.00,0.00,0,0,0.00,0.00,0.00,0,0,0.00,0.00,0,0
1503628507,s2,0.00,449.00,449.00,449,0,0.00,2.00,2.00,2,0,0.00,0.00,0,0
1503628507,s1-eth2,30904.00,1250778.00,1281682.00,1250778,30904,414.00,828.00,1242.00,828,414,0.00,0.00,0,0
1503628507,s1-eth1,1249371.00,30562.00,1279933.00,30562,1249371,828.00,413.00,1241.00,413,828,0.00,0.00,0,0
1503628507,s3,0.00,342.00,342.00,342,0,0.00,1.00,1.00,1,0,0.00,0.00,0,0
1503628507,s2-eth2,30830.00,1250671.00,1281501.00,1250671,30830,413.00,827.00,1240.00,827,413,0.00,0.00,0,0
1503628507,s2-eth1,1250778.00,30904.00,1281682.00,30904,1250778,828.00,414.00,1242.00,414,828,0.00,0.00,0,0
1503628507,lo,1567.00,1567.00,3134.00,1567,1567,15.00,15.00,30.00,15,15,0.00,0.00,0,0
1503628507,s4,0.00,0.00,0.00,0,0,0.00,0.00,0.00,0,0,0.00,0.00,0,0
1503628507,s3-eth2,30904.00,1250564.00,1281468.00,1250564,30904,414.00,826.00,1240.00,826,414,0.00,0.00,0,0
1503628507,s3-eth1,1250671.00,30830.00,1281501.00,30830,1250671,827.00,413.00,1240.00,413,827,0.00,0.00,0,0
1503628507,total,3845025.00,3846881.00,7691906.00,3846881,3845025,3739.00,3741.00,7480.00,3741,3739,0.00,0.00,0,0
1503628508,s5,0.00,0.00,0.00,0,0,0.00,0.00,0.00,0,0,0.00,0.00,0,0
1503628508,s1,0.00,0.00,0.00,0,0,0.00,0.00,0.00,0,0,0.00,0.00,0,0
1503628508,eth0,0.00,0.00,0.00,0,0,0.00,0.00,0.00,0,0,0.00,0.00,0,0
1503628508,eth1,0.00,0.00,0.00,0,0,0.00,0.00,0.00,0,0,0.00,0.00,0,0
1503628508,s2,0.00,0.00,0.00,0,0,0.00,0.00,0.00,0,0,0.00,0.00,0,0
1503628508,s1-eth2,30562.00,1250564.00,1281126.00,1250564,30562,413.00,826.00,1239.00,826,413,0.00,0.00,0,0
1503628508,s1-eth1,1250564.00,30488.00,1281052.00,30488,1250564,826.00,412.00,1238.00,412,826,0.00,0.00,0,0
1503628508,s3,0.00,0.00,0.00,0,0,0.00,0.00,0.00,0,0,0.00,0.00,0,0
1503628508,s2-eth2,30636.00,1250564.00,1281200.00,1250564,30636,414.00,826.00,1240.00,826,414,0.00,0.00,0,0
1503628508,s2-eth1,1250564.00,30562.00,1281126.00,30562,1250564,826.00,413.00,1239.00,413,826,0.00,0.00,0,0
1503628508,lo,0.00,0.00,0.00,0,0,0.00,0.00,0.00,0,0,0.00,0.00,0,0
1503628508,s4,0.00,0.00,0.00,0,0,0.00,0.00,0.00,0,0,0.00,0.00,0,0
1503628508,s3-eth2,30562.00,1250564.00,1281126.00,1250564,30562,413.00,826.00,1239.00,826,413,0.00,0.00,0,0
1503628508,s3-eth1,1250564.00,30636.00,1281200.00,30636,1250564,826.00,414.00,1240.00,414,826,0.00,0.00,0,0
1503628508,total,3843452.00,3843378.00,7686830.00,3843378,3843452,3718.00,3717.00,7435.00,3717,3718,0.00,0.00,0,0
1503628509,s5,0.00,0.00,0.00,0,0,0.00,0.00,0.00,0,0,0.00,0.00,0,0
1503628509,s1,0.00,0.00,0.00,0,0,0.00,0.00,0.00,0,0,0.00,0.00,0,0
1503628509,eth0,0.00,0.00,0.00,0,0,0.00,0.00,0.00,0,0,0.00,0.00,0,0
1503628509,eth1,0.00,0.00,0.00,0,0,0.00,0.00,0.00,0,0,0.00,0.00,0,0
1503628509,s2,0.00,0.00,0.00,0,0,0.00,0.00,0.00,0,0,0.00,0.00,0,0
1503628509,s1-eth2,30562.00,1249050.00,1279612.00,1249050,30562,413.00,825.00,1238.00,825,413,0.00,0.00,0,0
1503628509,s1-eth1,1250564.00,30562.00,1281126.00,30562,1250564,826.00,413.00,1239.00,413,826,0.00,0.00,0,0
1503628509,s3,0.00,0.00,0.00,0,0,0.00,0.00,0.00,0,0,0.00,0.00,0,0
1503628509,s2-eth2,30488.00,1249050.00,1279538.00,1249050,30488,412.00,825.00,1237.00,825,412,0.00,0.00,0,0
1503628509,s2-eth1,1249050.00,30562.00,1279612.00,30562,1249050,825.00,413.00,1238.00,413,825,0.00,0.00,0,0
1503628509,lo,0.00,0.00,0.00,0,0,0.00,0.00,0.00,0,0,0.00,0.00,0,0
1503628509,s4,0.00,0.00,0.00,0,0,0.00,0.00,0.00,0,0,0.00,0.00,0,0
1503628509,s3-eth2,30562.00,1249050.00,1279612.00,1249050,30562,413.00,825.00,1238.00,825,413,0.00,0.00,0,0
1503628509,s3-eth1,1249050.00,30488.00,1279538.00,30488,1249050,825.00,412.00,1237.00,412,825,0.00,0.00,0,0
1503628509,total,3840276.00,3838762.00,7679038.00,3838762,3840276,3714.00,3713.00,7427.00,3713,3714,0.00,0.00,0,0
1503628510,s5,0.00,0.00,0.00,0,0,0.00,0.00,0.00,0,0,0.00,0.00,0,0
1503628510,s1,0.00,0.00,0.00,0,0,0.00,0.00,0.00,0,0,0.00,0.00,0,0
1503628510,eth0,0.00,0.00,0.00,0,0,0.00,0.00,0.00,0,0,0.00,0.00,0,0
1503628510,eth1,0.00,0.00,0.00,0,0,0.00,0.00,0.00,0,0,0.00,0.00,0,0
1503628510,s2,0.00,0.00,0.00,0,0,0.00,0.00,0.00,0,0,0.00,0.00,0,0
1503628510,s1-eth2,30562.00,1250564.00,1281126.00,1250564,30562,413.00,826.00,1239.00,826,413,0.00,0.00,0,0
1503628510,s1-eth1,1250564.00,30562.00,1281126.00,30562,1250564,826.00,413.00,1239.00,413,826,0.00,0.00,0,0
1503628510,s3,0.00,0.00,0.00,0,0,0.00,0.00,0.00,0,0,0.00,0.00,0,0
1503628510,s2-eth2,30562.00,1250564.00,1281126.00,1250564,30562,413.00,826.00,1239.00,826,413,0.00,0.00,0,0
1503628510,s2-eth1,1250564.00,30562.00,1281126.00,30562,1250564,826.00,413.00,1239.00,413,826,0.00,0.00,0,0
1503628510,lo,0.00,0.00,0.00,0,0,0.00,0.00,0.00,0,0,0.00,0.00,0,0
1503628510,s4,0.00,0.00,0.00,0,0,0.00,0.00,0.00,0,0,0.00,0.00,0,0
1503628510,s3-eth2,30562.00,1250564.00,1281126.00,1250564,30562,413.00,826.00,1239.00,826,413,0.00,0.00,0,0
1503628510,s3-eth1,1250564.00,30562.00,1281126.00,30562,1250564,826.00,413.00,1239.00,413,826,0.00,0.00,0,0
1503628510,total,3843378.00,3843378.00,7686756.00,3843378,3843378,3717.00,3717.00,7434.00,3717,3717,0.00,0.00,0,0
1503628511,s5,0.00,0.00,0.00,0,0,0.00,0.00,0.00,0,0,0.00,0.00,0,0
1503628511,s1,0.00,0.00,0.00,0,0,0.00,0.00,0.00,0,0,0.00,0.00,0,0
1503628511,eth0,0.00,0.00,0.00,0,0,0.00,0.00,0.00,0,0,0.00,0.00,0,0
1503628511,eth1,0.00,0.00,0.00,0,0,0.00,0.00,0.00,0,0,0.00,0.00,0,0
1503628511,s2,0.00,0.00,0.00,0,0,0.00,0.00,0.00,0,0,0.00,0.00,0,0
1503628511,s1-eth2,30562.00,1250564.00,1281126.00,1250564,30562,413.00,826.00,1239.00,826,413,0.00,0.00,0,0
1503628511,s1-eth1,1250564.00,30562.00,1281126.00,30562,1250564,826.00,413.00,1239.00,413,826,0.00,0.00,0,0
1503628511,s3,0.00,342.00,342.00,342,0,0.00,1.00,1.00,1,0,0.00,0.00,0,0
1503628511,s2-eth2,30904.00,1250564.00,1281468.00,1250564,30904,414.00,826.00,1240.00,826,414,0.00,0.00,0,0
1503628511,s2-eth1,1250564.00,30562.00,1281126.00,30562,1250564,826.00,413.00,1239.00,413,826,0.00,0.00,0,0
1503628511,lo,842.00,842.00,1684.00,842,842,12.00,12.00,24.00,12,12,0.00,0.00,0,0
1503628511,s4,0.00,0.00,0.00,0,0,0.00,0.00,0.00,0,0,0.00,0.00,0,0
1503628511,s3-eth2,30904.00,1250564.00,1281468.00,1250564,30904,414.00,826.00,1240.00,826,414,0.00,0.00,0,0
1503628511,s3-eth1,1250564.00,30904.00,1281468.00,30904,1250564,826.00,414.00,1240.00,414,826,0.00,0.00,0,0
1503628511,total,3844904.00,3844904.00,7689808.00,3844904,3844904,3731.00,3731.00,7462.00,3731,3731,0.00,0.00,0,0
1503628512,s5,0.00,0.00,0.00,0,0,0.00,0.00,0.00,0,0,0.00,0.00,0,0
1503628512,s1,0.00,0.00,0.00,0,0,0.00,0.00,0.00,0,0,0.00,0.00,0,0
1503628512,eth0,0.00,0.00,0.00,0,0,0.00,0.00,0.00,0,0,0.00,0.00,0,0
1503628512,eth1,0.00,0.00,0.00,0,0,0.00,0.00,0.00,0,0,0.00,0.00,0,0
1503628512,s2,0.00,0.00,0.00,0,0,0.00,0.00,0.00,0,0,0.00,0.00,0,0
1503628512,s1-eth2,30562.00,1250564.00,1281126.00,1250564,30562,413.00,826.00,1239.00,826,413,0.00,0.00,0,0
1503628512,s1-eth1,1250564.00,30562.00,1281126.00,30562,1250564,826.00,413.00,1239.00,413,826,0.00,0.00,0,0
1503628512,s3,0.00,0.00,0.00,0,0,0.00,0.00,0.00,0,0,0.00,0.00,0,0
1503628512,s2-eth2,30562.00,1250564.00,1281126.00,1250564,30562,413.00,826.00,1239.00,826,413,0.00,0.00,0,0
1503628512,s2-eth1,1250564.00,30562.00,1281126.00,30562,1250564,826.00,413.00,1239.00,413,826,0.00,0.00,0,0
1503628512,lo,172.00,172.00,344.00,172,172,3.00,3.00,6.00,3,3,0.00,0.00,0,0
1503628512,s4,0.00,0.00,0.00,0,0,0.00,0.00,0.00,0,0,0.00,0.00,0,0
1503628512,s3-eth2,30562.00,1250564.00,1281126.00,1250564,30562,413.00,826.00,1239.00,826,413,0.00,0.00,0,0
1503628512,s3-eth1,1250564.00,30562.00,1281126.00,30562,1250564,826.00,413.00,1239.00,413,826,0.00,0.00,0,0
1503628512,total,3843550.00,3843550.00,7687100.00,3843550,3843550,3720.00,3720.00,7440.00,3720,3720,0.00,0.00,0,0
1503628513,s5,0.00,0.00,0.00,0,0,0.00,0.00,0.00,0,0,0.00,0.00,0,0
1503628513,s1,0.00,342.00,342.00,342,0,0.00,1.00,1.00,1,0,0.00,0.00,0,0
1503628513,eth0,0.00,0.00,0.00,0,0,0.00,0.00,0.00,0,0,0.00,0.00,0,0
1503628513,eth1,0.00,0.00,0.00,0,0,0.00,0.00,0.00,0,0,0.00,0.00,0,0
1503628513,s2,0.00,342.00,342.00,342,0,0.00,1.00,1.00,1,0,0.00,0.00,0,0
1503628513,s1-eth2,30488.00,1247878.00,1278366.00,1247878,30488,412.00,825.00,1237.00,825,412,0.00,0.00,0,0
1503628513,s1-eth1,1247878.00,30562.00,1278440.00,30562,1247878,825.00,413.00,1238.00,413,825,0.00,0.00,0,0
1503628513,s3,0.00,0.00,0.00,0,0,0.00,0.00,0.00,0,0,0.00,0.00,0,0
1503628513,s2-eth2,30488.00,1247878.00,1278366.00,1247878,30488,412.00,825.00,1237.00,825,412,0.00,0.00,0,0
1503628513,s2-eth1,1247878.00,30488.00,1278366.00,30488,1247878,825.00,412.00,1237.00,412,825,0.00,0.00,0,0
1503628513,lo,652.00,652.00,1304.00,652,652,6.00,6.00,12.00,6,6,0.00,0.00,0,0
1503628513,s4,0.00,0.00,0.00,0,0,0.00,0.00,0.00,0,0,0.00,0.00,0,0
1503628513,s3-eth2,30488.00,1249050.00,1279538.00,1249050,30488,412.00,825.00,1237.00,825,412,0.00,0.00,0,0
1503628513,s3-eth1,1247878.00,30488.00,1278366.00,30488,1247878,825.00,412.00,1237.00,412,825,0.00,0.00,0,0
1503628513,total,3835750.00,3837680.00,7673430.00,3837680,3835750,3717.00,3720.00,7437.00,3720,3717,0.00,0.00,0,0
1503628514,s5,0.00,0.00,0.00,0,0,0.00,0.00,0.00,0,0,0.00,0.00,0,0
1503628514,s1,0.00,0.00,0.00,0,0,0.00,0.00,0.00,0,0,0.00,0.00,0,0
1503628514,eth0,0.00,0.00,0.00,0,0,0.00,0.00,0.00,0,0,0.00,0.00,0,0
1503628514,eth1,0.00,0.00,0.00,0,0,0.00,0.00,0.00,0,0,0.00,0.00,0,0
1503628514,s2,0.00,0.00,0.00,0,0,0.00,0.00,0.00,0,0,0.00,0.00,0,0
1503628514,s1-eth2,30562.00,1250564.00,1281126.00,1250564,30562,413.00,826.00,1239.00,826,413,0.00,0.00,0,0
1503628514,s1-eth1,1250564.00,30488.00,1281052.00,30488,1250564,826.00,412.00,1238.00,412,826,0.00,0.00,0,0
1503628514,s3,0.00,0.00,0.00,0,0,0.00,0.00,0.00,0,0,0.00,0.00,0,0
1503628514,s2-eth2,30562.00,1250564.00,1281126.00,1250564,30562,413.00,826.00,1239.00,826,413,0.00,0.00,0,0
1503628514,s2-eth1,1250564.00,30562.00,1281126.00,30562,1250564,826.00,413.00,1239.00,413,826,0.00,0.00,0,0
1503628514,lo,0.00,0.00,0.00,0,0,0.00,0.00,0.00,0,0,0.00,0.00,0,0
1503628514,s4,0.00,0.00,0.00,0,0,0.00,0.00,0.00,0,0,0.00,0.00,0,0
1503628514,s3-eth2,30904.00,1250564.00,1281468.00,1250564,30904,414.00,826.00,1240.00,826,414,0.00,0.00,0,0
1503628514,s3-eth1,1250564.00,30562.00,1281126.00,30562,1250564,826.00,413.00,1239.00,413,826,0.00,0.00,0,0
1503628514,total,3843720.00,3843304.00,7687024.00,3843304,3843720,3718.00,3716.00,7434.00,3716,3718,0.00,0.00,0,0
1503628515,s5,0.00,0.00,0.00,0,0,0.00,0.00,0.00,0,0,0.00,0.00,0,0
1503628515,s1,0.00,0.00,0.00,0,0,0.00,0.00,0.00,0,0,0.00,0.00,0,0
1503628515,eth0,0.00,0.00,0.00,0,0,0.00,0.00,0.00,0,0,0.00,0.00,0,0
1503628515,eth1,0.00,0.00,0.00,0,0,0.00,0.00,0.00,0,0,0.00,0.00,0,0
1503628515,s2,0.00,0.00,0.00,0,0,0.00,0.00,0.00,0,0,0.00,0.00,0,0
1503628515,s1-eth2,30531.47,1250827.25,1281358.62,1252078,30562,412.59,826.17,1238.76,827,413,0.00,0.00,0,0
1503628515,s1-eth1,1250827.25,30605.39,1281432.62,30636,1252078,826.17,413.59,1239.76,414,827,0.00,0.00,0,0
1503628515,s3,0.00,0.00,0.00,0,0,0.00,0.00,0.00,0,0,0.00,0.00,0,0
1503628515,s2-eth2,30605.39,1250827.25,1281432.62,1252078,30636,413.59,826.17,1239.76,827,414,0.00,0.00,0,0
1503628515,s2-eth1,1250827.25,30531.47,1281358.62,30562,1252078,826.17,412.59,1238.76,413,827,0.00,0.00,0,0
1503628515,lo,0.00,0.00,0.00,0,0,0.00,0.00,0.00,0,0,0.00,0.00,0,0
1503628515,s4,0.00,0.00,0.00,0,0,0.00,0.00,0.00,0,0,0.00,0.00,0,0
1503628515,s3-eth2,30531.47,1249314.75,1279846.25,1250564,30562,412.59,825.17,1237.76,826,413,0.00,0.00,0,0
1503628515,s3-eth1,1250827.25,30605.39,1281432.62,30636,1252078,826.17,413.59,1239.76,414,827,0.00,0.00,0,0
1503628515,total,3844150.00,3842711.50,7686861.50,3846554,3847994,3717.28,3717.28,7434.57,3721,3721,0.00,0.00,0,0
1503628516,s5,0.00,0.00,0.00,0,0,0.00,0.00,0.00,0,0,0.00,0.00,0,0
1503628516,s1,0.00,0.00,0.00,0,0,0.00,0.00,0.00,0,0,0.00,0.00,0,0
1503628516,eth0,0.00,0.00,0.00,0,0,0.00,0.00,0.00,0,0,0.00,0.00,0,0
1503628516,eth1,0.00,0.00,0.00,0,0,0.00,0.00,0.00,0,0,0.00,0.00,0,0
1503628516,s2,0.00,0.00,0.00,0,0,0.00,0.00,0.00,0,0,0.00,0.00,0,0
1503628516,s1-eth2,30340.00,1239966.00,1270306.00,1239966,30340,410.00,819.00,1229.00,819,410,0.00,0.00,0,0
1503628516,s1-eth1,1240308.00,30266.00,1270574.00,30266,1240308,820.00,409.00,1229.00,409,820,0.00,0.00,0,0
1503628516,s3,0.00,0.00,0.00,0,0,0.00,0.00,0.00,0,0,0.00,0.00,0,0
1503628516,s2-eth2,30266.00,1239966.00,1270232.00,1239966,30266,409.00,819.00,1228.00,819,409,0.00,0.00,0,0
1503628516,s2-eth1,1239966.00,30340.00,1270306.00,30340,1239966,819.00,410.00,1229.00,410,819,0.00,0.00,0,0
1503628516,lo,516.00,516.00,1032.00,516,516,9.00,9.00,18.00,9,9,0.00,0.00,0,0
1503628516,s4,0.00,0.00,0.00,0,0,0.00,0.00,0.00,0,0,0.00,0.00,0,0
1503628516,s3-eth2,30340.00,1239966.00,1270306.00,1239966,30340,410.00,819.00,1229.00,819,410,0.00,0.00,0,0
1503628516,s3-eth1,1239966.00,30266.00,1270232.00,30266,1239966,819.00,409.00,1228.00,409,819,0.00,0.00,0,0
1503628516,total,3811702.00,3811286.00,7622988.00,3811286,3811702,3696.00,3694.00,7390.00,3694,3696,0.00,0.00,0,0
1503628517,s5,0.00,0.00,0.00,0,0,0.00,0.00,0.00,0,0,0.00,0.00,0,0
1503628517,s1,0.00,0.00,0.00,0,0,0.00,0.00,0.00,0,0,0.00,0.00,0,0
1503628517,eth0,0.00,0.00,0.00,0,0,0.00,0.00,0.00,0,0,0.00,0.00,0,0
1503628517,eth1,0.00,0.00,0.00,0,0,0.00,0.00,0.00,0,0,0.00,0.00,0,0
1503628517,s2,0.00,0.00,0.00,0,0,0.00,0.00,0.00,0,0,0.00,0.00,0,0
1503628517,s1-eth2,29822.00,1221798.00,1251620.00,1221798,29822,403.00,807.00,1210.00,807,403,0.00,0.00,0,0
1503628517,s1-eth1,1221798.00,29896.00,1251694.00,29896,1221798,807.00,404.00,1211.00,404,807,0.00,0.00,0,0
1503628517,s3,0.00,0.00,0.00,0,0,0.00,0.00,0.00,0,0,0.00,0.00,0,0
1503628517,s2-eth2,29896.00,1221798.00,1251694.00,1221798,29896,404.00,807.00,1211.00,807,404,0.00,0.00,0,0
1503628517,s2-eth1,1221798.00,29822.00,1251620.00,29822,1221798,807.00,403.00,1210.00,403,807,0.00,0.00,0,0
1503628517,lo,344.00,344.00,688.00,344,344,6.00,6.00,12.00,6,6,0.00,0.00,0,0
1503628517,s4,0.00,0.00,0.00,0,0,0.00,0.00,0.00,0,0,0.00,0.00,0,0
1503628517,s3-eth2,29896.00,1221798.00,1251694.00,1221798,29896,404.00,807.00,1211.00,807,404,0.00,0.00,0,0
1503628517,s3-eth1,1221798.00,29896.00,1251694.00,29896,1221798,807.00,404.00,1211.00,404,807,0.00,0.00,0,0
1503628517,total,3755352.00,3755352.00,7510704.00,3755352,3755352,3638.00,3638.00,7276.00,3638,3638,0.00,0.00,0,0
1503628518,s5,0.00,0.00,0.00,0,0,0.00,0.00,0.00,0,0,0.00,0.00,0,0
1503628518,s1,0.00,0.00,0.00,0,0,0.00,0.00,0.00,0,0,0.00,0.00,0,0
1503628518,eth0,0.00,0.00,0.00,0,0,0.00,0.00,0.00,0,0,0.00,0.00,0,0
1503628518,eth1,0.00,0.00,0.00,0,0,0.00,0.00,0.00,0,0,0.00,0.00,0,0
1503628518,s2,0.00,0.00,0.00,0,0,0.00,0.00,0.00,0,0,0.00,0.00,0,0
1503628518,s1-eth2,28786.00,1179406.00,1208192.00,1179406,28786,389.00,779.00,1168.00,779,389,0.00,0.00,0,0
1503628518,s1-eth1,1177892.00,28786.00,1206678.00,28786,1177892,778.00,389.00,1167.00,389,778,0.00,0.00,0,0
1503628518,s3,0.00,0.00,0.00,0,0,0.00,0.00,0.00,0,0,0.00,0.00,0,0
1503628518,s2-eth2,28786.00,1179406.00,1208192.00,1179406,28786,389.00,779.00,1168.00,779,389,0.00,0.00,0,0
1503628518,s2-eth1,1179406.00,28786.00,1208192.00,28786,1179406,779.00,389.00,1168.00,389,779,0.00,0.00,0,0
1503628518,lo,0.00,0.00,0.00,0,0,0.00,0.00,0.00,0,0,0.00,0.00,0,0
1503628518,s4,0.00,0.00,0.00,0,0,0.00,0.00,0.00,0,0,0.00,0.00,0,0
1503628518,s3-eth2,28712.00,1180920.00,1209632.00,1180920,28712,388.00,780.00,1168.00,780,388,0.00,0.00,0,0
1503628518,s3-eth1,1179406.00,28786.00,1208192.00,28786,1179406,779.00,389.00,1168.00,389,779,0.00,0.00,0,0
1503628518,total,3622988.00,3626090.00,7249078.00,3626090,3622988,3502.00,3505.00,7007.00,3505,3502,0.00,0.00,0,0
1503628519,s5,0.00,0.00,0.00,0,0,0.00,0.00,0.00,0,0,0.00,0.00,0,0
1503628519,s1,0.00,342.00,342.00,342,0,0.00,1.00,1.00,1,0,0.00,0.00,0,0
1503628519,eth0,0.00,0.00,0.00,0,0,0.00,0.00,0.00,0,0,0.00,0.00,0,0
1503628519,eth1,0.00,0.00,0.00,0,0,0.00,0.00,0.00,0,0,0.00,0.00,0,0
1503628519,s2,0.00,342.00,342.00,342,0,0.00,1.00,1.00,1,0,0.00,0.00,0,0
1503628519,s1-eth2,30164.00,1220626.00,1250790.00,1220626,30164,404.00,807.00,1211.00,807,404,0.00,0.00,0,0
1503628519,s1-eth1,1220626.00,29822.00,1250448.00,29822,1220626,807.00,403.00,1210.00,403,807,0.00,0.00,0,0
1503628519,s3,0.00,342.00,342.00,342,0,0.00,1.00,1.00,1,0,0.00,0.00,0,0
1503628519,s2-eth2,30164.00,1220284.00,1250448.00,1220284,30164,404.00,806.00,1210.00,806,404,0.00,0.00,0,0
1503628519,s2-eth1,1220626.00,30164.00,1250790.00,30164,1220626,807.00,404.00,1211.00,404,807,0.00,0.00,0,0
1503628519,lo,978.00,978.00,1956.00,978,978,9.00,9.00,18.00,9,9,0.00,0.00,0,0
1503628519,s4,0.00,0.00,0.00,0,0,0.00,0.00,0.00,0,0,0.00,0.00,0,0
1503628519,s3-eth2,30164.00,1220284.00,1250448.00,1220284,30164,404.00,806.00,1210.00,806,404,0.00,0.00,0,0
1503628519,s3-eth1,1220284.00,30164.00,1250448.00,30164,1220284,806.00,404.00,1210.00,404,806,0.00,0.00,0,0
1503628519,total,3753006.00,3753348.00,7506354.00,3753348,3753006,3641.00,3642.00,7283.00,3642,3641,0.00,0.00,0,0
1503628520,s5,0.00,0.00,0.00,0,0,0.00,0.00,0.00,0,0,0.00,0.00,0,0
1503628520,s1,0.00,0.00,0.00,0,0,0.00,0.00,0.00,0,0,0.00,0.00,0,0
1503628520,eth0,0.00,0.00,0.00,0,0,0.00,0.00,0.00,0,0,0.00,0.00,0,0
1503628520,eth1,0.00,85.91,85.91,86,0,0.00,1.00,1.00,1,0,0.00,0.00,0,0
1503628520,s2,0.00,0.00,0.00,0,0,0.00,0.00,0.00,0,0,0.00,0.00,0,0
1503628520,s1-eth2,30457.54,1243264.75,1273722.25,1244508,30488,411.59,821.18,1232.77,822,412,0.00,0.00,0,0
1503628520,s1-eth1,1243264.75,30383.62,1273648.38,30414,1244508,821.18,410.59,1231.77,411,822,0.00,0.00,0,0
1503628520,s3,0.00,0.00,0.00,0,0,0.00,0.00,0.00,0,0,0.00,0.00,0,0
1503628520,s2-eth2,30383.62,1243264.75,1273648.38,1244508,30414,410.59,821.18,1231.77,822,411,0.00,0.00,0,0
1503628520,s2-eth1,1243264.75,30457.54,1273722.25,30488,1244508,821.18,411.59,1232.77,412,822,0.00,0.00,0,0
1503628520,lo,0.00,0.00,0.00,0,0,0.00,0.00,0.00,0,0,0.00,0.00,0,0
1503628520,s4,0.00,0.00,0.00,0,0,0.00,0.00,0.00,0,0,0.00,0.00,0,0
1503628520,s3-eth2,30457.54,1243264.75,1273722.25,1244508,30488,411.59,821.18,1232.77,822,412,0.00,0.00,0,0
1503628520,s3-eth1,1243264.75,30383.62,1273648.38,30414,1244508,821.18,410.59,1231.77,411,822,0.00,0.00,0,0
1503628520,total,3821093.00,3821105.00,7642198.00,3824926,3824914,3697.30,3697.30,7394.61,3701,3701,0.00,0.00,0,0
1503628521,s5,0.00,0.00,0.00,0,0,0.00,0.00,0.00,0,0,0.00,0.00,0,0
1503628521,s1,0.00,0.00,0.00,0,0,0.00,0.00,0.00,0,0,0.00,0.00,0,0
1503628521,eth0,0.00,0.00,0.00,0,0,0.00,0.00,0.00,0,0,0.00,0.00,0,0
1503628521,eth1,0.00,0.00,0.00,0,0,0.00,0.00,0.00,0,0,0.00,0.00,0,0
1503628521,s2,0.00,0.00,0.00,0,0,0.00,0.00,0.00,0,0,0.00,0.00,0,0
1503628521,s1-eth2,30414.00,1244508.00,1274922.00,1244508,30414,411.00,822.00,1233.00,822,411,0.00,0.00,0,0
1503628521,s1-eth1,1242994.00,30488.00,1273482.00,30488,1242994,821.00,412.00,1233.00,412,821,0.00,0.00,0,0
1503628521,s3,0.00,0.00,0.00,0,0,0.00,0.00,0.00,0,0,0.00,0.00,0,0
1503628521,s2-eth2,30488.00,1244508.00,1274996.00,1244508,30488,412.00,822.00,1234.00,822,412,0.00,0.00,0,0
1503628521,s2-eth1,1244508.00,30414.00,1274922.00,30414,1244508,822.00,411.00,1233.00,411,822,0.00,0.00,0,0
1503628521,lo,344.00,344.00,688.00,344,344,6.00,6.00,12.00,6,6,0.00,0.00,0,0
1503628521,s4,0.00,0.00,0.00,0,0,0.00,0.00,0.00,0,0,0.00,0.00,0,0
1503628521,s3-eth2,30414.00,1242994.00,1273408.00,1242994,30414,411.00,821.00,1232.00,821,411,0.00,0.00,0,0
1503628521,s3-eth1,1244508.00,30488.00,1274996.00,30488,1244508,822.00,412.00,1234.00,412,822,0.00,0.00,0,0
1503628521,total,3823670.00,3823744.00,7647414.00,3823744,3823670,3705.00,3706.00,7411.00,3706,3705,0.00,0.00,0,0
1503628522,s5,0.00,0.00,0.00,0,0,0.00,0.00,0.00,0,0,0.00,0.00,0,0
1503628522,s1,0.00,0.00,0.00,0,0,0.00,0.00,0.00,0,0,0.00,0.00,0,0
1503628522,eth0,0.00,0.00,0.00,0,0,0.00,0.00,0.00,0,0,0.00,0.00,0,0
1503628522,eth1,0.00,0.00,0.00,0,0,0.00,0.00,0.00,0,0,0.00,0.00,0,0
1503628522,s2,0.00,107.00,107.00,107,0,0.00,1.00,1.00,1,0,0.00,0.00,0,0
1503628522,s1-eth2,30669.00,1250564.00,1281233.00,1250564,30669,414.00,826.00,1240.00,826,414,0.00,0.00,0,0
1503628522,s1-eth1,1250564.00,30562.00,1281126.00,30562,1250564,826.00,413.00,1239.00,413,826,0.00,0.00,0,0
1503628522,s3,0.00,214.00,214.00,214,0,0.00,2.00,2.00,2,0,0.00,0.00,0,0
1503628522,s2-eth2,30776.00,1250564.00,1281340.00,1250564,30776,415.00,826.00,1241.00,826,415,0.00,0.00,0,0
1503628522,s2-eth1,1250564.00,30669.00,1281233.00,30669,1250564,826.00,414.00,1240.00,414,826,0.00,0.00,0,0
1503628522,lo,915.00,915.00,1830.00,915,915,9.00,9.00,18.00,9,9,0.00,0.00,0,0
1503628522,s4,0.00,0.00,0.00,0,0,0.00,0.00,0.00,0,0,0.00,0.00,0,0
1503628522,s3-eth2,30883.00,1250564.00,1281447.00,1250564,30883,416.00,826.00,1242.00,826,416,0.00,0.00,0,0
1503628522,s3-eth1,1250564.00,30776.00,1281340.00,30776,1250564,826.00,415.00,1241.00,415,826,0.00,0.00,0,0
1503628522,total,3844935.00,3844935.00,7689870.00,3844935,3844935,3732.00,3732.00,7464.00,3732,3732,0.00,0.00,0,0
1503628523,s5,0.00,0.00,0.00,0,0,0.00,0.00,0.00,0,0,0.00,0.00,0,0
1503628523,s1,0.00,214.00,214.00,214,0,0.00,2.00,2.00,2,0,0.00,0.00,0,0
1503628523,eth0,0.00,0.00,0.00,0,0,0.00,0.00,0.00,0,0,0.00,0.00,0,0
1503628523,eth1,0.00,0.00,0.00,0,0,0.00,0.00,0.00,0,0,0.00,0.00,0,0
1503628523,s2,0.00,107.00,107.00,107,0,0.00,1.00,1.00,1,0,0.00,0.00,0,0
1503628523,s1-eth2,30562.00,1250778.00,1281340.00,1250778,30562,413.00,828.00,1241.00,828,413,0.00,0.00,0,0
1503628523,s1-eth1,1250885.00,30488.00,1281373.00,30488,1250885,829.00,412.00,1241.00,412,829,0.00,0.00,0,0
1503628523,s3,0.00,0.00,0.00,0,0,0.00,0.00,0.00,0,0,0.00,0.00,0,0
1503628523,s2-eth2,30488.00,1250671.00,1281159.00,1250671,30488,412.00,827.00,1239.00,827,412,0.00,0.00,0,0
1503628523,s2-eth1,1250778.00,30562.00,1281340.00,30562,1250778,828.00,413.00,1241.00,413,828,0.00,0.00,0,0
1503628523,lo,915.00,915.00,1830.00,915,915,9.00,9.00,18.00,9,9,0.00,0.00,0,0
1503628523,s4,0.00,0.00,0.00,0,0,0.00,0.00,0.00,0,0,0.00,0.00,0,0
1503628523,s3-eth2,30562.00,1250564.00,1281126.00,1250564,30562,413.00,826.00,1239.00,826,413,0.00,0.00,0,0
1503628523,s3-eth1,1250671.00,30488.00,1281159.00,30488,1250671,827.00,412.00,1239.00,412,827,0.00,0.00,0,0
1503628523,total,3844861.00,3844787.00,7689648.00,3844787,3844861,3731.00,3730.00,7461.00,3730,3731,0.00,0.00,0,0
1503628524,s5,0.00,0.00,0.00,0,0,0.00,0.00,0.00,0,0,0.00,0.00,0,0
1503628524,s1,0.00,0.00,0.00,0,0,0.00,0.00,0.00,0,0,0.00,0.00,0,0
1503628524,eth0,0.00,0.00,0.00,0,0,0.00,0.00,0.00,0,0,0.00,0.00,0,0
1503628524,eth1,0.00,0.00,0.00,0,0,0.00,0.00,0.00,0,0,0.00,0.00,0,0
1503628524,s2,0.00,0.00,0.00,0,0,0.00,0.00,0.00,0,0,0.00,0.00,0,0
1503628524,s1-eth2,30414.00,1244508.00,1274922.00,1244508,30414,411.00,822.00,1233.00,822,411,0.00,0.00,0,0
1503628524,s1-eth1,1246022.00,30414.00,1276436.00,30414,1246022,823.00,411.00,1234.00,411,823,0.00,0.00,0,0
1503628524,s3,0.00,0.00,0.00,0,0,0.00,0.00,0.00,0,0,0.00,0.00,0,0
1503628524,s2-eth2,30414.00,1244508.00,1274922.00,1244508,30414,411.00,822.00,1233.00,822,411,0.00,0.00,0,0
1503628524,s2-eth1,1244508.00,30414.00,1274922.00,30414,1244508,822.00,411.00,1233.00,411,822,0.00,0.00,0,0
1503628524,lo,0.00,0.00,0.00,0,0,0.00,0.00,0.00,0,0,0.00,0.00,0,0
1503628524,s4,0.00,0.00,0.00,0,0,0.00,0.00,0.00,0,0,0.00,0.00,0,0
1503628524,s3-eth2,30414.00,1246022.00,1276436.00,1246022,30414,411.00,823.00,1234.00,823,411,0.00,0.00,0,0
1503628524,s3-eth1,1244508.00,30414.00,1274922.00,30414,1244508,822.00,411.00,1233.00,411,822,0.00,0.00,0,0
1503628524,total,3826280.00,3826280.00,7652560.00,3826280,3826280,3700.00,3700.00,7400.00,3700,3700,0.00,0.00,0,0
1503628525,s5,0.00,0.00,0.00,0,0,0.00,0.00,0.00,0,0,0.00,0.00,0,0
1503628525,s1,0.00,0.00,0.00,0,0,0.00,0.00,0.00,0,0,0.00,0.00,0,0
1503628525,eth0,0.00,0.00,0.00,0,0,0.00,0.00,0.00,0,0,0.00,0.00,0,0
1503628525,eth1,0.00,0.00,0.00,0,0,0.00,0.00,0.00,0,0,0.00,0.00,0,0
1503628525,s2,0.00,0.00,0.00,0,0,0.00,0.00,0.00,0,0,0.00,0.00,0,0
1503628525,s1-eth2,30562.00,1250564.00,1281126.00,1250564,30562,413.00,826.00,1239.00,826,413,0.00,0.00,0,0
1503628525,s1-eth1,1249050.00,30562.00,1279612.00,30562,1249050,825.00,413.00,1238.00,413,825,0.00,0.00,0,0
1503628525,s3,0.00,0.00,0.00,0,0,0.00,0.00,0.00,0,0,0.00,0.00,0,0
1503628525,s2-eth2,30562.00,1250564.00,1281126.00,1250564,30562,413.00,826.00,1239.00,826,413,0.00,0.00,0,0
1503628525,s2-eth1,1250564.00,30562.00,1281126.00,30562,1250564,826.00,413.00,1239.00,413,826,0.00,0.00,0,0
1503628525,lo,0.00,0.00,0.00,0,0,0.00,0.00,0.00,0,0,0.00,0.00,0,0
1503628525,s4,0.00,0.00,0.00,0,0,0.00,0.00,0.00,0,0,0.00,0.00,0,0
1503628525,s3-eth2,30562.00,1250564.00,1281126.00,1250564,30562,413.00,826.00,1239.00,826,413,0.00,0.00,0,0
1503628525,s3-eth1,1250564.00,30562.00,1281126.00,30562,1250564,826.00,413.00,1239.00,413,826,0.00,0.00,0,0
1503628525,total,3841864.00,3843378.00,7685242.00,3843378,3841864,3716.00,3717.00,7433.00,3717,3716,0.00,0.00,0,0
1503628526,s5,0.00,0.00,0.00,0,0,0.00,0.00,0.00,0,0,0.00,0.00,0,0
1503628526,s1,0.00,0.00,0.00,0,0,0.00,0.00,0.00,0,0,0.00,0.00,0,0
1503628526,eth0,0.00,0.00,0.00,0,0,0.00,0.00,0.00,0,0,0.00,0.00,0,0
1503628526,eth1,0.00,0.00,0.00,0,0,0.00,0.00,0.00,0,0,0.00,0.00,0,0
1503628526,s2,0.00,0.00,0.00,0,0,0.00,0.00,0.00,0,0,0.00,0.00,0,0
1503628526,s1-eth2,30340.00,1242994.00,1273334.00,1242994,30340,410.00,821.00,1231.00,821,410,0.00,0.00,0,0
1503628526,s1-eth1,1242994.00,30414.00,1273408.00,30414,1242994,821.00,411.00,1232.00,411,821,0.00,0.00,0,0
1503628526,s3,0.00,0.00,0.00,0,0,0.00,0.00,0.00,0,0,0.00,0.00,0,0
1503628526,s2-eth2,30414.00,1242994.00,1273408.00,1242994,30414,411.00,821.00,1232.00,821,411,0.00,0.00,0,0
1503628526,s2-eth1,1242994.00,30340.00,1273334.00,30340,1242994,821.00,410.00,1231.00,410,821,0.00,0.00,0,0
1503628526,lo,344.00,344.00,688.00,344,344,6.00,6.00,12.00,6,6,0.00,0.00,0,0
1503628526,s4,0.00,0.00,0.00,0,0,0.00,0.00,0.00,0,0,0.00,0.00,0,0
1503628526,s3-eth2,30414.00,1241480.00,1271894.00,1241480,30414,411.00,820.00,1231.00,820,411,0.00,0.00,0,0
1503628526,s3-eth1,1242994.00,30414.00,1273408.00,30414,1242994,821.00,411.00,1232.00,411,821,0.00,0.00,0,0
1503628526,total,3820494.00,3818980.00,7639474.00,3818980,3820494,3701.00,3700.00,7401.00,3700,3701,0.00,0.00,0,0
1503628527,s5,0.00,0.00,0.00,0,0,0.00,0.00,0.00,0,0,0.00,0.00,0,0
1503628527,s1,0.00,0.00,0.00,0,0,0.00,0.00,0.00,0,0,0.00,0.00,0,0
1503628527,eth0,0.00,0.00,0.00,0,0,0.00,0.00,0.00,0,0,0.00,0.00,0,0
1503628527,eth1,0.00,118.00,118.00,118,0,0.00,1.00,1.00,1,0,0.00,0.00,0,0
1503628527,s2,0.00,0.00,0.00,0,0,0.00,0.00,0.00,0,0,0.00,0.00,0,0
1503628527,s1-eth2,30562.00,1249050.00,1279612.00,1249050,30562,413.00,825.00,1238.00,825,413,0.00,0.00,0,0
1503628527,s1-eth1,1250564.00,30562.00,1281126.00,30562,1250564,826.00,413.00,1239.00,413,826,0.00,0.00,0,0
1503628527,s3,0.00,341.66,341.66,342,0,0.00,1.00,1.00,1,0,0.00,0.00,0,0
1503628527,s2-eth2,30873.13,1247802.25,1278675.38,1249050,30904,413.59,824.18,1237.76,825,414,0.00,0.00,0,0
1503628527,s2-eth1,1247802.25,30531.47,1278333.75,30562,1249050,824.18,412.59,1236.76,413,825,0.00,0.00,0,0
1503628527,lo,669.33,669.33,1338.66,670,670,8.99,8.99,17.98,9,9,0.00,0.00,0,0
1503628527,s4,0.00,0.00,0.00,0,0,0.00,0.00,0.00,0,0,0.00,0.00,0,0
1503628527,s3-eth2,31140.86,1247802.25,1278943.12,1249050,31172,413.59,824.18,1237.76,825,414,0.00,0.00,0,0
1503628527,s3-eth1,1247802.25,30873.13,1278675.38,30904,1249050,824.18,413.59,1237.76,414,825,0.00,0.00,0,0
1503628527,total,3838134.00,3836471.75,7674605.50,3840308,3841972,3722.28,3722.28,7444.56,3726,3726,0.00,0.00,0,0
1503628528,s5,0.00,0.00,0.00,0,0,0.00,0.00,0.00,0,0,0.00,0.00,0,0
1503628528,s1,0.00,341.66,341.66,342,0,0.00,1.00,1.00,1,0,0.00,0.00,0,0
1503628528,eth0,0.00,0.00,0.00,0,0,0.00,0.00,0.00,0,0,0.00,0.00,0,0
1503628528,eth1,0.00,0.00,0.00,0,0,0.00,0.00,0.00,0,0,0.00,0.00,0,0
1503628528,s2,0.00,341.66,341.66,342,0,0.00,1.00,1.00,1,0,0.00,0.00,0,0
1503628528,s1-eth2,30531.47,1251168.88,1281700.38,1252420,30562,412.59,827.17,1239.76,828,413,0.00,0.00,0,0
1503628528,s1-eth1,1249656.38,30531.47,1280187.88,30562,1250906,826.17,412.59,1238.76,413,827,0.00,0.00,0,0
1503628528,s3,0.00,0.00,0.00,0,0,0.00,0.00,0.00,0,0,0.00,0.00,0,0
1503628528,s2-eth2,30562.00,1252420.00,1282982.00,1252420,30562,413.00,828.00,1241.00,828,413,0.00,0.00,0,0
1503628528,s2-eth1,1252420.00,30562.00,1282982.00,30562,1252420,828.00,413.00,1241.00,413,828,0.00,0.00,0,0
1503628528,lo,652.00,652.00,1304.00,652,652,6.00,6.00,12.00,6,6,0.00,0.00,0,0
1503628528,s4,0.00,0.00,0.00,0,0,0.00,0.00,0.00,0,0,0.00,0.00,0,0
1503628528,s3-eth2,30636.00,1252078.00,1282714.00,1252078,30636,414.00,827.00,1241.00,827,414,0.00,0.00,0,0
1503628528,s3-eth1,1252420.00,30562.00,1282982.00,30562,1252420,828.00,413.00,1241.00,413,828,0.00,0.00,0,0
1503628528,total,3848158.00,3849940.00,7698098.00,3849940,3848158,3729.00,3730.00,7459.00,3730,3729,0.00,0.00,0,0
1503628529,s5,0.00,0.00,0.00,0,0,0.00,0.00,0.00,0,0,0.00,0.00,0,0
1503628529,s1,0.00,0.00,0.00,0,0,0.00,0.00,0.00,0,0,0.00,0.00,0,0
1503628529,eth0,0.00,0.00,0.00,0,0,0.00,0.00,0.00,0,0,0.00,0.00,0,0
1503628529,eth1,0.00,0.00,0.00,0,0,0.00,0.00,0.00,0,0,0.00,0.00,0,0
1503628529,s2,0.00,0.00,0.00,0,0,0.00,0.00,0.00,0,0,0.00,0.00,0,0
1503628529,s1-eth2,30488.00,1247536.00,1278024.00,1247536,30488,412.00,824.00,1236.00,824,412,0.00,0.00,0,0
1503628529,s1-eth1,1247536.00,30488.00,1278024.00,30488,1247536,824.00,412.00,1236.00,412,824,0.00,0.00,0,0
1503628529,s3,0.00,0.00,0.00,0,0,0.00,0.00,0.00,0,0,0.00,0.00,0,0
1503628529,s2-eth2,30488.00,1247536.00,1278024.00,1247536,30488,412.00,824.00,1236.00,824,412,0.00,0.00,0,0
1503628529,s2-eth1,1247536.00,30488.00,1278024.00,30488,1247536,824.00,412.00,1236.00,412,824,0.00,0.00,0,0
1503628529,lo,0.00,0.00,0.00,0,0,0.00,0.00,0.00,0,0,0.00,0.00,0,0
1503628529,s4,0.00,0.00,0.00,0,0,0.00,0.00,0.00,0,0,0.00,0.00,0,0
1503628529,s3-eth2,30488.00,1247536.00,1278024.00,1247536,30488,412.00,824.00,1236.00,824,412,0.00,0.00,0,0
1503628529,s3-eth1,1247536.00,30488.00,1278024.00,30488,1247536,824.00,412.00,1236.00,412,824,0.00,0.00,0,0
1503628529,total,3834072.00,3834072.00,7668144.00,3834072,3834072,3708.00,3708.00,7416.00,3708,3708,0.00,0.00,0,0
1503628530,s5,0.00,0.00,0.00,0,0,0.00,0.00,0.00,0,0,0.00,0.00,0,0
1503628530,s1,0.00,0.00,0.00,0,0,0.00,0.00,0.00,0,0,0.00,0.00,0,0
1503628530,eth0,0.00,0.00,0.00,0,0,0.00,0.00,0.00,0,0,0.00,0.00,0,0
1503628530,eth1,0.00,60.00,60.00,60,0,0.00,1.00,1.00,1,0,0.00,0.00,0,0
1503628530,s2,0.00,0.00,0.00,0,0,0.00,0.00,0.00,0,0,0.00,0.00,0,0
1503628530,s1-eth2,30488.00,1246022.00,1276510.00,1246022,30488,412.00,823.00,1235.00,823,412,0.00,0.00,0,0
1503628530,s1-eth1,1246022.00,30414.00,1276436.00,30414,1246022,823.00,411.00,1234.00,411,823,0.00,0.00,0,0
1503628530,s3,0.00,0.00,0.00,0,0,0.00,0.00,0.00,0,0,0.00,0.00,0,0
1503628530,s2-eth2,30414.00,1246022.00,1276436.00,1246022,30414,411.00,823.00,1234.00,823,411,0.00,0.00,0,0
1503628530,s2-eth1,1246022.00,30488.00,1276510.00,30488,1246022,823.00,412.00,1235.00,412,823,0.00,0.00,0,0
1503628530,lo,0.00,0.00,0.00,0,0,0.00,0.00,0.00,0,0,0.00,0.00,0,0
1503628530,s4,0.00,0.00,0.00,0,0,0.00,0.00,0.00,0,0,0.00,0.00,0,0
1503628530,s3-eth2,30414.00,1246022.00,1276436.00,1246022,30414,411.00,823.00,1234.00,823,411,0.00,0.00,0,0
1503628530,s3-eth1,1246022.00,30414.00,1276436.00,30414,1246022,823.00,411.00,1234.00,411,823,0.00,0.00,0,0
1503628530,total,3829382.00,3829442.00,7658824.00,3829442,3829382,3703.00,3704.00,7407.00,3704,3703,0.00,0.00,0,0
1503628531,s5,0.00,0.00,0.00,0,0,0.00,0.00,0.00,0,0,0.00,0.00,0,0
1503628531,s1,0.00,0.00,0.00,0,0,0.00,0.00,0.00,0,0,0.00,0.00,0,0
1503628531,eth0,0.00,0.00,0.00,0,0,0.00,0.00,0.00,0,0,0.00,0.00,0,0
1503628531,eth1,0.00,118.00,118.00,118,0,0.00,1.00,1.00,1,0,0.00,0.00,0,0
1503628531,s2,0.00,0.00,0.00,0,0,0.00,0.00,0.00,0,0,0.00,0.00,0,0
1503628531,s1-eth2,30562.00,1250564.00,1281126.00,1250564,30562,413.00,826.00,1239.00,826,413,0.00,0.00,0,0
1503628531,s1-eth1,1250564.00,30562.00,1281126.00,30562,1250564,826.00,413.00,1239.00,413,826,0.00,0.00,0,0
1503628531,s3,0.00,0.00,0.00,0,0,0.00,0.00,0.00,0,0,0.00,0.00,0,0
1503628531,s2-eth2,30562.00,1250564.00,1281126.00,1250564,30562,413.00,826.00,1239.00,826,413,0.00,0.00,0,0
1503628531,s2-eth1,1250564.00,30562.00,1281126.00,30562,1250564,826.00,413.00,1239.00,413,826,0.00,0.00,0,0
1503628531,lo,516.00,516.00,1032.00,516,516,9.00,9.00,18.00,9,9,0.00,0.00,0,0
1503628531,s4,0.00,0.00,0.00,0,0,0.00,0.00,0.00,0,0,0.00,0.00,0,0
1503628531,s3-eth2,30562.00,1250564.00,1281126.00,1250564,30562,413.00,826.00,1239.00,826,413,0.00,0.00,0,0
1503628531,s3-eth1,1250564.00,30562.00,1281126.00,30562,1250564,826.00,413.00,1239.00,413,826,0.00,0.00,0,0
1503628531,total,3843894.00,3844012.00,7687906.00,3844012,3843894,3726.00,3727.00,7453.00,3727,3726,0.00,0.00,0,0
1503628532,s5,0.00,0.00,0.00,0,0,0.00,0.00,0.00,0,0,0.00,0.00,0,0
1503628532,s1,0.00,0.00,0.00,0,0,0.00,0.00,0.00,0,0,0.00,0.00,0,0
1503628532,eth0,0.00,0.00,0.00,0,0,0.00,0.00,0.00,0,0,0.00,0.00,0,0
1503628532,eth1,0.00,0.00,0.00,0,0,0.00,0.00,0.00,0,0,0.00,0.00,0,0
1503628532,s2,0.00,0.00,0.00,0,0,0.00,0.00,0.00,0,0,0.00,0.00,0,0
1503628532,s1-eth2,30562.00,1250564.00,1281126.00,1250564,30562,413.00,826.00,1239.00,826,413,0.00,0.00,0,0
1503628532,s1-eth1,1250564.00,30562.00,1281126.00,30562,1250564,826.00,413.00,1239.00,413,826,0.00,0.00,0,0
1503628532,s3,0.00,0.00,0.00,0,0,0.00,0.00,0.00,0,0,0.00,0.00,0,0
1503628532,s2-eth2,30562.00,1250564.00,1281126.00,1250564,30562,413.00,826.00,1239.00,826,413,0.00,0.00,0,0
1503628532,s2-eth1,1250564.00,30562.00,1281126.00,30562,1250564,826.00,413.00,1239.00,413,826,0.00,0.00,0,0
1503628532,lo,0.00,0.00,0.00,0,0,0.00,0.00,0.00,0,0,0.00,0.00,0,0
1503628532,s4,0.00,0.00,0.00,0,0,0.00,0.00,0.00,0,0,0.00,0.00,0,0
1503628532,s3-eth2,30562.00,1250564.00,1281126.00,1250564,30562,413.00,826.00,1239.00,826,413,0.00,0.00,0,0
1503628532,s3-eth1,1250564.00,30562.00,1281126.00,30562,1250564,826.00,413.00,1239.00,413,826,0.00,0.00,0,0
1503628532,total,3843378.00,3843378.00,7686756.00,3843378,3843378,3717.00,3717.00,7434.00,3717,3717,0.00,0.00,0,0
1503628533,s5,0.00,0.00,0.00,0,0,0.00,0.00,0.00,0,0,0.00,0.00,0,0
1503628533,s1,0.00,342.00,342.00,342,0,0.00,1.00,1.00,1,0,0.00,0.00,0,0
1503628533,eth0,0.00,0.00,0.00,0,0,0.00,0.00,0.00,0,0,0.00,0.00,0,0
1503628533,eth1,0.00,0.00,0.00,0,0,0.00,0.00,0.00,0,0,0.00,0.00,0,0
1503628533,s2,0.00,0.00,0.00,0,0,0.00,0.00,0.00,0,0,0.00,0.00,0,0
1503628533,s1-eth2,27750.00,1135842.00,1163592.00,1135842,27750,375.00,751.00,1126.00,751,375,0.00,0.00,0,0
1503628533,s1-eth1,1137356.00,27824.00,1165180.00,27824,1137356,752.00,376.00,1128.00,376,752,0.00,0.00,0,0
1503628533,s3,0.00,0.00,0.00,0,0,0.00,0.00,0.00,0,0,0.00,0.00,0,0
1503628533,s2-eth2,27824.00,1140042.00,1167866.00,1140042,27824,376.00,753.00,1129.00,753,376,0.00,0.00,0,0
1503628533,s2-eth1,1135842.00,27750.00,1163592.00,27750,1135842,751.00,375.00,1126.00,375,751,0.00,0.00,0,0
1503628533,lo,670.00,670.00,1340.00,670,670,9.00,9.00,18.00,9,9,0.00,0.00,0,0
1503628533,s4,0.00,0.00,0.00,0,0,0.00,0.00,0.00,0,0,0.00,0.00,0,0
1503628533,s3-eth2,27750.00,1140042.00,1167792.00,1140042,27750,375.00,753.00,1128.00,753,375,0.00,0.00,0,0
1503628533,s3-eth1,1140042.00,27824.00,1167866.00,27824,1140042,753.00,376.00,1129.00,376,753,0.00,0.00,0,0
1503628533,total,3497234.00,3500336.00,6997570.00,3500336,3497234,3391.00,3394.00,6785.00,3394,3391,0.00,0.00,0,0
1503628534,s5,0.00,0.00,0.00,0,0,0.00,0.00,0.00,0,0,0.00,0.00,0,0
1503628534,s1,0.00,0.00,0.00,0,0,0.00,0.00,0.00,0,0,0.00,0.00,0,0
1503628534,eth0,0.00,0.00,0.00,0,0,0.00,0.00,0.00,0,0,0.00,0.00,0,0
1503628534,eth1,0.00,0.00,0.00,0,0,0.00,0.00,0.00,0,0,0.00,0.00,0,0
1503628534,s2,0.00,342.00,342.00,342,0,0.00,1.00,1.00,1,0,0.00,0.00,0,0
1503628534,s1-eth2,30534.00,1236938.00,1267472.00,1236938,30534,409.00,817.00,1226.00,817,409,0.00,0.00,0,0
1503628534,s1-eth1,1235424.00,30192.00,1265616.00,30192,1235424,816.00,408.00,1224.00,408,816,0.00,0.00,0,0
1503628534,s3,0.00,342.00,342.00,342,0,0.00,1.00,1.00,1,0,0.00,0.00,0,0
1503628534,s2-eth2,30534.00,1235424.00,1265958.00,1235424,30534,409.00,816.00,1225.00,816,409,0.00,0.00,0,0
1503628534,s2-eth1,1236938.00,30534.00,1267472.00,30534,1236938,817.00,409.00,1226.00,409,817,0.00,0.00,0,0
1503628534,lo,652.00,652.00,1304.00,652,652,6.00,6.00,12.00,6,6,0.00,0.00,0,0
1503628534,s4,0.00,0.00,0.00,0,0,0.00,0.00,0.00,0,0,0.00,0.00,0,0
1503628534,s3-eth2,30608.00,1235424.00,1266032.00,1235424,30608,410.00,816.00,1226.00,816,410,0.00,0.00,0,0
1503628534,s3-eth1,1235424.00,30534.00,1265958.00,30534,1235424,816.00,409.00,1225.00,409,816,0.00,0.00,0,0
1503628534,total,3800114.00,3800382.00,7600496.00,3800382,3800114,3683.00,3683.00,7366.00,3683,3683,0.00,0.00,0,0
1503628535,s5,0.00,0.00,0.00,0,0,0.00,0.00,0.00,0,0,0.00,0.00,0,0
1503628535,s1,0.00,0.00,0.00,0,0,0.00,0.00,0.00,0,0,0.00,0.00,0,0
1503628535,eth0,0.00,0.00,0.00,0,0,0.00,0.00,0.00,0,0,0.00,0.00,0,0
1503628535,eth1,60.00,0.00,60.00,0,60,1.00,0.00,1.00,0,1,0.00,0.00,0,0
1503628535,s2,0.00,0.00,0.00,0,0,0.00,0.00,0.00,0,0,0.00,0.00,0,0
1503628535,s1-eth2,30414.00,1241480.00,1271894.00,1241480,30414,411.00,820.00,1231.00,820,411,0.00,0.00,0,0
1503628535,s1-eth1,1241480.00,30340.00,1271820.00,30340,1241480,820.00,410.00,1230.00,410,820,0.00,0.00,0,0
1503628535,s3,0.00,0.00,0.00,0,0,0.00,0.00,0.00,0,0,0.00,0.00,0,0
1503628535,s2-eth2,30340.00,1241480.00,1271820.00,1241480,30340,410.00,820.00,1230.00,820,410,0.00,0.00,0,0
1503628535,s2-eth1,1241480.00,30414.00,1271894.00,30414,1241480,820.00,411.00,1231.00,411,820,0.00,0.00,0,0
1503628535,lo,0.00,0.00,0.00,0,0,0.00,0.00,0.00,0,0,0.00,0.00,0,0
1503628535,s4,0.00,0.00,0.00,0,0,0.00,0.00,0.00,0,0,0.00,0.00,0,0
1503628535,s3-eth2,30340.00,1241480.00,1271820.00,1241480,30340,410.00,820.00,1230.00,820,410,0.00,0.00,0,0
1503628535,s3-eth1,1241480.00,30340.00,1271820.00,30340,1241480,820.00,410.00,1230.00,410,820,0.00,0.00,0,0
1503628535,total,3815594.00,3815534.00,7631128.00,3815534,3815594,3692.00,3691.00,7383.00,3691,3692,0.00,0.00,0,0
1503628536,s5,0.00,0.00,0.00,0,0,0.00,0.00,0.00,0,0,0.00,0.00,0,0
1503628536,s1,0.00,0.00,0.00,0,0,0.00,0.00,0.00,0,0,0.00,0.00,0,0
1503628536,eth0,0.00,0.00,0.00,0,0,0.00,0.00,0.00,0,0,0.00,0.00,0,0
1503628536,eth1,0.00,60.00,60.00,60,0,0.00,1.00,1.00,1,0,0.00,0.00,0,0
1503628536,s2,0.00,0.00,0.00,0,0,0.00,0.00,0.00,0,0,0.00,0.00,0,0
1503628536,s1-eth2,30488.00,1250564.00,1281052.00,1250564,30488,412.00,826.00,1238.00,826,412,0.00,0.00,0,0
1503628536,s1-eth1,1250564.00,30562.00,1281126.00,30562,1250564,826.00,413.00,1239.00,413,826,0.00,0.00,0,0
1503628536,s3,0.00,0.00,0.00,0,0,0.00,0.00,0.00,0,0,0.00,0.00,0,0
1503628536,s2-eth2,30562.00,1250564.00,1281126.00,1250564,30562,413.00,826.00,1239.00,826,413,0.00,0.00,0,0
1503628536,s2-eth1,1250564.00,30488.00,1281052.00,30488,1250564,826.00,412.00,1238.00,412,826,0.00,0.00,0,0
1503628536,lo,344.00,344.00,688.00,344,344,6.00,6.00,12.00,6,6,0.00,0.00,0,0
1503628536,s4,0.00,0.00,0.00,0,0,0.00,0.00,0.00,0,0,0.00,0.00,0,0
1503628536,s3-eth2,30488.00,1250564.00,1281052.00,1250564,30488,412.00,826.00,1238.00,826,412,0.00,0.00,0,0
1503628536,s3-eth1,1250564.00,30562.00,1281126.00,30562,1250564,826.00,413.00,1239.00,413,826,0.00,0.00,0,0
1503628536,total,3843574.00,3843708.00,7687282.00,3843708,3843574,3721.00,3723.00,7444.00,3723,3721,0.00,0.00,0,0
1503628537,s5,0.00,0.00,0.00,0,0,0.00,0.00,0.00,0,0,0.00,0.00,0,0
1503628537,s1,0.00,0.00,0.00,0,0,0.00,0.00,0.00,0,0,0.00,0.00,0,0
1503628537,eth0,0.00,0.00,0.00,0,0,0.00,0.00,0.00,0,0,0.00,0.00,0,0
1503628537,eth1,0.00,0.00,0.00,0,0,0.00,0.00,0.00,0,0,0.00,0.00,0,0
1503628537,s2,0.00,0.00,0.00,0,0,0.00,0.00,0.00,0,0,0.00,0.00,0,0
1503628537,s1-eth2,30562.00,1250564.00,1281126.00,1250564,30562,413.00,826.00,1239.00,826,413,0.00,0.00,0,0
1503628537,s1-eth1,1250564.00,30562.00,1281126.00,30562,1250564,826.00,413.00,1239.00,413,826,0.00,0.00,0,0
1503628537,s3,0.00,0.00,0.00,0,0,0.00,0.00,0.00,0,0,0.00,0.00,0,0
1503628537,s2-eth2,30562.00,1250564.00,1281126.00,1250564,30562,413.00,826.00,1239.00,826,413,0.00,0.00,0,0
1503628537,s2-eth1,1250564.00,30562.00,1281126.00,30562,1250564,826.00,413.00,1239.00,413,826,0.00,0.00,0,0
1503628537,lo,0.00,0.00,0.00,0,0,0.00,0.00,0.00,0,0,0.00,0.00,0,0
1503628537,s4,0.00,0.00,0.00,0,0,0.00,0.00,0.00,0,0,0.00,0.00,0,0
1503628537,s3-eth2,30562.00,1250564.00,1281126.00,1250564,30562,413.00,826.00,1239.00,826,413,0.00,0.00,0,0
1503628537,s3-eth1,1250564.00,30562.00,1281126.00,30562,1250564,826.00,413.00,1239.00,413,826,0.00,0.00,0,0
1503628537,total,3843378.00,3843378.00,7686756.00,3843378,3843378,3717.00,3717.00,7434.00,3717,3717,0.00,0.00,0,0
1503628538,s5,0.00,0.00,0.00,0,0,0.00,0.00,0.00,0,0,0.00,0.00,0,0
1503628538,s1,0.00,1170.00,1170.00,1170,0,0.00,7.00,7.00,7,0,0.00,0.00,0,0
1503628538,eth0,1260.00,1549.00,2809.00,1549,1260,15.00,13.00,28.00,13,15,0.00,0.00,0,0
1503628538,eth1,288.00,108.00,396.00,108,288,3.00,1.00,4.00,1,3,0.00,0.00,0,0
1503628538,s2,0.00,1170.00,1170.00,1170,0,0.00,7.00,7.00,7,0,0.00,0.00,0,0
1503628538,s1-eth2,30462.00,1218426.00,1248888.00,1218426,30462,407.00,811.00,1218.00,811,407,0.00,0.00,0,0
1503628538,s1-eth1,1221984.00,29822.00,1251806.00,29822,1221984,816.00,403.00,1219.00,403,816,0.00,0.00,0,0
1503628538,s3,0.00,1280.00,1280.00,1280,0,0.00,8.00,8.00,8,0,0.00,0.00,0,0
1503628538,s2-eth2,31102.00,1219300.00,1250402.00,1219300,31102,411.00,808.00,1219.00,808,411,0.00,0.00,0,0
1503628538,s2-eth1,1218426.00,30462.00,1248888.00,30462,1218426,811.00,407.00,1218.00,407,811,0.00,0.00,0,0
1503628538,lo,8413.00,8413.00,16826.00,8413,8413,86.00,86.00,172.00,86,86,0.00,0.00,0,0
1503628538,s4,0.00,0.00,0.00,0,0,0.00,0.00,0.00,0,0,0.00,0.00,0,0
1503628538,s3-eth2,31102.00,1220284.00,1251386.00,1220284,31102,411.00,806.00,1217.00,806,411,0.00,0.00,0,0
1503628538,s3-eth1,1219300.00,31102.00,1250402.00,31102,1219300,808.00,411.00,1219.00,411,808,0.00,0.00,0,0
1503628538,total,3762337.00,3763086.00,7525423.00,3763086,3762337,3768.00,3768.00,7536.00,3768,3768,0.00,0.00,0,0
1503628539,s5,0.00,0.00,0.00,0,0,0.00,0.00,0.00,0,0,0.00,0.00,0,0
1503628539,s1,0.00,717.00,717.00,717,0,0.00,8.00,8.00,8,0,0.00,0.00,0,0
1503628539,eth0,1064.00,1715.00,2779.00,1715,1064,14.00,14.00,28.00,14,14,0.00,0.00,0,0
1503628539,eth1,0.00,0.00,0.00,0,0,0.00,0.00,0.00,0,0,0.00,0.00,0,0
1503628539,s2,0.00,2323.00,2323.00,2323,0,0.00,15.00,15.00,15,0,0.00,0.00,0,0
1503628539,s1-eth2,31854.00,1246781.00,1278635.00,1246781,31854,421.00,832.00,1253.00,832,421,0.00,0.00,0,0
1503628539,s1-eth1,1246591.00,30456.00,1277047.00,30456,1246591,839.00,412.00,1251.00,412,839,0.00,0.00,0,0
1503628539,s3,0.00,2213.00,2213.00,2213,0,0.00,14.00,14.00,14,0,0.00,0.00,0,0
1503628539,s2-eth2,32669.00,1247063.00,1279732.00,1247063,32669,426.00,831.00,1257.00,831,426,0.00,0.00,0,0
1503628539,s2-eth1,1246781.00,31854.00,1278635.00,31854,1246781,832.00,421.00,1253.00,421,832,0.00,0.00,0,0
1503628539,lo,13952.00,13952.00,27904.00,13952,13952,141.00,141.00,282.00,141,141,0.00,0.00,0,0
1503628539,s4,0.00,0.00,0.00,0,0,0.00,0.00,0.00,0,0,0.00,0.00,0,0
1503628539,s3-eth2,33199.00,1247578.00,1280777.00,1247578,33199,429.00,825.00,1254.00,825,429,0.00,0.00,0,0
1503628539,s3-eth1,1247063.00,32669.00,1279732.00,32669,1247063,831.00,426.00,1257.00,426,831,0.00,0.00,0,0
1503628539,total,3853173.00,3857321.00,7710494.00,3857321,3853173,3933.00,3939.00,7872.00,3939,3933,0.00,0.00,0,0
1503628540,s5,0.00,0.00,0.00,0,0,0.00,0.00,0.00,0,0,0.00,0.00,0,0
1503628540,s1,0.00,3712.00,3712.00,3712,0,0.00,16.00,16.00,16,0,0.00,0.00,0,0
1503628540,eth0,304.00,245.00,549.00,245,304,4.00,2.00,6.00,2,4,0.00,0.00,0,0
1503628540,eth1,0.00,60.00,60.00,60,0,0.00,1.00,1.00,1,0,0.00,0.00,0,0
1503628540,s2,0.00,2400.00,2400.00,2400,0,0.00,11.00,11.00,11,0,0.00,0.00,0,0
1503628540,s1-eth2,31490.00,1251248.00,1282738.00,1251248,31490,416.00,840.00,1256.00,840,416,0.00,0.00,0,0
1503628540,s1-eth1,1250900.00,30414.00,1281314.00,30414,1250900,845.00,411.00,1256.00,411,845,0.00,0.00,0,0
1503628540,s3,0.00,2587.00,2587.00,2587,0,0.00,12.00,12.00,12,0,0.00,0.00,0,0
1503628540,s2-eth2,33001.00,1250374.00,1283375.00,1250374,33001,423.00,831.00,1254.00,831,423,0.00,0.00,0,0
1503628540,s2-eth1,1251248.00,31490.00,1282738.00,31490,1251248,840.00,416.00,1256.00,416,840,0.00,0.00,0,0
1503628540,lo,12741.00,12741.00,25482.00,12741,12741,122.00,122.00,244.00,122,122,0.00,0.00,0,0
1503628540,s4,0.00,0.00,0.00,0,0,0.00,0.00,0.00,0,0,0.00,0.00,0,0
1503628540,s3-eth2,33345.00,1250564.00,1283909.00,1250564,33345,427.00,826.00,1253.00,826,427,0.00,0.00,0,0
1503628540,s3-eth1,1250374.00,33001.00,1283375.00,33001,1250374,831.00,423.00,1254.00,423,831,0.00,0.00,0,0
1503628540,total,3863403.00,3868836.00,7732239.00,3868836,3863403,3908.00,3911.00,7819.00,3911,3908,0.00,0.00,0,0
1503628541,s5,0.00,0.00,0.00,0,0,0.00,0.00,0.00,0,0,0.00,0.00,0,0
1503628541,s1,0.00,1474.05,1474.05,1477,0,0.00,5.99,5.99,6,0,0.00,0.00,0,0
1503628541,eth0,151.70,244.51,396.21,245,152,2.00,2.00,3.99,2,2,0.00,0.00,0,0
1503628541,eth1,0.00,0.00,0.00,0,0,0.00,0.00,0.00,0,0,0.00,0.00,0,0
1503628541,s2,0.00,1180.64,1180.64,1183,0,0.00,3.99,3.99,4,0,0.00,0.00,0,0
1503628541,s1-eth2,31094.81,1248031.00,1279125.75,1250527,31157,413.17,829.34,1242.52,831,414,0.00,0.00,0,0
1503628541,s1-eth1,1250209.62,30501.00,1280710.62,30562,1252710,832.34,412.18,1244.51,413,834,0.00,0.00,0,0
1503628541,s3,0.00,1335.33,1335.33,1338,0,0.00,3.99,3.99,4,0,0.00,0.00,0,0
1503628541,s2-eth2,31836.33,1250091.88,1281928.12,1252592,31900,416.17,827.35,1243.51,829,417,0.00,0.00,0,0
1503628541,s2-eth1,1248031.00,31094.81,1279125.75,31157,1250527,829.34,413.17,1242.52,414,831,0.00,0.00,0,0
1503628541,lo,5217.56,5217.56,10435.13,5228,5228,51.90,51.90,103.79,52,52,0.00,0.00,0,0
1503628541,s4,0.00,0.00,0.00,0,0,0.00,0.00,0.00,0,0,0.00,0.00,0,0
1503628541,s3-eth2,33778.45,1248067.88,1281846.38,1250564,33846,425.15,824.35,1249.50,826,426,0.00,0.00,0,0
1503628541,s3-eth1,1250091.88,31836.33,1281928.12,31900,1252592,827.35,416.17,1243.51,417,829,0.00,0.00,0,0
1503628541,total,3850411.25,3849075.00,7699486.00,3856773,3858112,3797.41,3790.42,7587.82,3798,3805,0.00,0.00,0,0
1503628542,s5,0.00,0.00,0.00,0,0,0.00,0.00,0.00,0,0,0.00,0.00,0,0
1503628542,s1,0.00,449.00,449.00,449,0,0.00,2.00,2.00,2,0,0.00,0.00,0,0
1503628542,eth0,0.00,245.00,245.00,245,0,0.00,2.00,2.00,2,0,0.00,0.00,0,0
1503628542,eth1,0.00,0.00,0.00,0,0,0.00,0.00,0.00,0,0,0.00,0.00,0,0
1503628542,s2,0.00,823.00,823.00,823,0,0.00,4.00,4.00,4,0,0.00,0.00,0,0
1503628542,s1-eth2,30344.00,1225275.00,1255619.00,1225275,30344,407.00,811.00,1218.00,811,407,0.00,0.00,0,0
1503628542,s1-eth1,1225649.00,29970.00,1255619.00,29970,1225649,813.00,405.00,1218.00,405,813,0.00,0.00,0,0
1503628542,s3,0.00,748.00,748.00,748,0,0.00,4.00,4.00,4,0,0.00,0.00,0,0
1503628542,s2-eth2,30718.00,1225275.00,1255993.00,1225275,30718,409.00,811.00,1220.00,811,409,0.00,0.00,0,0
1503628542,s2-eth1,1225275.00,30344.00,1255619.00,30344,1225275,811.00,407.00,1218.00,407,811,0.00,0.00,0,0
1503628542,lo,3372.00,3372.00,6744.00,3372,3372,32.00,32.00,64.00,32,32,0.00,0.00,0,0
1503628542,s4,0.00,0.00,0.00,0,0,0.00,0.00,0.00,0,0,0.00,0.00,0,0
1503628542,s3-eth2,31607.00,1226340.00,1257947.00,1226340,31607,412.00,810.00,1222.00,810,412,0.00,0.00,0,0
1503628542,s3-eth1,1225275.00,30718.00,1255993.00,30718,1225275,811.00,409.00,1220.00,409,811,0.00,0.00,0,0
1503628542,total,3772240.00,3773559.00,7545799.00,3773559,3772240,3695.00,3697.00,7392.00,3697,3695,0.00,0.00,0,0
1503628543,s5,0.00,0.00,0.00,0,0,0.00,0.00,0.00,0,0,0.00,0.00,0,0
1503628543,s1,0.00,1435.00,1435.00,1435,0,0.00,7.00,7.00,7,0,0.00,0.00,0,0
1503628543,eth0,60.00,60.00,120.00,60,60,1.00,1.00,2.00,1,1,0.00,0.00,0,0
1503628543,eth1,60.00,60.00,120.00,60,60,1.00,1.00,2.00,1,1,0.00,0.00,0,0
1503628543,s2,0.00,1061.00,1061.00,1061,0,0.00,5.00,5.00,5,0,0.00,0.00,0,0
1503628543,s1-eth2,29479.00,1186897.00,1216376.00,1186897,29479,395.00,790.00,1185.00,790,395,0.00,0.00,0,0
1503628543,s1-eth1,1187294.00,29008.00,1216302.00,29008,1187294,792.00,392.00,1184.00,392,792,0.00,0.00,0,0
1503628543,s3,0.00,794.00,794.00,794,0,0.00,4.00,4.00,4,0,0.00,0.00,0,0
1503628543,s2-eth2,29802.00,1187640.00,1217442.00,1187640,29802,396.00,787.00,1183.00,787,396,0.00,0.00,0,0
1503628543,s2-eth1,1186897.00,29479.00,1216376.00,29479,1186897,790.00,395.00,1185.00,395,790,0.00,0.00,0,0
1503628543,lo,4795.00,4795.00,9590.00,4795,4795,47.00,47.00,94.00,47,47,0.00,0.00,0,0
1503628543,s4,0.00,0.00,0.00,0,0,0.00,0.00,0.00,0,0,0.00,0.00,0,0
1503628543,s3-eth2,29876.00,1188490.00,1218366.00,1188490,29876,397.00,785.00,1182.00,785,397,0.00,0.00,0,0
1503628543,s3-eth1,1187640.00,29802.00,1217442.00,29802,1187640,787.00,396.00,1183.00,396,787,0.00,0.00,0,0
1503628543,total,3655903.00,3659521.00,7315424.00,3659521,3655903,3606.00,3610.00,7216.00,3610,3606,0.00,0.00,0,0
1503628544,s5,0.00,0.00,0.00,0,0,0.00,0.00,0.00,0,0,0.00,0.00,0,0
1503628544,s1,0.00,342.00,342.00,342,0,0.00,1.00,1.00,1,0,0.00,0.00,0,0
1503628544,eth0,0.00,0.00,0.00,0,0,0.00,0.00,0.00,0,0,0.00,0.00,0,0
1503628544,eth1,0.00,0.00,0.00,0,0,0.00,0.00,0.00,0,0,0.00,0.00,0,0
1503628544,s2,0.00,342.00,342.00,342,0,0.00,1.00,1.00,1,0,0.00,0.00,0,0
1503628544,s1-eth2,30488.00,1247878.00,1278366.00,1247878,30488,412.00,825.00,1237.00,825,412,0.00,0.00,0,0
1503628544,s1-eth1,1247878.00,30562.00,1278440.00,30562,1247878,825.00,413.00,1238.00,413,825,0.00,0.00,0,0
1503628544,s3,0.00,342.00,342.00,342,0,0.00,1.00,1.00,1,0,0.00,0.00,0,0
1503628544,s2-eth2,30904.00,1246364.00,1277268.00,1246364,30904,414.00,824.00,1238.00,824,414,0.00,0.00,0,0
1503628544,s2-eth1,1247878.00,30488.00,1278366.00,30488,1247878,825.00,412.00,1237.00,412,825,0.00,0.00,0,0
1503628544,lo,1030.00,1030.00,2060.00,1030,1030,10.00,10.00,20.00,10,10,0.00,0.00,0,0
1503628544,s4,0.00,0.00,0.00,0,0,0.00,0.00,0.00,0,0,0.00,0.00,0,0
1503628544,s3-eth2,31274.00,1247536.00,1278810.00,1247536,31274,416.00,824.00,1240.00,824,416,0.00,0.00,0,0
1503628544,s3-eth1,1246364.00,30904.00,1277268.00,30904,1246364,824.00,414.00,1238.00,414,824,0.00,0.00,0,0
1503628544,total,3835816.00,3835788.00,7671604.00,3835788,3835816,3726.00,3725.00,7451.00,3725,3726,0.00,0.00,0,0
1503628545,s5,0.00,0.00,0.00,0,0,0.00,0.00,0.00,0,0,0.00,0.00,0,0
1503628545,s1,0.00,0.00,0.00,0,0,0.00,0.00,0.00,0,0,0.00,0.00,0,0
1503628545,eth0,0.00,0.00,0.00,0,0,0.00,0.00,0.00,0,0,0.00,0.00,0,0
1503628545,eth1,0.00,0.00,0.00,0,0,0.00,0.00,0.00,0,0,0.00,0.00,0,0
1503628545,s2,0.00,0.00,0.00,0,0,0.00,0.00,0.00,0,0,0.00,0.00,0,0
1503628545,s1-eth2,30562.00,1250564.00,1281126.00,1250564,30562,413.00,826.00,1239.00,826,413,0.00,0.00,0,0
1503628545,s1-eth1,1250564.00,30488.00,1281052.00,30488,1250564,826.00,412.00,1238.00,412,826,0.00,0.00,0,0
1503628545,s3,0.00,0.00,0.00,0,0,0.00,0.00,0.00,0,0,0.00,0.00,0,0
1503628545,s2-eth2,30488.00,1250564.00,1281052.00,1250564,30488,412.00,826.00,1238.00,826,412,0.00,0.00,0,0
1503628545,s2-eth1,1250564.00,30562.00,1281126.00,30562,1250564,826.00,413.00,1239.00,413,826,0.00,0.00,0,0
1503628545,lo,0.00,0.00,0.00,0,0,0.00,0.00,0.00,0,0,0.00,0.00,0,0
1503628545,s4,0.00,0.00,0.00,0,0,0.00,0.00,0.00,0,0,0.00,0.00,0,0
1503628545,s3-eth2,30889.00,1249050.00,1279939.00,1249050,30889,414.00,825.00,1239.00,825,414,0.00,0.00,0,0
1503628545,s3-eth1,1250564.00,30488.00,1281052.00,30488,1250564,826.00,412.00,1238.00,412,826,0.00,0.00,0,0
1503628545,total,3843631.00,3841716.00,7685347.00,3841716,3843631,3717.00,3714.00,7431.00,3714,3717,0.00,0.00,0,0
1503628546,s5,0.00,0.00,0.00,0,0,0.00,0.00,0.00,0,0,0.00,0.00,0,0
1503628546,s1,0.00,107.00,107.00,107,0,0.00,1.00,1.00,1,0,0.00,0.00,0,0
1503628546,eth0,0.00,0.00,0.00,0,0,0.00,0.00,0.00,0,0,0.00,0.00,0,0
1503628546,eth1,0.00,0.00,0.00,0,0,0.00,0.00,0.00,0,0,0.00,0.00,0,0
1503628546,s2,0.00,214.00,214.00,214,0,0.00,2.00,2.00,2,0,0.00,0.00,0,0
1503628546,s1-eth2,30669.00,1250671.00,1281340.00,1250671,30669,414.00,827.00,1241.00,827,414,0.00,0.00,0,0
1503628546,s1-eth1,1250778.00,30562.00,1281340.00,30562,1250778,828.00,413.00,1241.00,413,828,0.00,0.00,0,0
1503628546,s3,0.00,214.00,214.00,214,0,0.00,2.00,2.00,2,0,0.00,0.00,0,0
1503628546,s2-eth2,30776.00,1250671.00,1281447.00,1250671,30776,415.00,827.00,1242.00,827,415,0.00,0.00,0,0
1503628546,s2-eth1,1250671.00,30669.00,1281340.00,30669,1250671,827.00,414.00,1241.00,414,827,0.00,0.00,0,0
1503628546,lo,1869.00,1869.00,3738.00,1869,1869,21.00,21.00,42.00,21,21,0.00,0.00,0,0
1503628546,s4,0.00,0.00,0.00,0,0,0.00,0.00,0.00,0,0,0.00,0.00,0,0
1503628546,s3-eth2,30776.00,1250564.00,1281340.00,1250564,30776,415.00,826.00,1241.00,826,415,0.00,0.00,0,0
1503628546,s3-eth1,1250671.00,30776.00,1281447.00,30776,1250671,827.00,415.00,1242.00,415,827,0.00,0.00,0,0
1503628546,total,3846210.00,3846317.00,7692527.00,3846317,3846210,3747.00,3748.00,7495.00,3748,3747,0.00,0.00,0,0
1503628547,s5,0.00,0.00,0.00,0,0,0.00,0.00,0.00,0,0,0.00,0.00,0,0
1503628547,s1,0.00,247.00,247.00,247,0,0.00,3.00,3.00,3,0,0.00,0.00,0,0
1503628547,eth0,0.00,0.00,0.00,0,0,0.00,0.00,0.00,0,0,0.00,0.00,0,0
1503628547,eth1,0.00,0.00,0.00,0,0,0.00,0.00,0.00,0,0,0.00,0.00,0,0
1503628547,s2,0.00,140.00,140.00,140,0,0.00,2.00,2.00,2,0,0.00,0.00,0,0
1503628547,s1-eth2,30780.00,1250811.00,1281591.00,1250811,30780,416.00,829.00,1245.00,829,416,0.00,0.00,0,0
1503628547,s1-eth1,1250881.00,30710.00,1281591.00,30710,1250881,830.00,415.00,1245.00,415,830,0.00,0.00,0,0
1503628547,s3,0.00,140.00,140.00,140,0,0.00,2.00,2.00,2,0,0.00,0.00,0,0
1503628547,s2-eth2,30850.00,1250634.00,1281484.00,1250634,30850,417.00,827.00,1244.00,827,417,0.00,0.00,0,0
1503628547,s2-eth1,1250811.00,30780.00,1281591.00,30780,1250811,829.00,416.00,1245.00,416,829,0.00,0.00,0,0
1503628547,lo,1913.00,1913.00,3826.00,1913,1913,21.00,21.00,42.00,21,21,0.00,0.00,0,0
1503628547,s4,0.00,0.00,0.00,0,0,0.00,0.00,0.00,0,0,0.00,0.00,0,0
1503628547,s3-eth2,30850.00,1250564.00,1281414.00,1250564,30850,417.00,826.00,1243.00,826,417,0.00,0.00,0,0
1503628547,s3-eth1,1250634.00,30850.00,1281484.00,30850,1250634,827.00,417.00,1244.00,417,827,0.00,0.00,0,0
1503628547,total,3846719.00,3846789.00,7693508.00,3846789,3846719,3757.00,3758.00,7515.00,3758,3757,0.00,0.00,0,0
1503628548,s5,0.00,0.00,0.00,0,0,0.00,0.00,0.00,0,0,0.00,0.00,0,0
1503628548,s1,0.00,0.00,0.00,0,0,0.00,0.00,0.00,0,0,0.00,0.00,0,0
1503628548,eth0,0.00,0.00,0.00,0,0,0.00,0.00,0.00,0,0,0.00,0.00,0,0
1503628548,eth1,0.00,0.00,0.00,0,0,0.00,0.00,0.00,0,0,0.00,0.00,0,0
1503628548,s2,0.00,0.00,0.00,0,0,0.00,0.00,0.00,0,0,0.00,0.00,0,0
1503628548,s1-eth2,30562.00,1250564.00,1281126.00,1250564,30562,413.00,826.00,1239.00,826,413,0.00,0.00,0,0
1503628548,s1-eth1,1249392.00,30562.00,1279954.00,30562,1249392,826.00,413.00,1239.00,413,826,0.00,0.00,0,0
1503628548,s3,0.00,342.00,342.00,342,0,0.00,1.00,1.00,1,0,0.00,0.00,0,0
1503628548,s2-eth2,30904.00,1250564.00,1281468.00,1250564,30904,414.00,826.00,1240.00,826,414,0.00,0.00,0,0
1503628548,s2-eth1,1250564.00,30562.00,1281126.00,30562,1250564,826.00,413.00,1239.00,413,826,0.00,0.00,0,0
1503628548,lo,326.00,326.00,652.00,326,326,3.00,3.00,6.00,3,3,0.00,0.00,0,0
1503628548,s4,0.00,0.00,0.00,0,0,0.00,0.00,0.00,0,0,0.00,0.00,0,0
1503628548,s3-eth2,31279.00,1250564.00,1281843.00,1250564,31279,415.00,826.00,1241.00,826,415,0.00,0.00,0,0
1503628548,s3-eth1,1250564.00,30904.00,1281468.00,30904,1250564,826.00,414.00,1240.00,414,826,0.00,0.00,0,0
1503628548,total,3843591.00,3844388.00,7687979.00,3844388,3843591,3723.00,3722.00,7445.00,3722,3723,0.00,0.00,0,0
1503628549,s5,0.00,0.00,0.00,0,0,0.00,0.00,0.00,0,0,0.00,0.00,0,0
1503628549,s1,0.00,342.00,342.00,342,0,0.00,1.00,1.00,1,0,0.00,0.00,0,0
1503628549,eth0,0.00,0.00,0.00,0,0,0.00,0.00,0.00,0,0,0.00,0.00,0,0
1503628549,eth1,0.00,0.00,0.00,0,0,0.00,0.00,0.00,0,0,0.00,0.00,0,0
1503628549,s2,0.00,342.00,342.00,342,0,0.00,1.00,1.00,1,0,0.00,0.00,0,0
1503628549,s1-eth2,30830.00,1249392.00,1280222.00,1249392,30830,413.00,826.00,1239.00,826,413,0.00,0.00,0,0
1503628549,s1-eth1,1250906.00,30562.00,1281468.00,30562,1250906,827.00,413.00,1240.00,413,827,0.00,0.00,0,0
1503628549,s3,0.00,342.00,342.00,342,0,0.00,1.00,1.00,1,0,0.00,0.00,0,0
1503628549,s2-eth2,30904.00,1250564.00,1281468.00,1250564,30904,414.00,826.00,1240.00,826,414,0.00,0.00,0,0
1503628549,s2-eth1,1249392.00,30830.00,1280222.00,30830,1249392,826.00,413.00,1239.00,413,826,0.00,0.00,0,0
1503628549,lo,978.00,978.00,1956.00,978,978,9.00,9.00,18.00,9,9,0.00,0.00,0,0
1503628549,s4,0.00,0.00,0.00,0,0,0.00,0.00,0.00,0,0,0.00,0.00,0,0
1503628549,s3-eth2,30974.00,1250564.00,1281538.00,1250564,30974,415.00,826.00,1241.00,826,415,0.00,0.00,0,0
1503628549,s3-eth1,1250564.00,30904.00,1281468.00,30904,1250564,826.00,414.00,1240.00,414,826,0.00,0.00,0,0
1503628549,total,3844548.00,3844820.00,7689368.00,3844820,3844548,3730.00,3730.00,7460.00,3730,3730,0.00,0.00,0,0
1503628550,s5,0.00,0.00,0.00,0,0,0.00,0.00,0.00,0,0,0.00,0.00,0,0
1503628550,s1,0.00,0.00,0.00,0,0,0.00,0.00,0.00,0,0,0.00,0.00,0,0
1503628550,eth0,0.00,0.00,0.00,0,0,0.00,0.00,0.00,0,0,0.00,0.00,0,0
1503628550,eth1,0.00,86.00,86.00,86,0,0.00,1.00,1.00,1,0,0.00,0.00,0,0
1503628550,s2,0.00,0.00,0.00,0,0,0.00,0.00,0.00,0,0,0.00,0.00,0,0
1503628550,s1-eth2,30562.00,1250564.00,1281126.00,1250564,30562,413.00,826.00,1239.00,826,413,0.00,0.00,0,0
1503628550,s1-eth1,1250564.00,30562.00,1281126.00,30562,1250564,826.00,413.00,1239.00,413,826,0.00,0.00,0,0
1503628550,s3,0.00,0.00,0.00,0,0,0.00,0.00,0.00,0,0,0.00,0.00,0,0
1503628550,s2-eth2,30562.00,1250564.00,1281126.00,1250564,30562,413.00,826.00,1239.00,826,413,0.00,0.00,0,0
1503628550,s2-eth1,1250564.00,30562.00,1281126.00,30562,1250564,826.00,413.00,1239.00,413,826,0.00,0.00,0,0
1503628550,lo,0.00,0.00,0.00,0,0,0.00,0.00,0.00,0,0,0.00,0.00,0,0
1503628550,s4,0.00,0.00,0.00,0,0,0.00,0.00,0.00,0,0,0.00,0.00,0,0
1503628550,s3-eth2,30562.00,1250564.00,1281126.00,1250564,30562,413.00,826.00,1239.00,826,413,0.00,0.00,0,0
1503628550,s3-eth1,1250564.00,30562.00,1281126.00,30562,1250564,826.00,413.00,1239.00,413,826,0.00,0.00,0,0
1503628550,total,3843378.00,3843464.00,7686842.00,3843464,3843378,3717.00,3718.00,7435.00,3718,3717,0.00,0.00,0,0
1503628551,s5,0.00,0.00,0.00,0,0,0.00,0.00,0.00,0,0,0.00,0.00,0,0
1503628551,s1,0.00,0.00,0.00,0,0,0.00,0.00,0.00,0,0,0.00,0.00,0,0
1503628551,eth0,0.00,0.00,0.00,0,0,0.00,0.00,0.00,0,0,0.00,0.00,0,0
1503628551,eth1,0.00,0.00,0.00,0,0,0.00,0.00,0.00,0,0,0.00,0.00,0,0
1503628551,s2,0.00,0.00,0.00,0,0,0.00,0.00,0.00,0,0,0.00,0.00,0,0
1503628551,s1-eth2,30636.00,1250564.00,1281200.00,1250564,30636,414.00,826.00,1240.00,826,414,0.00,0.00,0,0
1503628551,s1-eth1,1249050.00,30636.00,1279686.00,30636,1249050,825.00,414.00,1239.00,414,825,0.00,0.00,0,0
1503628551,s3,0.00,0.00,0.00,0,0,0.00,0.00,0.00,0,0,0.00,0.00,0,0
1503628551,s2-eth2,30636.00,1249050.00,1279686.00,1249050,30636,414.00,825.00,1239.00,825,414,0.00,0.00,0,0
1503628551,s2-eth1,1250564.00,30636.00,1281200.00,30636,1250564,826.00,414.00,1240.00,414,826,0.00,0.00,0,0
1503628551,lo,344.00,344.00,688.00,344,344,6.00,6.00,12.00,6,6,0.00,0.00,0,0
1503628551,s4,0.00,0.00,0.00,0,0,0.00,0.00,0.00,0,0,0.00,0.00,0,0
1503628551,s3-eth2,30636.00,1249050.00,1279686.00,1249050,30636,414.00,825.00,1239.00,825,414,0.00,0.00,0,0
1503628551,s3-eth1,1249050.00,30636.00,1279686.00,30636,1249050,825.00,414.00,1239.00,414,825,0.00,0.00,0,0
1503628551,total,3840916.00,3840916.00,7681832.00,3840916,3840916,3724.00,3724.00,7448.00,3724,3724,0.00,0.00,0,0
1503628552,s5,0.00,0.00,0.00,0,0,0.00,0.00,0.00,0,0,0.00,0.00,0,0
1503628552,s1,0.00,342.00,342.00,342,0,0.00,1.00,1.00,1,0,0.00,0.00,0,0
1503628552,eth0,0.00,0.00,0.00,0,0,0.00,0.00,0.00,0,0,0.00,0.00,0,0
1503628552,eth1,0.00,0.00,0.00,0,0,0.00,0.00,0.00,0,0,0.00,0.00,0,0
1503628552,s2,0.00,342.00,342.00,342,0,0.00,1.00,1.00,1,0,0.00,0.00,0,0
1503628552,s1-eth2,21028.00,845132.00,866160.00,845132,21028,284.00,562.00,846.00,562,284,0.00,0.00,0,0
1503628552,s1-eth1,851188.00,20954.00,872142.00,20954,851188,566.00,283.00,849.00,283,566,0.00,0.00,0,0
1503628552,s3,0.00,0.00,0.00,0,0,0.00,0.00,0.00,0,0,0.00,0.00,0,0
1503628552,s2-eth2,21028.00,828478.00,849506.00,828478,21028,284.00,551.00,835.00,551,284,0.00,0.00,0,0
1503628552,s2-eth1,845132.00,21028.00,866160.00,21028,845132,562.00,284.00,846.00,284,562,0.00,0.00,0,0
1503628552,lo,652.00,652.00,1304.00,652,652,6.00,6.00,12.00,6,6,0.00,0.00,0,0
1503628552,s4,0.00,0.00,0.00,0,0,0.00,0.00,0.00,0,0,0.00,0.00,0,0
1503628552,s3-eth2,21102.00,816024.00,837126.00,816024,21102,285.00,542.00,827.00,542,285,0.00,0.00,0,0
1503628552,s3-eth1,828478.00,21028.00,849506.00,21028,828478,551.00,284.00,835.00,284,551,0.00,0.00,0,0
1503628552,total,2588608.00,2553980.00,5142588.00,2553980,2588608,2538.00,2514.00,5052.00,2514,2538,0.00,0.00,0,0
1503628553,s5,0.00,0.00,0.00,0,0,0.00,0.00,0.00,0,0,0.00,0.00,0,0
1503628553,s1,0.00,0.00,0.00,0,0,0.00,0.00,0.00,0,0,0.00,0.00,0,0
1503628553,eth0,0.00,0.00,0.00,0,0,0.00,0.00,0.00,0,0,0.00,0.00,0,0
1503628553,eth1,0.00,0.00,0.00,0,0,0.00,0.00,0.00,0,0,0.00,0.00,0,0
1503628553,s2,0.00,0.00,0.00,0,0,0.00,0.00,0.00,0,0,0.00,0.00,0,0
1503628553,s1-eth2,0.00,0.00,0.00,0,0,0.00,0.00,0.00,0,0,0.00,0.00,0,0
1503628553,s1-eth1,0.00,0.00,0.00,0,0,0.00,0.00,0.00,0,0,0.00,0.00,0,0
1503628553,s3,0.00,0.00,0.00,0,0,0.00,0.00,0.00,0,0,0.00,0.00,0,0
1503628553,s2-eth2,0.00,0.00,0.00,0,0,0.00,0.00,0.00,0,0,0.00,0.00,0,0
1503628553,s2-eth1,0.00,0.00,0.00,0,0,0.00,0.00,0.00,0,0,0.00,0.00,0,0
1503628553,lo,0.00,0.00,0.00,0,0,0.00,0.00,0.00,0,0,0.00,0.00,0,0
1503628553,s4,0.00,0.00,0.00,0,0,0.00,0.00,0.00,0,0,0.00,0.00,0,0
1503628553,s3-eth2,0.00,0.00,0.00,0,0,0.00,0.00,0.00,0,0,0.00,0.00,0,0
1503628553,s3-eth1,0.00,0.00,0.00,0,0,0.00,0.00,0.00,0,0,0.00,0.00,0,0
1503628553,total,0.00,0.00,0.00,0,0,0.00,0.00,0.00,0,0,0.00,0.00,0,0
1503628554,s5,0.00,0.00,0.00,0,0,0.00,0.00,0.00,0,0,0.00,0.00,0,0
1503628554,s1,0.00,107.00,107.00,107,0,0.00,1.00,1.00,1,0,0.00,0.00,0,0
1503628554,eth0,0.00,0.00,0.00,0,0,0.00,0.00,0.00,0,0,0.00,0.00,0,0
1503628554,eth1,0.00,0.00,0.00,0,0,0.00,0.00,0.00,0,0,0.00,0.00,0,0
1503628554,s2,0.00,214.00,214.00,214,0,0.00,2.00,2.00,2,0,0.00,0.00,0,0
1503628554,s1-eth2,107.00,107.00,214.00,107,107,1.00,1.00,2.00,1,1,0.00,0.00,0,0
1503628554,s1-eth1,214.00,0.00,214.00,0,214,2.00,0.00,2.00,0,2,0.00,0.00,0,0
1503628554,s3,0.00,214.00,214.00,214,0,0.00,2.00,2.00,2,0,0.00,0.00,0,0
1503628554,s2-eth2,214.00,107.00,321.00,107,214,2.00,1.00,3.00,1,2,0.00,0.00,0,0
1503628554,s2-eth1,107.00,107.00,214.00,107,107,1.00,1.00,2.00,1,1,0.00,0.00,0,0
1503628554,lo,1697.00,1697.00,3394.00,1697,1697,18.00,18.00,36.00,18,18,0.00,0.00,0,0
1503628554,s4,0.00,0.00,0.00,0,0,0.00,0.00,0.00,0,0,0.00,0.00,0,0
1503628554,s3-eth2,214.00,0.00,214.00,0,214,2.00,0.00,2.00,0,2,0.00,0.00,0,0
1503628554,s3-eth1,107.00,214.00,321.00,214,107,1.00,2.00,3.00,2,1,0.00,0.00,0,0
1503628554,total,2660.00,2767.00,5427.00,2767,2660,27.00,28.00,55.00,28,27,0.00,0.00,0,0
1503628555,s5,0.00,0.00,0.00,0,0,0.00,0.00,0.00,0,0,0.00,0.00,0,0
1503628555,s1,0.00,107.00,107.00,107,0,0.00,1.00,1.00,1,0,0.00,0.00,0,0
1503628555,eth0,0.00,0.00,0.00,0,0,0.00,0.00,0.00,0,0,0.00,0.00,0,0
1503628555,eth1,0.00,0.00,0.00,0,0,0.00,0.00,0.00,0,0,0.00,0.00,0,0
1503628555,s2,0.00,0.00,0.00,0,0,0.00,0.00,0.00,0,0,0.00,0.00,0,0
1503628555,s1-eth2,0.00,107.00,107.00,107,0,0.00,1.00,1.00,1,0,0.00,0.00,0,0
1503628555,s1-eth1,107.00,0.00,107.00,0,107,1.00,0.00,1.00,0,1,0.00,0.00,0,0
1503628555,s3,0.00,0.00,0.00,0,0,0.00,0.00,0.00,0,0,0.00,0.00,0,0
1503628555,s2-eth2,0.00,0.00,0.00,0,0,0.00,0.00,0.00,0,0,0.00,0.00,0,0
1503628555,s2-eth1,107.00,0.00,107.00,0,107,1.00,0.00,1.00,0,1,0.00,0.00,0,0
1503628555,lo,305.00,305.00,610.00,305,305,3.00,3.00,6.00,3,3,0.00,0.00,0,0
1503628555,s4,0.00,0.00,0.00,0,0,0.00,0.00,0.00,0,0,0.00,0.00,0,0
1503628555,s3-eth2,342.00,0.00,342.00,0,342,1.00,0.00,1.00,0,1,0.00,0.00,0,0
1503628555,s3-eth1,0.00,0.00,0.00,0,0,0.00,0.00,0.00,0,0,0.00,0.00,0,0
1503628555,total,861.00,519.00,1380.00,519,861,6.00,5.00,11.00,5,6,0.00,0.00,0,0
1503628556,s5,0.00,0.00,0.00,0,0,0.00,0.00,0.00,0,0,0.00,0.00,0,0
1503628556,s1,0.00,0.00,0.00,0,0,0.00,0.00,0.00,0,0,0.00,0.00,0,0
1503628556,eth0,0.00,0.00,0.00,0,0,0.00,0.00,0.00,0,0,0.00,0.00,0,0
1503628556,eth1,0.00,0.00,0.00,0,0,0.00,0.00,0.00,0,0,0.00,0.00,0,0
1503628556,s2,0.00,0.00,0.00,0,0,0.00,0.00,0.00,0,0,0.00,0.00,0,0
1503628556,s1-eth2,0.00,0.00,0.00,0,0,0.00,0.00,0.00,0,0,0.00,0.00,0,0
1503628556,s1-eth1,0.00,0.00,0.00,0,0,0.00,0.00,0.00,0,0,0.00,0.00,0,0
1503628556,s3,0.00,0.00,0.00,0,0,0.00,0.00,0.00,0,0,0.00,0.00,0,0
1503628556,s2-eth2,0.00,0.00,0.00,0,0,0.00,0.00,0.00,0,0,0.00,0.00,0,0
1503628556,s2-eth1,0.00,0.00,0.00,0,0,0.00,0.00,0.00,0,0,0.00,0.00,0,0
1503628556,lo,344.00,344.00,688.00,344,344,6.00,6.00,12.00,6,6,0.00,0.00,0,0
1503628556,s4,0.00,0.00,0.00,0,0,0.00,0.00,0.00,0,0,0.00,0.00,0,0
1503628556,s3-eth2,107.00,0.00,107.00,0,107,1.00,0.00,1.00,0,1,0.00,0.00,0,0
1503628556,s3-eth1,0.00,0.00,0.00,0,0,0.00,0.00,0.00,0,0,0.00,0.00,0,0
1503628556,total,451.00,344.00,795.00,344,451,7.00,6.00,13.00,6,7,0.00,0.00,0,0
1503628557,s5,0.00,0.00,0.00,0,0,0.00,0.00,0.00,0,0,0.00,0.00,0,0
1503628557,s1,0.00,0.00,0.00,0,0,0.00,0.00,0.00,0,0,0.00,0.00,0,0
1503628557,eth0,0.00,0.00,0.00,0,0,0.00,0.00,0.00,0,0,0.00,0.00,0,0
1503628557,eth1,0.00,0.00,0.00,0,0,0.00,0.00,0.00,0,0,0.00,0.00,0,0
1503628557,s2,0.00,341.66,341.66,342,0,0.00,1.00,1.00,1,0,0.00,0.00,0,0
1503628557,s1-eth2,341.66,0.00,341.66,0,342,1.00,0.00,1.00,0,1,0.00,0.00,0,0
1503628557,s1-eth1,0.00,0.00,0.00,0,0,0.00,0.00,0.00,0,0,0.00,0.00,0,0
1503628557,s3,0.00,341.66,341.66,342,0,0.00,1.00,1.00,1,0,0.00,0.00,0,0
1503628557,s2-eth2,341.66,0.00,341.66,0,342,1.00,0.00,1.00,0,1,0.00,0.00,0,0
1503628557,s2-eth1,0.00,341.66,341.66,342,0,0.00,1.00,1.00,1,0,0.00,0.00,0,0
1503628557,lo,651.35,651.35,1302.70,652,652,5.99,5.99,11.99,6,6,0.00,0.00,0,0
1503628557,s4,0.00,0.00,0.00,0,0,0.00,0.00,0.00,0,0,0.00,0.00,0,0
1503628557,s3-eth2,341.66,0.00,341.66,0,342,1.00,0.00,1.00,0,1,0.00,0.00,0,0
1503628557,s3-eth1,0.00,341.66,341.66,342,0,0.00,1.00,1.00,1,0,0.00,0.00,0,0
1503628557,total,1676.32,2017.98,3694.31,2020,1678,8.99,9.99,18.98,10,9,0.00,0.00,0,0
1503628558,s5,0.00,0.00,0.00,0,0,0.00,0.00,0.00,0,0,0.00,0.00,0,0
1503628558,s1,0.00,0.00,0.00,0,0,0.00,0.00,0.00,0,0,0.00,0.00,0,0
1503628558,eth0,0.00,0.00,0.00,0,0,0.00,0.00,0.00,0,0,0.00,0.00,0,0
1503628558,eth1,0.00,0.00,0.00,0,0,0.00,0.00,0.00,0,0,0.00,0.00,0,0
1503628558,s2,0.00,0.00,0.00,0,0,0.00,0.00,0.00,0,0,0.00,0.00,0,0
1503628558,s1-eth2,0.00,0.00,0.00,0,0,0.00,0.00,0.00,0,0,0.00,0.00,0,0
1503628558,s1-eth1,0.00,0.00,0.00,0,0,0.00,0.00,0.00,0,0,0.00,0.00,0,0
1503628558,s3,0.00,0.00,0.00,0,0,0.00,0.00,0.00,0,0,0.00,0.00,0,0
1503628558,s2-eth2,0.00,0.00,0.00,0,0,0.00,0.00,0.00,0,0,0.00,0.00,0,0
1503628558,s2-eth1,0.00,0.00,0.00,0,0,0.0