1508120232,s1,0.00,0.00,0.00,0,0,0.00,0.00,0.00,0,0,0.00,0.00,0,0
1508120232,eth0,0.00,0.00,0.00,0,0,0.00,0.00,0.00,0,0,0.00,0.00,0,0
1508120232,s2,0.00,0.00,0.00,0,0,0.00,0.00,0.00,0,0,0.00,0.00,0,0
1508120232,s1-eth2,0.00,0.00,0.00,0,0,0.00,0.00,0.00,0,0,0.00,0.00,0,0
1508120232,s1-eth1,0.00,0.00,0.00,0,0,0.00,0.00,0.00,0,0,0.00,0.00,0,0
1508120232,s2-eth2,0.00,0.00,0.00,0,0,0.00,0.00,0.00,0,0,0.00,0.00,0,0
1508120232,s2-eth1,0.00,0.00,0.00,0,0,0.00,0.00,0.00,0,0,0.00,0.00,0,0
1508120232,lo,0.00,0.00,0.00,0,0,0.00,0.00,0.00,0,0,0.00,0.00,0,0
1508120232,total,0.00,0.00,0.00,0,0,0.00,0.00,0.00,0,0,0.00,0.00,0,0
1508120233,s1,160.00,250.00,410.00,250,160,2.00,3.00,5.00,3,2,0.00,0.00,0,0
1508120233,eth0,760.00,1345.00,2105.00,1345,760,10.00,12.00,22.00,12,10,0.00,0.00,0,0
1508120233,s2,250.00,410.00,660.00,410,250,3.00,5.00,8.00,5,3,0.00,0.00,0,0
1508120233,s1-eth2,12109.00,257630.00,269739.00,257630,12109,143.00,173.00,316.00,173,143,0.00,0.00,0,0
1508120233,s1-eth1,250812.00,10170.00,260982.00,10170,250812,180.00,131.00,311.00,131,180,0.00,0.00,0,0
1508120233,s2-eth2,1754.00,250.00,2004.00,250,1754,13.00,3.00,16.00,3,13,0.00,0.00,0,0
1508120233,s2-eth1,2243.00,160.00,2403.00,160,2243,13.00,2.00,15.00,2,13,0.00,0.00,0,0
1508120233,lo,5349.00,5349.00,10698.00,5349,5349,59.00,59.00,118.00,59,59,0.00,0.00,0,0
1508120233,total,273437.00,275564.00,549001.00,275564,273437,423.00,388.00,811.00,388,423,0.00,0.00,0,0
1508120234,s1,90.00,0.00,90.00,0,90,1.00,0.00,1.00,0,1,0.00,0.00,0,0
1508120234,eth0,152.00,245.00,397.00,245,152,2.00,2.00,4.00,2,2,0.00,0.00,0,0
1508120234,s2,0.00,90.00,90.00,90,0,0.00,1.00,1.00,1,0,0.00,0.00,0,0
1508120234,s1-eth2,9837.00,252838.00,262675.00,252838,9837,119.00,167.00,286.00,167,119,0.00,0.00,0,0
1508120234,s1-eth1,244480.00,8784.00,253264.00,8784,244480,165.00,114.00,279.00,114,165,0.00,0.00,0,0
1508120234,s2-eth2,1146.00,0.00,1146.00,0,1146,6.00,0.00,6.00,0,6,0.00,0.00,0,0
1508120234,s2-eth1,514.00,90.00,604.00,90,514,2.00,1.00,3.00,1,2,0.00,0.00,0,0
1508120234,lo,917.00,917.00,1834.00,917,917,10.00,10.00,20.00,10,10,0.00,0.00,0,0
1508120234,total,257136.00,262964.00,520100.00,262964,257136,305.00,295.00,600.00,295,305,0.00,0.00,0,0
1508120235,s1,0.00,0.00,0.00,0,0,0.00,0.00,0.00,0,0,0.00,0.00,0,0
1508120235,eth0,0.00,0.00,0.00,0,0,0.00,0.00,0.00,0,0,0.00,0.00,0,0
1508120235,s2,0.00,0.00,0.00,0,0,0.00,0.00,0.00,0,0,0.00,0.00,0,0
1508120235,s1-eth2,8557.00,248296.00,256853.00,248296,8557,108.00,164.00,272.00,164,108,0.00,0.00,0,0
1508120235,s1-eth1,241053.00,8230.00,249283.00,8230,241053,160.00,107.00,267.00,107,160,0.00,0.00,0,0
1508120235,s2-eth2,669.00,0.00,669.00,0,669,2.00,0.00,2.00,0,2,0.00,0.00,0,0
1508120235,s2-eth1,107.00,0.00,107.00,0,107,1.00,0.00,1.00,0,1,0.00,0.00,0,0
1508120235,lo,0.00,0.00,0.00,0,0,0.00,0.00,0.00,0,0,0.00,0.00,0,0
1508120235,total,250386.00,256526.00,506912.00,256526,250386,271.00,271.00,542.00,271,271,0.00,0.00,0,0
1508120236,s1,0.00,70.00,70.00,70,0,0.00,1.00,1.00,1,0,0.00,0.00,0,0
1508120236,eth0,0.00,0.00,0.00,0,0,0.00,0.00,0.00,0,0,0.00,0.00,0,0
1508120236,s2,0.00,0.00,0.00,0,0,0.00,0.00,0.00,0,0,0.00,0.00,0,0
1508120236,s1-eth2,8220.00,254352.00,262572.00,254352,8220,105.00,168.00,273.00,168,105,0.00,0.00,0,0
1508120236,s1-eth1,250526.00,7846.00,258372.00,7846,250526,168.00,103.00,271.00,103,168,0.00,0.00,0,0
1508120236,s2-eth2,107.00,0.00,107.00,0,107,1.00,0.00,1.00,0,1,0.00,0.00,0,0
1508120236,s2-eth1,664.00,0.00,664.00,0,664,3.00,0.00,3.00,0,3,0.00,0.00,0,0
1508120236,lo,268.00,268.00,536.00,268,268,3.00,3.00,6.00,3,3,0.00,0.00,0,0
1508120236,total,259785.00,262536.00,522321.00,262536,259785,280.00,275.00,555.00,275,280,0.00,0.00,0,0
1508120237,s1,70.00,70.00,140.00,70,70,1.00,1.00,2.00,1,1,0.00,0.00,0,0
1508120237,eth0,0.00,0.00,0.00,0,0,0.00,0.00,0.00,0,0,0.00,0.00,0,0
1508120237,s2,70.00,140.00,210.00,140,70,1.00,2.00,3.00,2,1,0.00,0.00,0,0
1508120237,s1-eth2,10219.00,251394.00,261613.00,251394,10219,125.00,167.00,292.00,167,125,0.00,0.00,0,0
1508120237,s1-eth1,250347.00,9496.00,259843.00,9496,250347,169.00,122.00,291.00,122,169,0.00,0.00,0,0
1508120237,s2-eth2,804.00,70.00,874.00,70,804,5.00,1.00,6.00,1,5,0.00,0.00,0,0
1508120237,s2-eth1,140.00,70.00,210.00,70,140,2.00,1.00,3.00,1,2,0.00,0.00,0,0
1508120237,lo,1340.00,1340.00,2680.00,1340,1340,15.00,15.00,30.00,15,15,0.00,0.00,0,0
1508120237,total,262990.00,262580.00,525570.00,262580,262990,318.00,309.00,627.00,309,318,0.00,0.00,0,0
1508120238,s1,0.00,0.00,0.00,0,0,0.00,0.00,0.00,0,0,0.00,0.00,0,0
1508120238,eth0,0.00,0.00,0.00,0,0,0.00,0.00,0.00,0,0,0.00,0.00,0,0
1508120238,s2,0.00,0.00,0.00,0,0,0.00,0.00,0.00,0,0,0.00,0.00,0,0
1508120238,s1-eth2,10476.00,263436.00,273912.00,263436,10476,134.00,174.00,308.00,174,134,0.00,0.00,0,0
1508120238,s1-eth1,248296.00,10390.00,258686.00,10390,248296,164.00,133.00,297.00,133,164,0.00,0.00,0,0
1508120238,s2-eth2,0.00,0.00,0.00,0,0,0.00,0.00,0.00,0,0,0.00,0.00,0,0
1508120238,s2-eth1,0.00,0.00,0.00,0,0,0.00,0.00,0.00,0,0,0.00,0.00,0,0
1508120238,lo,0.00,0.00,0.00,0,0,0.00,0.00,0.00,0,0,0.00,0.00,0,0
1508120238,total,258772.00,273826.00,532598.00,273826,258772,298.00,307.00,605.00,307,298,0.00,0.00,0,0
1508120239,s1,0.00,0.00,0.00,0,0,0.00,0.00,0.00,0,0,0.00,0.00,0,0
1508120239,eth0,0.00,0.00,0.00,0,0,0.00,0.00,0.00,0,0,0.00,0.00,0,0
1508120239,s2,0.00,0.00,0.00,0,0,0.00,0.00,0.00,0,0,0.00,0.00,0,0
1508120239,s1-eth2,8576.00,257380.00,265956.00,257380,8576,112.00,170.00,282.00,170,112,0.00,0.00,0,0
1508120239,s1-eth1,249810.00,8650.00,258460.00,8650,249810,165.00,113.00,278.00,113,165,0.00,0.00,0,0
1508120239,s2-eth2,0.00,0.00,0.00,0,0,0.00,0.00,0.00,0,0,0.00,0.00,0,0
1508120239,s2-eth1,107.00,0.00,107.00,0,107,1.00,0.00,1.00,0,1,0.00,0.00,0,0
1508120239,lo,0.00,0.00,0.00,0,0,0.00,0.00,0.00,0,0,0.00,0.00,0,0
1508120239,total,258493.00,266030.00,524523.00,266030,258493,278.00,283.00,561.00,283,278,0.00,0.00,0,0
1508120240,s1,0.00,70.00,70.00,70,0,0.00,1.00,1.00,1,0,0.00,0.00,0,0
1508120240,eth0,0.00,180.00,180.00,180,0,0.00,3.00,3.00,3,0,0.00,0.00,0,0
1508120240,s2,0.00,0.00,0.00,0,0,0.00,0.00,0.00,0,0,0.00,0.00,0,0
1508120240,s1-eth2,9751.00,255866.00,265617.00,255866,9751,127.00,169.00,296.00,169,127,0.00,0.00,0,0
1508120240,s1-eth1,250259.00,9570.00,259829.00,9570,250259,167.00,125.00,292.00,125,167,0.00,0.00,0,0
1508120240,s2-eth2,449.00,0.00,449.00,0,449,2.00,0.00,2.00,0,2,0.00,0.00,0,0
1508120240,s2-eth1,70.00,0.00,70.00,0,70,1.00,0.00,1.00,0,1,0.00,0.00,0,0
1508120240,lo,268.00,268.00,536.00,268,268,3.00,3.00,6.00,3,3,0.00,0.00,0,0
1508120240,total,260797.00,265954.00,526751.00,265954,260797,300.00,301.00,601.00,301,300,0.00,0.00,0,0
1508120241,s1,69.93,69.93,139.86,70,70,1.00,1.00,2.00,1,1,0.00,0.00,0,0
1508120241,eth0,0.00,0.00,0.00,0,0,0.00,0.00,0.00,0,0,0.00,0.00,0,0
1508120241,s2,69.93,139.86,209.79,140,70,1.00,2.00,3.00,2,1,0.00,0.00,0,0
1508120241,s1-eth2,10255.74,254167.84,264423.59,254422,10266,130.87,168.83,299.70,169,131,0.00,0.00,0,0
1508120241,s1-eth1,248257.75,10115.88,258373.64,10126,248506,166.83,128.87,295.70,129,167,0.00,0.00,0,0
1508120241,s2-eth2,209.79,69.93,279.72,70,210,3.00,1.00,4.00,1,3,0.00,0.00,0,0
1508120241,s2-eth1,481.52,69.93,551.45,70,482,3.00,1.00,4.00,1,3,0.00,0.00,0,0
1508120241,lo,1338.66,1338.66,2677.32,1340,1340,14.99,14.99,29.97,15,15,0.00,0.00,0,0
1508120241,total,260683.33,265972.03,526655.38,266238,260944,320.68,317.68,638.36,318,321,0.00,0.00,0,0
1508120242,s1,0.00,0.00,0.00,0,0,0.00,0.00,0.00,0,0,0.00,0.00,0,0
1508120242,eth0,0.00,0.00,0.00,0,0,0.00,0.00,0.00,0,0,0.00,0.00,0,0
1508120242,s2,0.00,0.00,0.00,0,0,0.00,0.00,0.00,0,0,0.00,0.00,0,0
1508120242,s1-eth2,10188.00,261922.00,272110.00,261922,10188,130.00,173.00,303.00,173,130,0.00,0.00,0,0
1508120242,s1-eth1,251324.00,9846.00,261170.00,9846,251324,166.00,129.00,295.00,129,166,0.00,0.00,0,0
1508120242,s2-eth2,0.00,0.00,0.00,0,0,0.00,0.00,0.00,0,0,0.00,0.00,0,0
1508120242,s2-eth1,0.00,0.00,0.00,0,0,0.00,0.00,0.00,0,0,0.00,0.00,0,0
1508120242,lo,0.00,0.00,0.00,0,0,0.00,0.00,0.00,0,0,0.00,0.00,0,0
1508120242,total,261512.00,271768.00,533280.00,271768,261512,296.00,302.00,598.00,302,296,0.00,0.00,0,0
1508120243,s1,0.00,0.00,0.00,0,0,0.00,0.00,0.00,0,0,0.00,0.00,0,0
1508120243,eth0,0.00,0.00,0.00,0,0,0.00,0.00,0.00,0,0,0.00,0.00,0,0
1508120243,s2,0.00,0.00,0.00,0,0,0.00,0.00,0.00,0,0,0.00,0.00,0,0
1508120243,s1-eth2,9302.00,255866.00,265168.00,255866,9302,121.00,169.00,290.00,169,121,0.00,0.00,0,0
1508120243,s1-eth1,249810.00,9302.00,259112.00,9302,249810,165.00,121.00,286.00,121,165,0.00,0.00,0,0
1508120243,s2-eth2,0.00,0.00,0.00,0,0,0.00,0.00,0.00,0,0,0.00,0.00,0,0
1508120243,s2-eth1,0.00,0.00,0.00,0,0,0.00,0.00,0.00,0,0,0.00,0.00,0,0
1508120243,lo,0.00,0.00,0.00,0,0,0.00,0.00,0.00,0,0,0.00,0.00,0,0
1508120243,total,259112.00,265168.00,524280.00,265168,259112,286.00,290.00,576.00,290,286,0.00,0.00,0,0
1508120244,s1,0.00,0.00,0.00,0,0,0.00,0.00,0.00,0,0,0.00,0.00,0,0
1508120244,eth0,0.00,1098.00,1098.00,1098,0,0.00,3.00,3.00,3,0,0.00,0.00,0,0
1508120244,s2,0.00,0.00,0.00,0,0,0.00,0.00,0.00,0,0,0.00,0.00,0,0
1508120244,s1-eth2,8588.00,255866.00,264454.00,255866,8588,112.00,169.00,281.00,169,112,0.00,0.00,0,0
1508120244,s1-eth1,249810.00,8588.00,258398.00,8588,249810,165.00,112.00,277.00,112,165,0.00,0.00,0,0
1508120244,s2-eth2,0.00,0.00,0.00,0,0,0.00,0.00,0.00,0,0,0.00,0.00,0,0
1508120244,s2-eth1,0.00,0.00,0.00,0,0,0.00,0.00,0.00,0,0,0.00,0.00,0,0
1508120244,lo,0.00,0.00,0.00,0,0,0.00,0.00,0.00,0,0,0.00,0.00,0,0
1508120244,total,258398.00,265552.00,523950.00,265552,258398,277.00,284.00,561.00,284,277,0.00,0.00,0,0
1508120245,s1,0.00,0.00,0.00,0,0,0.00,0.00,0.00,0,0,0.00,0.00,0,0
1508120245,eth0,0.00,0.00,0.00,0,0,0.00,0.00,0.00,0,0,0.00,0.00,0,0
1508120245,s2,0.00,0.00,0.00,0,0,0.00,0.00,0.00,0,0,0.00,0.00,0,0
1508120245,s1-eth2,8802.00,254352.00,263154.00,254352,8802,115.00,168.00,283.00,168,115,0.00,0.00,0,0
1508120245,s1-eth1,249810.00,8802.00,258612.00,8802,249810,165.00,115.00,280.00,115,165,0.00,0.00,0,0
1508120245,s2-eth2,0.00,0.00,0.00,0,0,0.00,0.00,0.00,0,0,0.00,0.00,0,0
1508120245,s2-eth1,0.00,0.00,0.00,0,0,0.00,0.00,0.00,0,0,0.00,0.00,0,0
1508120245,lo,0.00,0.00,0.00,0,0,0.00,0.00,0.00,0,0,0.00,0.00,0,0
1508120245,total,258612.00,263154.00,521766.00,263154,258612,280.00,283.00,563.00,283,280,0.00,0.00,0,0
1508120246,s1,0.00,0.00,0.00,0,0,0.00,0.00,0.00,0,0,0.00,0.00,0,0
1508120246,eth0,0.00,172.00,172.00,172,0,0.00,2.00,2.00,2,0,0.00,0.00,0,0
1508120246,s2,0.00,0.00,0.00,0,0,0.00,0.00,0.00,0,0,0.00,0.00,0,0
1508120246,s1-eth2,8784.00,257380.00,266164.00,257380,8784,114.00,170.00,284.00,170,114,0.00,0.00,0,0
1508120246,s1-eth1,251324.00,8784.00,260108.00,8784,251324,166.00,114.00,280.00,114,166,0.00,0.00,0,0
1508120246,s2-eth2,0.00,0.00,0.00,0,0,0.00,0.00,0.00,0,0,0.00,0.00,0,0
1508120246,s2-eth1,0.00,0.00,0.00,0,0,0.00,0.00,0.00,0,0,0.00,0.00,0,0
1508120246,lo,344.00,344.00,688.00,344,344,6.00,6.00,12.00,6,6,0.00,0.00,0,0
1508120246,total,260452.00,266680.00,527132.00,266680,260452,286.00,292.00,578.00,292,286,0.00,0.00,0,0
1508120247,s1,0.00,0.00,0.00,0,0,0.00,0.00,0.00,0,0,0.00,0.00,0,0
1508120247,eth0,0.00,180.00,180.00,180,0,0.00,3.00,3.00,3,0,0.00,0.00,0,0
1508120247,s2,0.00,0.00,0.00,0,0,0.00,0.00,0.00,0,0,0.00,0.00,0,0
1508120247,s1-eth2,9768.00,254352.00,264120.00,254352,9768,126.00,168.00,294.00,168,126,0.00,0.00,0,0
1508120247,s1-eth1,250152.00,9768.00,259920.00,9768,250152,166.00,126.00,292.00,126,166,0.00,0.00,0,0
1508120247,s2-eth2,0.00,0.00,0.00,0,0,0.00,0.00,0.00,0,0,0.00,0.00,0,0
1508120247,s2-eth1,0.00,0.00,0.00,0,0,0.00,0.00,0.00,0,0,0.00,0.00,0,0
1508120247,lo,0.00,0.00,0.00,0,0,0.00,0.00,0.00,0,0,0.00,0.00,0,0
1508120247,total,259920.00,264300.00,524220.00,264300,259920,292.00,297.00,589.00,297,292,0.00,0.00,0,0
1508120248,s1,0.00,0.00,0.00,0,0,0.00,0.00,0.00,0,0,0.00,0.00,0,0
1508120248,eth0,0.00,0.00,0.00,0,0,0.00,0.00,0.00,0,0,0.00,0.00,0,0
1508120248,s2,0.00,0.00,0.00,0,0,0.00,0.00,0.00,0,0,0.00,0.00,0,0
1508120248,s1-eth2,8761.00,261922.00,270683.00,261922,8761,114.00,173.00,287.00,173,114,0.00,0.00,0,0
1508120248,s1-eth1,249917.00,8654.00,258571.00,8654,249917,166.00,113.00,279.00,113,166,0.00,0.00,0,0
1508120248,s2-eth2,107.00,0.00,107.00,0,107,1.00,0.00,1.00,0,1,0.00,0.00,0,0
1508120248,s2-eth1,0.00,0.00,0.00,0,0,0.00,0.00,0.00,0,0,0.00,0.00,0,0
1508120248,lo,0.00,0.00,0.00,0,0,0.00,0.00,0.00,0,0,0.00,0.00,0,0
1508120248,total,258785.00,270576.00,529361.00,270576,258785,281.00,286.00,567.00,286,281,0.00,0.00,0,0
1508120249,s1,0.00,0.00,0.00,0,0,0.00,0.00,0.00,0,0,0.00,0.00,0,0
1508120249,eth0,0.00,0.00,0.00,0,0,0.00,0.00,0.00,0,0,0.00,0.00,0,0
1508120249,s2,0.00,0.00,0.00,0,0,0.00,0.00,0.00,0,0,0.00,0.00,0,0
1508120249,s1-eth2,9908.09,254097.91,264006.00,254352,9918,128.87,167.83,296.70,168,129,0.00,0.00,0,0
1508120249,s1-eth1,249560.45,9908.09,259468.53,9918,249810,164.84,128.87,293.71,129,165,0.00,0.00,0,0
1508120249,s2-eth2,0.00,0.00,0.00,0,0,0.00,0.00,0.00,0,0,0.00,0.00,0,0
1508120249,s2-eth1,0.00,0.00,0.00,0,0,0.00,0.00,0.00,0,0,0.00,0.00,0,0
1508120249,lo,0.00,0.00,0.00,0,0,0.00,0.00,0.00,0,0,0.00,0.00,0,0
1508120249,total,259468.53,264006.00,523474.53,264270,259728,293.71,296.70,590.41,297,294,0.00,0.00,0,0
1508120250,s1,0.00,0.00,0.00,0,0,0.00,0.00,0.00,0,0,0.00,0.00,0,0
1508120250,eth0,0.00,0.00,0.00,0,0,0.00,0.00,0.00,0,0,0.00,0.00,0,0
1508120250,s2,0.00,0.00,0.00,0,0,0.00,0.00,0.00,0,0,0.00,0.00,0,0
1508120250,s1-eth2,10834.00,264950.00,275784.00,264950,10834,139.00,175.00,314.00,175,139,0.00,0.00,0,0
1508120250,s1-eth1,249810.00,10834.00,260644.00,10834,249810,165.00,139.00,304.00,139,165,0.00,0.00,0,0
1508120250,s2-eth2,342.00,0.00,342.00,0,342,1.00,0.00,1.00,0,1,0.00,0.00,0,0
1508120250,s2-eth1,0.00,0.00,0.00,0,0,0.00,0.00,0.00,0,0,0.00,0.00,0,0
1508120250,lo,0.00,0.00,0.00,0,0,0.00,0.00,0.00,0,0,0.00,0.00,0,0
1508120250,total,260986.00,275784.00,536770.00,275784,260986,305.00,314.00,619.00,314,305,0.00,0.00,0,0
1508120251,s1,0.00,0.00,0.00,0,0,0.00,0.00,0.00,0,0,0.00,0.00,0,0
1508120251,eth0,0.00,0.00,0.00,0,0,0.00,0.00,0.00,0,0,0.00,0.00,0,0
1508120251,s2,0.00,0.00,0.00,0,0,0.00,0.00,0.00,0,0,0.00,0.00,0,0
1508120251,s1-eth2,9630.00,254352.00,263982.00,254352,9630,121.00,168.00,289.00,168,121,0.00,0.00,0,0
1508120251,s1-eth1,249810.00,9288.00,259098.00,9288,249810,165.00,120.00,285.00,120,165,0.00,0.00,0,0
1508120251,s2-eth2,0.00,0.00,0.00,0,0,0.00,0.00,0.00,0,0,0.00,0.00,0,0
1508120251,s2-eth1,0.00,0.00,0.00,0,0,0.00,0.00,0.00,0,0,0.00,0.00,0,0
1508120251,lo,344.00,344.00,688.00,344,344,6.00,6.00,12.00,6,6,0.00,0.00,0,0
1508120251,total,259784.00,263984.00,523768.00,263984,259784,292.00,294.00,586.00,294,292,0.00,0.00,0,0
1508120252,s1,0.00,0.00,0.00,0,0,0.00,0.00,0.00,0,0,0.00,0.00,0,0
1508120252,eth0,0.00,0.00,0.00,0,0,0.00,0.00,0.00,0,0,0.00,0.00,0,0
1508120252,s2,0.00,0.00,0.00,0,0,0.00,0.00,0.00,0,0,0.00,0.00,0,0
1508120252,s1-eth2,8246.00,252838.00,261084.00,252838,8246,107.00,167.00,274.00,167,107,0.00,0.00,0,0
1508120252,s1-eth1,249810.00,8246.00,258056.00,8246,249810,165.00,107.00,272.00,107,165,0.00,0.00,0,0
1508120252,s2-eth2,0.00,0.00,0.00,0,0,0.00,0.00,0.00,0,0,0.00,0.00,0,0
1508120252,s2-eth1,0.00,0.00,0.00,0,0,0.00,0.00,0.00,0,0,0.00,0.00,0,0
1508120252,lo,0.00,0.00,0.00,0,0,0.00,0.00,0.00,0,0,0.00,0.00,0,0
1508120252,total,258056.00,261084.00,519140.00,261084,258056,272.00,274.00,546.00,274,272,0.00,0.00,0,0
1508120253,s1,0.00,0.00,0.00,0,0,0.00,0.00,0.00,0,0,0.00,0.00,0,0
1508120253,eth0,0.00,0.00,0.00,0,0,0.00,0.00,0.00,0,0,0.00,0.00,0,0
1508120253,s2,0.00,0.00,0.00,0,0,0.00,0.00,0.00,0,0,0.00,0.00,0,0
1508120253,s1-eth2,8490.00,263436.00,271926.00,263436,8490,111.00,174.00,285.00,174,111,0.00,0.00,0,0
1508120253,s1-eth1,249810.00,8490.00,258300.00,8490,249810,165.00,111.00,276.00,111,165,0.00,0.00,0,0
1508120253,s2-eth2,0.00,0.00,0.00,0,0,0.00,0.00,0.00,0,0,0.00,0.00,0,0
1508120253,s2-eth1,0.00,0.00,0.00,0,0,0.00,0.00,0.00,0,0,0.00,0.00,0,0
1508120253,lo,0.00,0.00,0.00,0,0,0.00,0.00,0.00,0,0,0.00,0.00,0,0
1508120253,total,258300.00,271926.00,530226.00,271926,258300,276.00,285.00,561.00,285,276,0.00,0.00,0,0
1508120254,s1,0.00,0.00,0.00,0,0,0.00,0.00,0.00,0,0,0.00,0.00,0,0
1508120254,eth0,0.00,120.00,120.00,120,0,0.00,2.00,2.00,2,0,0.00,0.00,0,0
1508120254,s2,0.00,0.00,0.00,0,0,0.00,0.00,0.00,0,0,0.00,0.00,0,0
1508120254,s1-eth2,9586.00,252838.00,262424.00,252838,9586,125.00,167.00,292.00,167,125,0.00,0.00,0,0
1508120254,s1-eth1,249810.00,9586.00,259396.00,9586,249810,165.00,125.00,290.00,125,165,0.00,0.00,0,0
1508120254,s2-eth2,0.00,0.00,0.00,0,0,0.00,0.00,0.00,0,0,0.00,0.00,0,0
1508120254,s2-eth1,342.00,0.00,342.00,0,342,1.00,0.00,1.00,0,1,0.00,0.00,0,0
1508120254,lo,0.00,0.00,0.00,0,0,0.00,0.00,0.00,0,0,0.00,0.00,0,0
1508120254,total,259738.00,262544.00,522282.00,262544,259738,291.00,294.00,585.00,294,291,0.00,0.00,0,0
1508120255,s1,0.00,0.00,0.00,0,0,0.00,0.00,0.00,0,0,0.00,0.00,0,0
1508120255,eth0,0.00,0.00,0.00,0,0,0.00,0.00,0.00,0,0,0.00,0.00,0,0
1508120255,s2,0.00,0.00,0.00,0,0,0.00,0.00,0.00,0,0,0.00,0.00,0,0
1508120255,s1-eth2,8214.00,257380.00,265594.00,257380,8214,107.00,170.00,277.00,170,107,0.00,0.00,0,0
1508120255,s1-eth1,249810.00,8300.00,258110.00,8300,249810,165.00,108.00,273.00,108,165,0.00,0.00,0,0
1508120255,s2-eth2,0.00,0.00,0.00,0,0,0.00,0.00,0.00,0,0,0.00,0.00,0,0
1508120255,s2-eth1,0.00,0.00,0.00,0,0,0.00,0.00,0.00,0,0,0.00,0.00,0,0
1508120255,lo,0.00,0.00,0.00,0,0,0.00,0.00,0.00,0,0,0.00,0.00,0,0
1508120255,total,258024.00,265680.00,523704.00,265680,258024,272.00,278.00,550.00,278,272,0.00,0.00,0,0
1508120256,s1,0.00,0.00,0.00,0,0,0.00,0.00,0.00,0,0,0.00,0.00,0,0
1508120256,eth0,0.00,0.00,0.00,0,0,0.00,0.00,0.00,0,0,0.00,0.00,0,0
1508120256,s2,0.00,0.00,0.00,0,0,0.00,0.00,0.00,0,0,0.00,0.00,0,0
1508120256,s1-eth2,10826.00,257380.00,268206.00,257380,10826,139.00,170.00,309.00,170,139,0.00,0.00,0,0
1508120256,s1-eth1,251324.00,10826.00,262150.00,10826,251324,166.00,139.00,305.00,139,166,0.00,0.00,0,0
1508120256,s2-eth2,0.00,0.00,0.00,0,0,0.00,0.00,0.00,0,0,0.00,0.00,0,0
1508120256,s2-eth1,0.00,0.00,0.00,0,0,0.00,0.00,0.00,0,0,0.00,0.00,0,0
1508120256,lo,344.00,344.00,688.00,344,344,6.00,6.00,12.00,6,6,0.00,0.00,0,0
1508120256,total,262494.00,268550.00,531044.00,268550,262494,311.00,315.00,626.00,315,311,0.00,0.00,0,0
1508120257,s1,0.00,0.00,0.00,0,0,0.00,0.00,0.00,0,0,0.00,0.00,0,0
1508120257,eth0,0.00,0.00,0.00,0,0,0.00,0.00,0.00,0,0,0.00,0.00,0,0
1508120257,s2,0.00,0.00,0.00,0,0,0.00,0.00,0.00,0,0,0.00,0.00,0,0
1508120257,s1-eth2,10126.00,261922.00,272048.00,261922,10126,131.00,173.00,304.00,173,131,0.00,0.00,0,0
1508120257,s1-eth1,249810.00,10040.00,259850.00,10040,249810,165.00,130.00,295.00,130,165,0.00,0.00,0,0
1508120257,s2-eth2,0.00,0.00,0.00,0,0,0.00,0.00,0.00,0,0,0.00,0.00,0,0
1508120257,s2-eth1,0.00,0.00,0.00,0,0,0.00,0.00,0.00,0,0,0.00,0.00,0,0
1508120257,lo,0.00,0.00,0.00,0,0,0.00,0.00,0.00,0,0,0.00,0.00,0,0
1508120257,total,259936.00,271962.00,531898.00,271962,259936,296.00,303.00,599.00,303,296,0.00,0.00,0,0
1508120258,s1,0.00,0.00,0.00,0,0,0.00,0.00,0.00,0,0,0.00,0.00,0,0
1508120258,eth0,0.00,0.00,0.00,0,0,0.00,0.00,0.00,0,0,0.00,0.00,0,0
1508120258,s2,0.00,0.00,0.00,0,0,0.00,0.00,0.00,0,0,0.00,0.00,0,0
1508120258,s1-eth2,7492.00,258894.00,266386.00,258894,7492,98.00,171.00,269.00,171,98,0.00,0.00,0,0
1508120258,s1-eth1,249810.00,7492.00,257302.00,7492,249810,165.00,98.00,263.00,98,165,0.00,0.00,0,0
1508120258,s2-eth2,0.00,0.00,0.00,0,0,0.00,0.00,0.00,0,0,0.00,0.00,0,0
1508120258,s2-eth1,0.00,0.00,0.00,0,0,0.00,0.00,0.00,0,0,0.00,0.00,0,0
1508120258,lo,0.00,0.00,0.00,0,0,0.00,0.00,0.00,0,0,0.00,0.00,0,0
1508120258,total,257302.00,266386.00,523688.00,266386,257302,263.00,269.00,532.00,269,263,0.00,0.00,0,0
1508120259,s1,0.00,0.00,0.00,0,0,0.00,0.00,0.00,0,0,0.00,0.00,0,0
1508120259,eth0,0.00,0.00,0.00,0,0,0.00,0.00,0.00,0,0,0.00,0.00,0,0
1508120259,s2,0.00,0.00,0.00,0,0,0.00,0.00,0.00,0,0,0.00,0.00,0,0
1508120259,s1-eth2,7764.00,254352.00,262116.00,254352,7764,102.00,168.00,270.00,168,102,0.00,0.00,0,0
1508120259,s1-eth1,249810.00,7764.00,257574.00,7764,249810,165.00,102.00,267.00,102,165,0.00,0.00,0,0
1508120259,s2-eth2,0.00,0.00,0.00,0,0,0.00,0.00,0.00,0,0,0.00,0.00,0,0
1508120259,s2-eth1,0.00,0.00,0.00,0,0,0.00,0.00,0.00,0,0,0.00,0.00,0,0
1508120259,lo,0.00,0.00,0.00,0,0,0.00,0.00,0.00,0,0,0.00,0.00,0,0
1508120259,total,257574.00,262116.00,519690.00,262116,257574,267.00,270.00,537.00,270,267,0.00,0.00,0,0
1508120260,s1,0.00,0.00,0.00,0,0,0.00,0.00,0.00,0,0,0.00,0.00,0,0
1508120260,eth0,0.00,0.00,0.00,0,0,0.00,0.00,0.00,0,0,0.00,0.00,0,0
1508120260,s2,0.00,0.00,0.00,0,0,0.00,0.00,0.00,0,0,0.00,0.00,0,0
1508120260,s1-eth2,9742.00,254352.00,264094.00,254352,9742,123.00,168.00,291.00,168,123,0.00,0.00,0,0
1508120260,s1-eth1,249810.00,9400.00,259210.00,9400,249810,165.00,122.00,287.00,122,165,0.00,0.00,0,0
1508120260,s2-eth2,0.00,0.00,0.00,0,0,0.00,0.00,0.00,0,0,0.00,0.00,0,0
1508120260,s2-eth1,0.00,0.00,0.00,0,0,0.00,0.00,0.00,0,0,0.00,0.00,0,0
1508120260,lo,0.00,0.00,0.00,0,0,0.00,0.00,0.00,0,0,0.00,0.00,0,0
1508120260,total,259552.00,263752.00,523304.00,263752,259552,288.00,290.00,578.00,290,288,0.00,0.00,0,0
1508120261,s1,0.00,0.00,0.00,0,0,0.00,0.00,0.00,0,0,0.00,0.00,0,0
1508120261,eth0,0.00,120.00,120.00,120,0,0.00,2.00,2.00,2,0,0.00,0.00,0,0
1508120261,s2,0.00,0.00,0.00,0,0,0.00,0.00,0.00,0,0,0.00,0.00,0,0
1508120261,s1-eth2,9426.00,255866.00,265292.00,255866,9426,123.00,169.00,292.00,169,123,0.00,0.00,0,0
1508120261,s1-eth1,249810.00,9426.00,259236.00,9426,249810,165.00,123.00,288.00,123,165,0.00,0.00,0,0
1508120261,s2-eth2,0.00,0.00,0.00,0,0,0.00,0.00,0.00,0,0,0.00,0.00,0,0
1508120261,s2-eth1,0.00,0.00,0.00,0,0,0.00,0.00,0.00,0,0,0.00,0.00,0,0
1508120261,lo,344.00,344.00,688.00,344,344,6.00,6.00,12.00,6,6,0.00,0.00,0,0
1508120261,total,259580.00,265756.00,525336.00,265756,259580,294.00,300.00,594.00,300,294,0.00,0.00,0,0
1508120262,s1,0.00,0.00,0.00,0,0,0.00,0.00,0.00,0,0,0.00,0.00,0,0
1508120262,eth0,0.00,60.00,60.00,60,0,0.00,1.00,1.00,1,0,0.00,0.00,0,0
1508120262,s2,0.00,0.00,0.00,0,0,0.00,0.00,0.00,0,0,0.00,0.00,0,0
1508120262,s1-eth2,9238.00,255866.00,265104.00,255866,9238,119.00,169.00,288.00,169,119,0.00,0.00,0,0
1508120262,s1-eth1,251324.00,9312.00,260636.00,9312,251324,166.00,120.00,286.00,120,166,0.00,0.00,0,0
1508120262,s2-eth2,0.00,0.00,0.00,0,0,0.00,0.00,0.00,0,0,0.00,0.00,0,0
1508120262,s2-eth1,0.00,0.00,0.00,0,0,0.00,0.00,0.00,0,0,0.00,0.00,0,0
1508120262,lo,0.00,0.00,0.00,0,0,0.00,0.00,0.00,0,0,0.00,0.00,0,0
1508120262,total,260562.00,265238.00,525800.00,265238,260562,285.00,290.00,575.00,290,285,0.00,0.00,0,0
1508120263,s1,0.00,0.00,0.00,0,0,0.00,0.00,0.00,0,0,0.00,0.00,0,0
1508120263,eth0,0.00,60.00,60.00,60,0,0.00,1.00,1.00,1,0,0.00,0.00,0,0
1508120263,s2,0.00,0.00,0.00,0,0,0.00,0.00,0.00,0,0,0.00,0.00,0,0
1508120263,s1-eth2,9904.00,260408.00,270312.00,260408,9904,128.00,172.00,300.00,172,128,0.00,0.00,0,0
1508120263,s1-eth1,248638.00,9830.00,258468.00,9830,248638,165.00,127.00,292.00,127,165,0.00,0.00,0,0
1508120263,s2-eth2,0.00,0.00,0.00,0,0,0.00,0.00,0.00,0,0,0.00,0.00,0,0
1508120263,s2-eth1,107.00,0.00,107.00,0,107,1.00,0.00,1.00,0,1,0.00,0.00,0,0
1508120263,lo,0.00,0.00,0.00,0,0,0.00,0.00,0.00,0,0,0.00,0.00,0,0
1508120263,total,258649.00,270298.00,528947.00,270298,258649,294.00,300.00,594.00,300,294,0.00,0.00,0,0
1508120264,s1,0.00,0.00,0.00,0,0,0.00,0.00,0.00,0,0,0.00,0.00,0,0
1508120264,eth0,0.00,0.00,0.00,0,0,0.00,0.00,0.00,0,0,0.00,0.00,0,0
1508120264,s2,0.00,0.00,0.00,0,0,0.00,0.00,0.00,0,0,0.00,0.00,0,0
1508120264,s1-eth2,7695.00,254352.00,262047.00,254352,7695,101.00,168.00,269.00,168,101,0.00,0.00,0,0
1508120264,s1-eth1,249917.00,7682.00,257599.00,7682,249917,166.00,101.00,267.00,101,166,0.00,0.00,0,0
1508120264,s2-eth2,107.00,0.00,107.00,0,107,1.00,0.00,1.00,0,1,0.00,0.00,0,0
1508120264,s2-eth1,0.00,0.00,0.00,0,0,0.00,0.00,0.00,0,0,0.00,0.00,0,0
1508120264,lo,0.00,0.00,0.00,0,0,0.00,0.00,0.00,0,0,0.00,0.00,0,0
1508120264,total,257719.00,262034.00,519753.00,262034,257719,268.00,269.00,537.00,269,268,0.00,0.00,0,0
1508120265,s1,0.00,0.00,0.00,0,0,0.00,0.00,0.00,0,0,0.00,0.00,0,0
1508120265,eth0,0.00,59.94,59.94,60,0,0.00,1.00,1.00,1,0,0.00,0.00,0,0
1508120265,s2,0.00,0.00,0.00,0,0,0.00,0.00,0.00,0,0,0.00,0.00,0,0
1508120265,s1-eth2,10409.59,263172.84,273582.44,263436,10420,133.87,173.83,307.69,174,134,0.00,0.00,0,0
1508120265,s1-eth1,251072.94,10315.68,261388.62,10326,251324,165.83,132.87,298.70,133,166,0.00,0.00,0,0
1508120265,s2-eth2,0.00,0.00,0.00,0,0,0.00,0.00,0.00,0,0,0.00,0.00,0,0
1508120265,s2-eth1,0.00,0.00,0.00,0,0,0.00,0.00,0.00,0,0,0.00,0.00,0,0
1508120265,lo,0.00,0.00,0.00,0,0,0.00,0.00,0.00,0,0,0.00,0.00,0,0
1508120265,total,261482.53,273548.47,535031.00,273822,261744,299.70,307.69,607.39,308,300,0.00,0.00,0,0
1508120266,s1,0.00,0.00,0.00,0,0,0.00,0.00,0.00,0,0,0.00,0.00,0,0
1508120266,eth0,0.00,0.00,0.00,0,0,0.00,0.00,0.00,0,0,0.00,0.00,0,0
1508120266,s2,0.00,0.00,0.00,0,0,0.00,0.00,0.00,0,0,0.00,0.00,0,0
1508120266,s1-eth2,10440.00,263436.00,273876.00,263436,10440,134.00,174.00,308.00,174,134,0.00,0.00,0,0
1508120266,s1-eth1,249810.00,10440.00,260250.00,10440,249810,165.00,134.00,299.00,134,165,0.00,0.00,0,0
1508120266,s2-eth2,0.00,0.00,0.00,0,0,0.00,0.00,0.00,0,0,0.00,0.00,0,0
1508120266,s2-eth1,342.00,0.00,342.00,0,342,1.00,0.00,1.00,0,1,0.00,0.00,0,0
1508120266,lo,344.00,344.00,688.00,344,344,6.00,6.00,12.00,6,6,0.00,0.00,0,0
1508120266,total,260936.00,274220.00,535156.00,274220,260936,306.00,314.00,620.00,314,306,0.00,0.00,0,0
1508120267,s1,0.00,0.00,0.00,0,0,0.00,0.00,0.00,0,0,0.00,0.00,0,0
1508120267,eth0,0.00,0.00,0.00,0,0,0.00,0.00,0.00,0,0,0.00,0.00,0,0
1508120267,s2,0.00,0.00,0.00,0,0,0.00,0.00,0.00,0,0,0.00,0.00,0,0
1508120267,s1-eth2,8583.42,229898.11,238481.53,230128,8592,109.89,151.85,261.74,152,110,0.00,0.00,0,0
1508120267,s1-eth1,226873.14,8583.42,235456.55,8592,227100,149.85,109.89,259.74,110,150,0.00,0.00,0,0
1508120267,s2-eth2,0.00,0.00,0.00,0,0,0.00,0.00,0.00,0,0,0.00,0.00,0,0
1508120267,s2-eth1,0.00,0.00,0.00,0,0,0.00,0.00,0.00,0,0,0.00,0.00,0,0
1508120267,lo,0.00,0.00,0.00,0,0,0.00,0.00,0.00,0,0,0.00,0.00,0,0
1508120267,total,235456.55,238481.53,473938.06,238720,235692,259.74,261.74,521.48,262,260,0.00,0.00,0,0
1508120268,s1,0.00,0.00,0.00,0,0,0.00,0.00,0.00,0,0,0.00,0.00,0,0
1508120268,eth0,0.00,120.00,120.00,120,0,0.00,2.00,2.00,2,0,0.00,0.00,0,0
1508120268,s2,0.00,0.00,0.00,0,0,0.00,0.00,0.00,0,0,0.00,0.00,0,0
1508120268,s1-eth2,7468.00,221044.00,228512.00,221044,7468,98.00,146.00,244.00,146,98,0.00,0.00,0,0
1508120268,s1-eth1,213474.00,7468.00,220942.00,7468,213474,141.00,98.00,239.00,98,141,0.00,0.00,0,0
1508120268,s2-eth2,0.00,0.00,0.00,0,0,0.00,0.00,0.00,0,0,0.00,0.00,0,0
1508120268,s2-eth1,0.00,0.00,0.00,0,0,0.00,0.00,0.00,0,0,0.00,0.00,0,0
1508120268,lo,0.00,0.00,0.00,0,0,0.00,0.00,0.00,0,0,0.00,0.00,0,0
1508120268,total,220942.00,228632.00,449574.00,228632,220942,239.00,246.00,485.00,246,239,0.00,0.00,0,0
1508120269,s1,0.00,0.00,0.00,0,0,0.00,0.00,0.00,0,0,0.00,0.00,0,0
1508120269,eth0,0.00,0.00,0.00,0,0,0.00,0.00,0.00,0,0,0.00,0.00,0,0
1508120269,s2,0.00,0.00,0.00,0,0,0.00,0.00,0.00,0,0,0.00,0.00,0,0
1508120269,s1-eth2,8996.00,263436.00,272432.00,263436,8996,116.00,174.00,290.00,174,116,0.00,0.00,0,0
1508120269,s1-eth1,249810.00,8996.00,258806.00,8996,249810,165.00,116.00,281.00,116,165,0.00,0.00,0,0
1508120269,s2-eth2,342.00,0.00,342.00,0,342,1.00,0.00,1.00,0,1,0.00,0.00,0,0
1508120269,s2-eth1,0.00,0.00,0.00,0,0,0.00,0.00,0.00,0,0,0.00,0.00,0,0
1508120269,lo,0.00,0.00,0.00,0,0,0.00,0.00,0.00,0,0,0.00,0.00,0,0
1508120269,total,259148.00,272432.00,531580.00,272432,259148,282.00,290.00,572.00,290,282,0.00,0.00,0,0
1508120270,s1,0.00,0.00,0.00,0,0,0.00,0.00,0.00,0,0,0.00,0.00,0,0
1508120270,eth0,0.00,0.00,0.00,0,0,0.00,0.00,0.00,0,0,0.00,0.00,0,0
1508120270,s2,0.00,0.00,0.00,0,0,0.00,0.00,0.00,0,0,0.00,0.00,0,0
1508120270,s1-eth2,9042.00,255866.00,264908.00,255866,9042,117.00,169.00,286.00,169,117,0.00,0.00,0,0
1508120270,s1-eth1,248296.00,9128.00,257424.00,9128,248296,164.00,118.00,282.00,118,164,0.00,0.00,0,0
1508120270,s2-eth2,0.00,0.00,0.00,0,0,0.00,0.00,0.00,0,0,0.00,0.00,0,0
1508120270,s2-eth1,0.00,0.00,0.00,0,0,0.00,0.00,0.00,0,0,0.00,0.00,0,0
1508120270,lo,0.00,0.00,0.00,0,0,0.00,0.00,0.00,0,0,0.00,0.00,0,0
1508120270,total,257338.00,264994.00,522332.00,264994,257338,281.00,287.00,568.00,287,281,0.00,0.00,0,0
1508120271,s1,0.00,0.00,0.00,0,0,0.00,0.00,0.00,0,0,0.00,0.00,0,0
1508120271,eth0,0.00,0.00,0.00,0,0,0.00,0.00,0.00,0,0,0.00,0.00,0,0
1508120271,s2,0.00,0.00,0.00,0,0,0.00,0.00,0.00,0,0,0.00,0.00,0,0
1508120271,s1-eth2,9808.19,257122.89,266931.06,257380,9818,126.87,169.83,296.70,170,127,0.00,0.00,0,0
1508120271,s1-eth1,248047.95,9722.28,257770.23,9732,248296,163.84,125.87,289.71,126,164,0.00,0.00,0,0
1508120271,s2-eth2,0.00,0.00,0.00,0,0,0.00,0.00,0.00,0,0,0.00,0.00,0,0
1508120271,s2-eth1,0.00,0.00,0.00,0,0,0.00,0.00,0.00,0,0,0.00,0.00,0,0
1508120271,lo,343.66,343.66,687.31,344,344,5.99,5.99,11.99,6,6,0.00,0.00,0,0
1508120271,total,258199.81,267188.81,525388.62,267456,258458,296.70,301.70,598.40,302,297,0.00,0.00,0,0
1508120272,s1,0.00,0.00,0.00,0,0,0.00,0.00,0.00,0,0,0.00,0.00,0,0
1508120272,eth0,0.00,0.00,0.00,0,0,0.00,0.00,0.00,0,0,0.00,0.00,0,0
1508120272,s2,0.00,0.00,0.00,0,0,0.00,0.00,0.00,0,0,0.00,0.00,0,0
1508120272,s1-eth2,10139.86,257122.89,267262.75,257380,10150,130.87,169.83,300.70,170,131,0.00,0.00,0,0
1508120272,s1-eth1,249560.45,10213.79,259774.23,10224,249810,164.84,131.87,296.70,132,165,0.00,0.00,0,0
1508120272,s2-eth2,0.00,0.00,0.00,0,0,0.00,0.00,0.00,0,0,0.00,0.00,0,0
1508120272,s2-eth1,0.00,0.00,0.00,0,0,0.00,0.00,0.00,0,0,0.00,0.00,0,0
1508120272,lo,0.00,0.00,0.00,0,0,0.00,0.00,0.00,0,0,0.00,0.00,0,0
1508120272,total,259960.00,267604.00,527564.00,267604,259960,296.00,302.00,598.00,302,296,0.00,0.00,0,0
1508120273,s1,0.00,0.00,0.00,0,0,0.00,0.00,0.00,0,0,0.00,0.00,0,0
1508120273,eth0,0.00,0.00,0.00,0,0,0.00,0.00,0.00,0,0,0.00,0.00,0,0
1508120273,s2,0.00,0.00,0.00,0,0,0.00,0.00,0.00,0,0,0.00,0.00,0,0
1508120273,s1-eth2,8516.00,258894.00,267410.00,258894,8516,112.00,171.00,283.00,171,112,0.00,0.00,0,0
1508120273,s1-eth1,250152.00,8442.00,258594.00,8442,250152,166.00,111.00,277.00,111,166,0.00,0.00,0,0
1508120273,s2-eth2,0.00,0.00,0.00,0,0,0.00,0.00,0.00,0,0,0.00,0.00,0,0
1508120273,s2-eth1,0.00,0.00,0.00,0,0,0.00,0.00,0.00,0,0,0.00,0.00,0,0
1508120273,lo,0.00,0.00,0.00,0,0,0.00,0.00,0.00,0,0,0.00,0.00,0,0
1508120273,total,258668.00,267336.00,526004.00,267336,258668,278.00,282.00,560.00,282,278,0.00,0.00,0,0
1508120274,s1,0.00,0.00,0.00,0,0,0.00,0.00,0.00,0,0,0.00,0.00,0,0
1508120274,eth0,0.00,1464.00,1464.00,1464,0,0.00,4.00,4.00,4,0,0.00,0.00,0,0
1508120274,s2,0.00,0.00,0.00,0,0,0.00,0.00,0.00,0,0,0.00,0.00,0,0
1508120274,s1-eth2,8268.00,255866.00,264134.00,255866,8268,108.00,169.00,277.00,169,108,0.00,0.00,0,0
1508120274,s1-eth1,249810.00,8268.00,258078.00,8268,249810,165.00,108.00,273.00,108,165,0.00,0.00,0,0
1508120274,s2-eth2,0.00,0.00,0.00,0,0,0.00,0.00,0.00,0,0,0.00,0.00,0,0
1508120274,s2-eth1,0.00,0.00,0.00,0,0,0.00,0.00,0.00,0,0,0.00,0.00,0,0
1508120274,lo,0.00,0.00,0.00,0,0,0.00,0.00,0.00,0,0,0.00,0.00,0,0
1508120274,total,258078.00,265598.00,523676.00,265598,258078,273.00,281.00,554.00,281,273,0.00,0.00,0,0
1508120275,s1,0.00,0.00,0.00,0,0,0.00,0.00,0.00,0,0,0.00,0.00,0,0
1508120275,eth0,0.00,120.00,120.00,120,0,0.00,2.00,2.00,2,0,0.00,0.00,0,0
1508120275,s2,0.00,0.00,0.00,0,0,0.00,0.00,0.00,0,0,0.00,0.00,0,0
1508120275,s1-eth2,6854.00,256820.00,263674.00,256820,6854,91.00,170.00,261.00,170,91,0.00,0.00,0,0
1508120275,s1-eth1,249250.00,6854.00,256104.00,6854,249250,165.00,91.00,256.00,91,165,0.00,0.00,0,0
1508120275,s2-eth2,0.00,0.00,0.00,0,0,0.00,0.00,0.00,0,0,0.00,0.00,0,0
1508120275,s2-eth1,0.00,0.00,0.00,0,0,0.00,0.00,0.00,0,0,0.00,0.00,0,0
1508120275,lo,0.00,0.00,0.00,0,0,0.00,0.00,0.00,0,0,0.00,0.00,0,0
1508120275,total,256104.00,263794.00,519898.00,263794,256104,256.00,263.00,519.00,263,256,0.00,0.00,0,0
1508120276,s1,0.00,0.00,0.00,0,0,0.00,0.00,0.00,0,0,0.00,0.00,0,0
1508120276,eth0,0.00,172.00,172.00,172,0,0.00,2.00,2.00,2,0,0.00,0.00,0,0
1508120276,s2,0.00,0.00,0.00,0,0,0.00,0.00,0.00,0,0,0.00,0.00,0,0
1508120276,s1-eth2,8112.00,249852.00,257964.00,249852,8112,106.00,166.00,272.00,166,106,0.00,0.00,0,0
1508120276,s1-eth1,251366.00,8186.00,259552.00,8186,251366,167.00,107.00,274.00,107,167,0.00,0.00,0,0
1508120276,s2-eth2,0.00,0.00,0.00,0,0,0.00,0.00,0.00,0,0,0.00,0.00,0,0
1508120276,s2-eth1,0.00,0.00,0.00,0,0,0.00,0.00,0.00,0,0,0.00,0.00,0,0
1508120276,lo,640.00,640.00,1280.00,640,640,9.00,9.00,18.00,9,9,0.00,0.00,0,0
1508120276,total,260118.00,258850.00,518968.00,258850,260118,282.00,284.00,566.00,284,282,0.00,0.00,0,0
1508120277,s1,0.00,0.00,0.00,0,0,0.00,0.00,0.00,0,0,0.00,0.00,0,0
1508120277,eth0,0.00,0.00,0.00,0,0,0.00,0.00,0.00,0,0,0.00,0.00,0,0
1508120277,s2,0.00,0.00,0.00,0,0,0.00,0.00,0.00,0,0,0.00,0.00,0,0
1508120277,s1-eth2,8956.00,254352.00,263308.00,254352,8956,114.00,168.00,282.00,168,114,0.00,0.00,0,0
1508120277,s1-eth1,248296.00,8956.00,257252.00,8956,248296,164.00,114.00,278.00,114,164,0.00,0.00,0,0
1508120277,s2-eth2,0.00,0.00,0.00,0,0,0.00,0.00,0.00,0,0,0.00,0.00,0,0
1508120277,s2-eth1,0.00,0.00,0.00,0,0,0.00,0.00,0.00,0,0,0.00,0.00,0,0
1508120277,lo,0.00,0.00,0.00,0,0,0.00,0.00,0.00,0,0,0.00,0.00,0,0
1508120277,total,257252.00,263308.00,520560.00,263308,257252,278.00,282.00,560.00,282,278,0.00,0.00,0,0
1508120278,s1,0.00,0.00,0.00,0,0,0.00,0.00,0.00,0,0,0.00,0.00,0,0
1508120278,eth0,0.00,0.00,0.00,0,0,0.00,0.00,0.00,0,0,0.00,0.00,0,0
1508120278,s2,0.00,0.00,0.00,0,0,0.00,0.00,0.00,0,0,0.00,0.00,0,0
1508120278,s1-eth2,10740.00,258894.00,269634.00,258894,10740,138.00,171.00,309.00,171,138,0.00,0.00,0,0
1508120278,s1-eth1,246782.00,10666.00,257448.00,10666,246782,163.00,137.00,300.00,137,163,0.00,0.00,0,0
1508120278,s2-eth2,0.00,0.00,0.00,0,0,0.00,0.00,0.00,0,0,0.00,0.00,0,0
1508120278,s2-eth1,0.00,0.00,0.00,0,0,0.00,0.00,0.00,0,0,0.00,0.00,0,0
1508120278,lo,0.00,0.00,0.00,0,0,0.00,0.00,0.00,0,0,0.00,0.00,0,0
1508120278,total,257522.00,269560.00,527082.00,269560,257522,301.00,308.00,609.00,308,301,0.00,0.00,0,0
1508120279,s1,0.00,0.00,0.00,0,0,0.00,0.00,0.00,0,0,0.00,0.00,0,0
1508120279,eth0,728.00,706.00,1434.00,706,728,8.00,6.00,14.00,6,8,0.00,0.00,0,0
1508120279,s2,0.00,0.00,0.00,0,0,0.00,0.00,0.00,0,0,0.00,0.00,0,0
1508120279,s1-eth2,9056.00,255866.00,264922.00,255866,9056,118.00,169.00,287.00,169,118,0.00,0.00,0,0
1508120279,s1-eth1,250340.00,9056.00,259396.00,9056,250340,168.00,118.00,286.00,118,168,0.00,0.00,0,0
1508120279,s2-eth2,0.00,0.00,0.00,0,0,0.00,0.00,0.00,0,0,0.00,0.00,0,0
1508120279,s2-eth1,562.00,0.00,562.00,0,562,3.00,0.00,3.00,0,3,0.00,0.00,0,0
1508120279,lo,682.00,682.00,1364.00,682,682,8.00,8.00,16.00,8,8,0.00,0.00,0,0
1508120279,total,261368.00,266310.00,527678.00,266310,261368,305.00,301.00,606.00,301,305,0.00,0.00,0,0
1508120280,s1,0.00,0.00,0.00,0,0,0.00,0.00,0.00,0,0,0.00,0.00,0,0
1508120280,eth0,608.00,980.00,1588.00,980,608,8.00,8.00,16.00,8,8,0.00,0.00,0,0
1508120280,s2,0.00,0.00,0.00,0,0,0.00,0.00,0.00,0,0,0.00,0.00,0,0
1508120280,s1-eth2,10212.00,261922.00,272134.00,261922,10212,128.00,173.00,301.00,173,128,0.00,0.00,0,0
1508120280,s1-eth1,249730.00,9760.00,259490.00,9760,249730,173.00,126.00,299.00,126,173,0.00,0.00,0,0
1508120280,s2-eth2,640.00,0.00,640.00,0,640,4.00,0.00,4.00,0,4,0.00,0.00,0,0
1508120280,s2-eth1,78.00,0.00,78.00,0,78,1.00,0.00,1.00,0,1,0.00,0.00,0,0
1508120280,lo,1364.00,1364.00,2728.00,1364,1364,16.00,16.00,32.00,16,16,0.00,0.00,0,0
1508120280,total,262632.00,274026.00,536658.00,274026,262632,330.00,323.00,653.00,323,330,0.00,0.00,0,0
1508120281,s1,0.00,0.00,0.00,0,0,0.00,0.00,0.00,0,0,0.00,0.00,0,0
1508120281,eth0,151.85,304.70,456.54,305,152,2.00,3.00,5.00,3,2,0.00,0.00,0,0
1508120281,s2,0.00,0.00,0.00,0,0,0.00,0.00,0.00,0,0,0.00,0.00,0,0
1508120281,s1-eth2,10683.32,258635.38,269318.69,258894,10694,136.86,170.83,307.69,171,137,0.00,0.00,0,0
1508120281,s1-eth1,249013.00,10495.50,259508.50,10506,249262,167.83,134.87,302.70,135,168,0.00,0.00,0,0
1508120281,s2-eth2,888.11,0.00,888.11,0,889,5.99,0.00,5.99,0,6,0.00,0.00,0,0
1508120281,s2-eth1,2445.55,0.00,2445.55,0,2448,11.99,0.00,11.99,0,12,0.00,0.00,0,0
1508120281,lo,684.32,684.32,1368.63,685,685,9.99,9.99,19.98,10,10,0.00,0.00,0,0
1508120281,total,263866.16,270119.88,533986.00,270390,264130,334.67,318.68,653.35,319,335,0.00,0.00,0,0
1508120282,s1,0.00,0.00,0.00,0,0,0.00,0.00,0.00,0,0,0.00,0.00,0,0
1508120282,eth0,152.00,425.00,577.00,425,152,2.00,5.00,7.00,5,2,0.00,0.00,0,0
1508120282,s2,0.00,0.00,0.00,0,0,0.00,0.00,0.00,0,0,0.00,0.00,0,0
1508120282,s1-eth2,11564.00,260408.00,271972.00,260408,11564,134.00,172.00,306.00,172,134,0.00,0.00,0,0
1508120282,s1-eth1,250479.00,9458.00,259937.00,9458,250479,167.00,123.00,290.00,123,167,0.00,0.00,0,0
1508120282,s2-eth2,1511.00,0.00,1511.00,0,1511,7.00,0.00,7.00,0,7,0.00,0.00,0,0
1508120282,s2-eth1,621.00,0.00,621.00,0,621,3.00,0.00,3.00,0,3,0.00,0.00,0,0
1508120282,lo,341.00,341.00,682.00,341,341,4.00,4.00,8.00,4,4,0.00,0.00,0,0
1508120282,total,264668.00,270632.00,535300.00,270632,264668,317.00,304.00,621.00,304,317,0.00,0.00,0,0
1508120283,s1,0.00,0.00,0.00,0,0,0.00,0.00,0.00,0,0,0.00,0.00,0,0
1508120283,eth0,152.00,245.00,397.00,245,152,2.00,2.00,4.00,2,2,0.00,0.00,0,0
1508120283,s2,0.00,0.00,0.00,0,0,0.00,0.00,0.00,0,0,0.00,0.00,0,0
1508120283,s1-eth2,9525.00,255866.00,265391.00,255866,9525,115.00,169.00,284.00,169,115,0.00,0.00,0,0
1508120283,s1-eth1,250184.00,8562.00,258746.00,8562,250184,167.00,111.00,278.00,111,167,0.00,0.00,0,0
1508120283,s2-eth2,669.00,0.00,669.00,0,669,2.00,0.00,2.00,0,2,0.00,0.00,0,0
1508120283,s2-eth1,0.00,0.00,0.00,0,0,0.00,0.00,0.00,0,0,0.00,0.00,0,0
1508120283,lo,341.00,341.00,682.00,341,341,4.00,4.00,8.00,4,4,0.00,0.00,0,0
1508120283,total,260871.00,265014.00,525885.00,265014,260871,290.00,286.00,576.00,286,290,0.00,0.00,0,0
1508120284,s1,0.00,0.00,0.00,0,0,0.00,0.00,0.00,0,0,0.00,0.00,0,0
1508120284,eth0,0.00,0.00,0.00,0,0,0.00,0.00,0.00,0,0,0.00,0.00,0,0
1508120284,s2,0.00,0.00,0.00,0,0,0.00,0.00,0.00,0,0,0.00,0.00,0,0
1508120284,s1-eth2,8348.00,260408.00,268756.00,260408,8348,108.00,172.00,280.00,172,108,0.00,0.00,0,0
1508120284,s1-eth1,250207.00,8348.00,258555.00,8348,250207,167.00,108.00,275.00,108,167,0.00,0.00,0,0
1508120284,s2-eth2,107.00,0.00,107.00,0,107,1.00,0.00,1.00,0,1,0.00,0.00,0,0
1508120284,s2-eth1,716.00,0.00,716.00,0,716,3.00,0.00,3.00,0,3,0.00,0.00,0,0
1508120284,lo,0.00,0.00,0.00,0,0,0.00,0.00,0.00,0,0,0.00,0.00,0,0
1508120284,total,259378.00,268756.00,528134.00,268756,259378,279.00,280.00,559.00,280,279,0.00,0.00,0,0
1508120285,s1,0.00,0.00,0.00,0,0,0.00,0.00,0.00,0,0,0.00,0.00,0,0
1508120285,eth0,0.00,421.58,421.58,422,0,0.00,2.00,2.00,2,0,0.00,0.00,0,0
1508120285,s2,0.00,0.00,0.00,0,0,0.00,0.00,0.00,0,0,0.00,0.00,0,0
1508120285,s1-eth2,9477.52,252585.42,262062.94,252838,9487,117.88,166.83,284.72,167,118,0.00,0.00,0,0
1508120285,s1-eth1,249560.45,8777.22,258337.67,8786,249810,164.84,114.89,279.72,115,165,0.00,0.00,0,0
1508120285,s2-eth2,663.34,0.00,663.34,0,664,3.00,0.00,3.00,0,3,0.00,0.00,0,0
1508120285,s2-eth1,396.60,0.00,396.60,0,397,2.00,0.00,2.00,0,2,0.00,0.00,0,0
1508120285,lo,0.00,0.00,0.00,0,0,0.00,0.00,0.00,0,0,0.00,0.00,0,0
1508120285,total,260097.91,261784.22,521882.12,262046,260358,287.71,283.72,571.43,284,288,0.00,0.00,0,0
1508120286,s1,0.00,0.00,0.00,0,0,0.00,0.00,0.00,0,0,0.00,0.00,0,0
1508120286,eth0,60.00,60.00,120.00,60,60,1.00,1.00,2.00,1,1,0.00,0.00,0,0
1508120286,s2,0.00,0.00,0.00,0,0,0.00,0.00,0.00,0,0,0.00,0.00,0,0
1508120286,s1-eth2,9336.00,257380.00,266716.00,257380,9336,120.00,170.00,290.00,170,120,0.00,0.00,0,0
1508120286,s1-eth1,249810.00,9266.00,259076.00,9266,249810,165.00,119.00,284.00,119,165,0.00,0.00,0,0
1508120286,s2-eth2,0.00,0.00,0.00,0,0,0.00,0.00,0.00,0,0,0.00,0.00,0,0
1508120286,s2-eth1,0.00,0.00,0.00,0,0,0.00,0.00,0.00,0,0,0.00,0.00,0,0
1508120286,lo,344.00,344.00,688.00,344,344,6.00,6.00,12.00,6,6,0.00,0.00,0,0
1508120286,total,259550.00,267050.00,526600.00,267050,259550,292.00,296.00,588.00,296,292,0.00,0.00,0,0
1508120287,s1,0.00,0.00,0.00,0,0,0.00,0.00,0.00,0,0,0.00,0.00,0,0
1508120287,eth0,0.00,0.00,0.00,0,0,0.00,0.00,0.00,0,0,0.00,0.00,0,0
1508120287,s2,0.00,0.00,0.00,0,0,0.00,0.00,0.00,0,0,0.00,0.00,0,0
1508120287,s1-eth2,8524.00,258894.00,267418.00,258894,8524,108.00,171.00,279.00,171,108,0.00,0.00,0,0
1508120287,s1-eth1,250259.00,8182.00,258441.00,8182,250259,167.00,107.00,274.00,107,167,0.00,0.00,0,0
1508120287,s2-eth2,0.00,0.00,0.00,0,0,0.00,0.00,0.00,0,0,0.00,0.00,0,0
1508120287,s2-eth1,0.00,0.00,0.00,0,0,0.00,0.00,0.00,0,0,0.00,0.00,0,0
1508120287,lo,0.00,0.00,0.00,0,0,0.00,0.00,0.00,0,0,0.00,0.00,0,0
1508120287,total,258783.00,267076.00,525859.00,267076,258783,275.00,278.00,553.00,278,275,0.00,0.00,0,0
1508120288,s1,0.00,0.00,0.00,0,0,0.00,0.00,0.00,0,0,0.00,0.00,0,0
1508120288,eth0,0.00,180.00,180.00,180,0,0.00,3.00,3.00,3,0,0.00,0.00,0,0
1508120288,s2,0.00,0.00,0.00,0,0,0.00,0.00,0.00,0,0,0.00,0.00,0,0
1508120288,s1-eth2,9166.00,258894.00,268060.00,258894,9166,119.00,171.00,290.00,171,119,0.00,0.00,0,0
1508120288,s1-eth1,249880.00,9166.00,259046.00,9166,249880,166.00,119.00,285.00,119,166,0.00,0.00,0,0
1508120288,s2-eth2,107.00,0.00,107.00,0,107,1.00,0.00,1.00,0,1,0.00,0.00,0,0
1508120288,s2-eth1,107.00,0.00,107.00,0,107,1.00,0.00,1.00,0,1,0.00,0.00,0,0
1508120288,lo,0.00,0.00,0.00,0,0,0.00,0.00,0.00,0,0,0.00,0.00,0,0
1508120288,total,259260.00,268240.00,527500.00,268240,259260,287.00,293.00,580.00,293,287,0.00,0.00,0,0
1508120289,s1,0.00,0.00,0.00,0,0,0.00,0.00,0.00,0,0,0.00,0.00,0,0
1508120289,eth0,0.00,0.00,0.00,0,0,0.00,0.00,0.00,0,0,0.00,0.00,0,0
1508120289,s2,0.00,0.00,0.00,0,0,0.00,0.00,0.00,0,0,0.00,0.00,0,0
1508120289,s1-eth2,9137.00,255866.00,265003.00,255866,9137,118.00,169.00,287.00,169,118,0.00,0.00,0,0
1508120289,s1-eth1,249810.00,9030.00,258840.00,9030,249810,165.00,117.00,282.00,117,165,0.00,0.00,0,0
1508120289,s2-eth2,412.00,0.00,412.00,0,412,2.00,0.00,2.00,0,2,0.00,0.00,0,0
1508120289,s2-eth1,70.00,0.00,70.00,0,70,1.00,0.00,1.00,0,1,0.00,0.00,0,0
1508120289,lo,0.00,0.00,0.00,0,0,0.00,0.00,0.00,0,0,0.00,0.00,0,0
1508120289,total,259429.00,264896.00,524325.00,264896,259429,286.00,286.00,572.00,286,286,0.00,0.00,0,0
1508120290,s1,0.00,0.00,0.00,0,0,0.00,0.00,0.00,0,0,0.00,0.00,0,0
1508120290,eth0,0.00,0.00,0.00,0,0,0.00,0.00,0.00,0,0,0.00,0.00,0,0
1508120290,s2,0.00,0.00,0.00,0,0,0.00,0.00,0.00,0,0,0.00,0.00,0,0
1508120290,s1-eth2,10023.98,252585.42,262609.41,252838,10034,128.87,166.83,295.70,167,129,0.00,0.00,0,0
1508120290,s1-eth1,241998.02,10027.97,252025.98,10038,242240,159.84,128.87,288.71,129,160,0.00,0.00,0,0
1508120290,s2-eth2,0.00,0.00,0.00,0,0,0.00,0.00,0.00,0,0,0.00,0.00,0,0
1508120290,s2-eth1,341.66,0.00,341.66,0,342,1.00,0.00,1.00,0,1,0.00,0.00,0,0
1508120290,lo,0.00,0.00,0.00,0,0,0.00,0.00,0.00,0,0,0.00,0.00,0,0
1508120290,total,252363.64,262613.41,514977.03,262876,252616,289.71,295.70,585.41,296,290,0.00,0.00,0,0
1508120291,s1,0.00,0.00,0.00,0,0,0.00,0.00,0.00,0,0,0.00,0.00,0,0
1508120291,eth0,0.00,0.00,0.00,0,0,0.00,0.00,0.00,0,0,0.00,0.00,0,0
1508120291,s2,0.00,0.00,0.00,0,0,0.00,0.00,0.00,0,0,0.00,0.00,0,0
1508120291,s1-eth2,8860.00,255866.00,264726.00,255866,8860,116.00,169.00,285.00,169,116,0.00,0.00,0,0
1508120291,s1-eth1,251324.00,8786.00,260110.00,8786,251324,166.00,115.00,281.00,115,166,0.00,0.00,0,0
1508120291,s2-eth2,0.00,0.00,0.00,0,0,0.00,0.00,0.00,0,0,0.00,0.00,0,0
1508120291,s2-eth1,0.00,0.00,0.00,0,0,0.00,0.00,0.00,0,0,0.00,0.00,0,0
1508120291,lo,344.00,344.00,688.00,344,344,6.00,6.00,12.00,6,6,0.00,0.00,0,0
1508120291,total,260528.00,264996.00,525524.00,264996,260528,288.00,290.00,578.00,290,288,0.00,0.00,0,0
1508120292,s1,0.00,0.00,0.00,0,0,0.00,0.00,0.00,0,0,0.00,0.00,0,0
1508120292,eth0,0.00,0.00,0.00,0,0,0.00,0.00,0.00,0,0,0.00,0.00,0,0
1508120292,s2,0.00,0.00,0.00,0,0,0.00,0.00,0.00,0,0,0.00,0.00,0,0
1508120292,s1-eth2,7764.00,255866.00,263630.00,255866,7764,102.00,169.00,271.00,169,102,0.00,0.00,0,0
1508120292,s1-eth1,249810.00,7764.00,257574.00,7764,249810,165.00,102.00,267.00,102,165,0.00,0.00,0,0
1508120292,s2-eth2,0.00,0.00,0.00,0,0,0.00,0.00,0.00,0,0,0.00,0.00,0,0
1508120292,s2-eth1,0.00,0.00,0.00,0,0,0.00,0.00,0.00,0,0,0.00,0.00,0,0
1508120292,lo,0.00,0.00,0.00,0,0,0.00,0.00,0.00,0,0,0.00,0.00,0,0
1508120292,total,257574.00,263630.00,521204.00,263630,257574,267.00,271.00,538.00,271,267,0.00,0.00,0,0
1508120293,s1,0.00,0.00,0.00,0,0,0.00,0.00,0.00,0,0,0.00,0.00,0,0
1508120293,eth0,0.00,0.00,0.00,0,0,0.00,0.00,0.00,0,0,0.00,0.00,0,0
1508120293,s2,0.00,0.00,0.00,0,0,0.00,0.00,0.00,0,0,0.00,0.00,0,0
1508120293,s1-eth2,974.00,24874.00,25848.00,24874,974,13.00,21.00,34.00,21,13,0.00,0.00,0,0
1508120293,s1-eth1,32370.00,974.00,33344.00,974,32370,25.00,13.00,38.00,13,25,0.00,0.00,0,0
1508120293,s2-eth2,0.00,0.00,0.00,0,0,0.00,0.00,0.00,0,0,0.00,0.00,0,0
1508120293,s2-eth1,0.00,0.00,0.00,0,0,0.00,0.00,0.00,0,0,0.00,0.00,0,0
1508120293,lo,0.00,0.00,0.00,0,0,0.00,0.00,0.00,0,0,0.00,0.00,0,0
1508120293,total,33344.00,25848.00,59192.00,25848,33344,38.00,34.00,72.00,34,38,0.00,0.00,0,0
1508120294,s1,0.00,0.00,0.00,0,0,0.00,0.00,0.00,0,0,0.00,0.00,0,0
1508120294,eth0,0.00,0.00,0.00,0,0,0.00,0.00,0.00,0,0,0.00,0.00,0,0
1508120294,s2,0.00,0.00,0.00,0,0,0.00,0.00,0.00,0,0,0.00,0.00,0,0
1508120294,s1-eth2,0.00,0.00,0.00,0,0,0.00,0.00,0.00,0,0,0.00,0.00,0,0
1508120294,s1-eth1,0.00,0.00,0.00,0,0,0.00,0.00,0.00,0,0,0.00,0.00,0,0
1508120294,s2-eth2,0.00,0.00,0.00,0,0,0.00,0.00,0.00,0,0,0.00,0.00,0,0
1508120294,s2-eth1,341.66,0.00,341.66,0,342,1.00,0.00,1.00,0,1,0.00,0.00,0,0
1508120294,lo,0.00,0.00,0.00,0,0,0.00,0.00,0.00,0,0,0.00,0.00,0,0
1508120294,total,341.66,0.00,341.66,0,342,1.00,0.00,1.00,0,1,0.00,0.00,0,0
1508120295,s1,0.00,0.00,0.00,0,0,0.00,0.00,0.00,0,0,0.00,0.00,0,0
1508120295,eth0,0.00,180.00,180.00,180,0,0.00,3.00,3.00,3,0,0.00,0.00,0,0
1508120295,s2,0.00,0.00,0.00,0,0,0.00,0.00,0.00,0,0,0.00,0.00,0,0
1508120295,s1-eth2,0.00,0.00,0.00,0,0,0.00,0.00,0.00,0,0,0.00,0.00,0,0
1508120295,s1-eth1,107.00,0.00,107.00,0,107,1.00,0.00,1.00,0,1,0.00,0.00,0,0
1508120295,s2-eth2,0.00,0.00,0.00,0,0,0.00,0.00,0.00,0,0,0.00,0.00,0,0
1508120295,s2-eth1,0.00,0.00,0.00,0,0,0.00,0.00,0.00,0,0,0.00,0.00,0,0
1508120295,lo,0.00,0.00,0.00,0,0,0.00,0.00,0.00,0,0,0.00,0.00,0,0
1508120295,total,107.00,180.00,287.00,180,107,1.00,3.00,4.00,3,1,0.00,0.00,0,0
1508120296,s1,0.00,0.00,0.00,0,0,0.00,0.00,0.00,0,0,0.00,0.00,0,0
1508120296,eth0,0.00,0.00,0.00,0,0,0.00,0.00,0.00,0,0,0.00,0.00,0,0
1508120296,s2,0.00,0.00,0.00,0,0,0.00,0.00,0.00,0,0,0.00,0.00,0,0
1508120296,s1-eth2,0.00,0.00,0.00,0,0,0.00,0.00,0.00,0,0,0.00,0.00,0,0
1508120296,s1-eth1,0.00,0.00,0.00,0,0,0.00,0.00,0.00,0,0,0.00,0.00,0,0
1508120296,s2-eth2,106.89,0.00,106.89,0,107,1.00,0.00,1.00,0,1,0.00,0.00,0,0
1508120296,s2-eth1,106.89,0.00,106.89,0,107,1.00,0.00,1.00,0,1,0.00,0.00,0,0
1508120296,lo,343.66,343.66,687.31,344,344,5.99,5.99,11.99,6,6,0.00,0.00,0,0
1508120296,total,557.44,343.66,901.10,344,558,7.99,5.99,13.99,6,8,0.00,0.00,0,0
1508120297,s1,0.00,0.00,0.00,0,0,0.00,0.00,0.00,0,0,0.00,0.00,0,0
1508120297,eth0,0.00,0.00,0.00,0,0,0.00,0.00,0.00,0,0,0.00,0.00,0,0
1508120297,s2,0.00,0.00,0.00,0,0,0.00,0.00,0.00,0,0,0.00,0.00,0,0
1508120297,s1-eth2,106.89,0.00,106.89,0,107,1.00,0.00,1.00,0,1,0.00,0.00,0,0
1508120297,s1-eth1,0.00,0.00,0.00,0,0,0.00,0.00,0.00,0,0,0.00,0.00,0,0
1508120297,s2-eth2,0.00,0.00,0.00,0,0,0.00,0.00,0.00,0,0,0.00,0.00,0,0
1508120297,s2-eth1,0.00,0.00,0.00,0,0,0.00,0.00,0.00,0,0,0.00,0.00,0,0
1508120297,lo,0.00,0.00,0.00,0,0,0.00,0.00,0.00,0,0,0.00,0.00,0,0
1508120297,total,106.89,0.00,106.89,0,107,1.00,0.00,1.00,0,1,0.00,0.00,0,0
1508120298,s1,0.00,0.00,0.00,0,0,0.00,0.00,0.00,0,0,0.00,0.00,0,0
1508120298,eth0,0.00,0.00,0.00,0,0,0.00,0.00,0.00,0,0,0.00,0.00,0,0
1508120298,s2,0.00,0.00,0.00,0,0,0.00,0.00,0.00,0,0,0.00,0.00,0,0
1508120298,s1-eth2,342.00,0.00,342.00,0,342,1.00,0.00,1.00,0,1,0.00,0.00,0,0
1508120298,s1-eth1,0.00,0.00,0.00,0,0,0.00,0.00,0.00,0,0,0.00,0.00,0,0
1508120298,s2-eth2,0.00,0.00,0.00,0,0,0.00,0.00,0.00,0,0,0.00,0.00,0,0
1508120298,s2-eth1,0.00,0.00,0.00,0,0,0.00,0.00,0.00,0,0,0.00,0.00,0,0
1508120298,lo,0.00,0.00,0.00,0,0,0.00,0.00,0.00,0,0,0.00,0.00,0,0
1508120298,total,342.00,0.00,342.00,0,342,1.00,0.00,1.00,0,1,0.00,0.00,0,0
1508120299,s1,0.00,0.00,0.00,0,0,0.00,0.00,0.00,0,0,0.00,0.00,0,0
1508120299,eth0,0.00,0.00,0.00,0,0,0.00,0.00,0.00,0,0,0.00,0.00,0,0
1508120299,s2,0.00,0.00,0.00,0,0,0.00,0.00,0.00,0,0,0.00,0.00,0,0
1508120299,s1-eth2,0.00,0.00,0.00,0,0,0.00,0.00,0.00,0,0,0.00,0.00,0,0
1508120299,s1-eth1,342.00,0.00,342.00,0,342,1.00,0.00,1.00,0,1,0.00,0.00,0,0
1508120299,s2-eth2,0.00,0.00,0.00,0,0,0.00,0.00,0.00,0,0,0.00,0.00,0,0
1508120299,s2-eth1,0.00,0.00,0.00,0,0,0.00,0.00,0.00,0,0,0.00,0.00,0,0
1508120299,lo,0.00,0.00,0.00,0,0,0.00,0.00,0.00,0,0,0.00,0.00,0,0
1508120299,total,342.00,0.00,342.00,0,342,1.00,0.00,1.00,0,1,0.00,0.00,0,0
1508120300,s1,0.00,0.00,0.00,0,0,0.00,0.00,0.00,0,0,0.00,0.00,0,0
1508120300,eth0,0.00,92.00,92.00,92,0,0.00,1.00,1.00,1,0,0.00,0.00,0,0
1508120300,s2,0.00,0.00,0.00,0,0,0.00,0.00,0.00,0,0,0.00,0.00,0,0
1508120300,s1-eth2,0.00,0.00,0.00,0,0,0.00,0.00,0.00,0,0