1508202445,s1,0.00,0.00,0.00,0,0,0.00,0.00,0.00,0,0,0.00,0.00,0,0
1508202445,eth0,0.00,0.00,0.00,0,0,0.00,0.00,0.00,0,0,0.00,0.00,0,0
1508202445,s2,0.00,0.00,0.00,0,0,0.00,0.00,0.00,0,0,0.00,0.00,0,0
1508202445,s1-eth2,0.00,0.00,0.00,0,0,0.00,0.00,0.00,0,0,0.00,0.00,0,0
1508202445,s1-eth1,0.00,0.00,0.00,0,0,0.00,0.00,0.00,0,0,0.00,0.00,0,0
1508202445,s2-eth2,0.00,0.00,0.00,0,0,0.00,0.00,0.00,0,0,0.00,0.00,0,0
1508202445,s2-eth1,0.00,0.00,0.00,0,0,0.00,0.00,0.00,0,0,0.00,0.00,0,0
1508202445,lo,0.00,0.00,0.00,0,0,0.00,0.00,0.00,0,0,0.00,0.00,0,0
1508202445,total,0.00,0.00,0.00,0,0,0.00,0.00,0.00,0,0,0.00,0.00,0,0
1508202446,s1,0.00,41.96,41.96,42,0,0.00,1.00,1.00,1,0,0.00,0.00,0,0
1508202446,eth0,0.00,0.00,0.00,0,0,0.00,0.00,0.00,0,0,0.00,0.00,0,0
1508202446,s2,0.00,41.96,41.96,42,0,0.00,1.00,1.00,1,0,0.00,0.00,0,0
1508202446,s1-eth2,12195.80,243552.45,255748.27,243796,12208,157.84,161.84,319.68,162,158,0.00,0.00,0,0
1508202446,s1-eth1,249602.41,12195.80,261798.20,12208,249852,165.83,157.84,323.68,158,166,0.00,0.00,0,0
1508202446,s2-eth2,9996.00,228427.58,238423.58,228656,10006,120.88,151.85,272.73,152,121,0.00,0.00,0,0
1508202446,s2-eth1,205740.27,10069.93,215810.20,10080,205946,136.86,121.88,258.74,122,137,0.00,0.00,0,0
1508202446,lo,479.52,479.52,959.04,480,480,5.99,5.99,11.99,6,6,0.00,0.00,0,0
1508202446,total,478014.00,494809.22,972823.19,495304,478492,587.41,601.40,1188.81,602,588,0.00,0.00,0,0
1508202447,s1,0.00,42.00,42.00,42,0,0.00,1.00,1.00,1,0,0.00,0.00,0,0
1508202447,eth0,0.00,0.00,0.00,0,0,0.00,0.00,0.00,0,0,0.00,0.00,0,0
1508202447,s2,0.00,42.00,42.00,42,0,0.00,1.00,1.00,1,0,0.00,0.00,0,0
1508202447,s1-eth2,12230.00,255908.00,268138.00,255908,12230,157.00,170.00,327.00,170,157,0.00,0.00,0,0
1508202447,s1-eth1,249852.00,12230.00,262082.00,12230,249852,166.00,157.00,323.00,157,166,0.00,0.00,0,0
1508202447,s2-eth2,10604.00,171124.00,181728.00,171124,10604,128.00,114.00,242.00,114,128,0.00,0.00,0,0
1508202447,s2-eth1,192320.00,10530.00,202850.00,10530,192320,128.00,127.00,255.00,127,128,0.00,0.00,0,0
1508202447,lo,480.00,480.00,960.00,480,480,6.00,6.00,12.00,6,6,0.00,0.00,0,0
1508202447,total,465486.00,450356.00,915842.00,450356,465486,585.00,576.00,1161.00,576,585,0.00,0.00,0,0
1508202448,s1,0.00,41.96,41.96,42,0,0.00,1.00,1.00,1,0,0.00,0.00,0,0
1508202448,eth0,0.00,0.00,0.00,0,0,0.00,0.00,0.00,0,0,0.00,0.00,0,0
1508202448,s2,0.00,41.96,41.96,42,0,0.00,1.00,1.00,1,0,0.00,0.00,0,0
1508202448,s1-eth2,11898.10,258677.33,270575.44,258936,11910,158.84,171.83,330.67,172,159,0.00,0.00,0,0
1508202448,s1-eth1,251114.89,11984.02,263098.91,11996,251366,166.83,159.84,326.67,160,167,0.00,0.00,0,0
1508202448,s2-eth2,5140.86,107428.58,112569.44,107536,5146,62.94,71.93,134.87,72,63,0.00,0.00,0,0
1508202448,s2-eth1,98353.65,4799.20,103152.85,4804,98452,65.93,61.94,127.87,62,66,0.00,0.00,0,0
1508202448,lo,479.52,479.52,959.04,480,480,5.99,5.99,11.99,6,6,0.00,0.00,0,0
1508202448,total,366987.03,383452.56,750439.56,383836,367354,460.54,473.53,934.07,474,461,0.00,0.00,0,0
1508202449,s1,0.00,42.00,42.00,42,0,0.00,1.00,1.00,1,0,0.00,0.00,0,0
1508202449,eth0,0.00,0.00,0.00,0,0,0.00,0.00,0.00,0,0,0.00,0.00,0,0
1508202449,s2,0.00,42.00,42.00,42,0,0.00,1.00,1.00,1,0,0.00,0.00,0,0
1508202449,s1-eth2,12160.00,249852.00,262012.00,249852,12160,158.00,166.00,324.00,166,158,0.00,0.00,0,0
1508202449,s1-eth1,249852.00,12074.00,261926.00,12074,249852,166.00,157.00,323.00,157,166,0.00,0.00,0,0
1508202449,s2-eth2,3336.00,66658.00,69994.00,66658,3336,42.00,45.00,87.00,45,42,0.00,0.00,0,0
1508202449,s2-eth1,77598.00,3336.00,80934.00,3336,77598,53.00,42.00,95.00,42,53,0.00,0.00,0,0
1508202449,lo,480.00,480.00,960.00,480,480,6.00,6.00,12.00,6,6,0.00,0.00,0,0
1508202449,total,343426.00,332484.00,675910.00,332484,343426,425.00,418.00,843.00,418,425,0.00,0.00,0,0
1508202450,s1,0.00,41.92,41.92,42,0,0.00,1.00,1.00,1,0,0.00,0.00,0,0
1508202450,eth0,0.00,0.00,0.00,0,0,0.00,0.00,0.00,0,0,0.00,0.00,0,0
1508202450,s2,0.00,41.92,41.92,42,0,0.00,1.00,1.00,1,0,0.00,0.00,0,0
1508202450,s1-eth2,12512.97,258419.17,270932.16,258936,12538,162.67,171.66,334.33,172,163,0.00,0.00,0,0
1508202450,s1-eth1,249460.09,12512.97,261973.06,12538,249959,166.67,162.67,329.34,163,167,0.00,0.00,0,0
1508202450,s2-eth2,2658.68,87678.65,90337.33,87854,2664,35.93,58.88,94.81,59,36,0.00,0.00,0,0
1508202450,s2-eth1,78570.86,2658.68,81229.55,2664,78728,51.90,35.93,87.82,36,52,0.00,0.00,0,0
1508202450,lo,479.04,479.04,958.08,480,480,5.99,5.99,11.98,6,6,0.00,0.00,0,0
1508202450,total,343681.66,361832.34,705514.00,362556,344369,423.15,437.13,860.28,438,424,0.00,0.00,0,0
1508202451,s1,0.00,0.00,0.00,0,0,0.00,0.00,0.00,0,0,0.00,0.00,0,0
1508202451,eth0,0.00,0.00,0.00,0,0,0.00,0.00,0.00,0,0,0.00,0.00,0,0
1508202451,s2,0.00,0.00,0.00,0,0,0.00,0.00,0.00,0,0,0.00,0.00,0,0
1508202451,s1-eth2,12347.00,261922.00,274269.00,261922,12347,163.00,173.00,336.00,173,163,0.00,0.00,0,0
1508202451,s1-eth1,246782.00,12314.00,259096.00,12314,246782,163.00,163.00,326.00,163,163,0.00,0.00,0,0
1508202451,s2-eth2,2845.00,107494.00,110339.00,107494,2845,38.00,71.00,109.00,71,38,0.00,0.00,0,0
1508202451,s2-eth1,106087.00,2738.00,108825.00,2738,106087,71.00,37.00,108.00,37,71,0.00,0.00,0,0
1508202451,lo,0.00,0.00,0.00,0,0,0.00,0.00,0.00,0,0,0.00,0.00,0,0
1508202451,total,368061.00,384468.00,752529.00,384468,368061,435.00,444.00,879.00,444,435,0.00,0.00,0,0
1508202452,s1,0.00,0.00,0.00,0,0,0.00,0.00,0.00,0,0,0.00,0.00,0,0
1508202452,eth0,0.00,0.00,0.00,0,0,0.00,0.00,0.00,0,0,0.00,0.00,0,0
1508202452,s2,0.00,0.00,0.00,0,0,0.00,0.00,0.00,0,0,0.00,0.00,0,0
1508202452,s1-eth2,12618.00,251324.00,263942.00,251324,12618,163.00,166.00,329.00,166,163,0.00,0.00,0,0
1508202452,s1-eth1,251324.00,12276.00,263600.00,12276,251324,166.00,162.00,328.00,162,166,0.00,0.00,0,0
1508202452,s2-eth2,5730.00,154428.00,160158.00,154428,5730,73.00,102.00,175.00,102,73,0.00,0.00,0,0
1508202452,s2-eth1,149886.00,5730.00,155616.00,5730,149886,99.00,73.00,172.00,73,99,0.00,0.00,0,0
1508202452,lo,0.00,0.00,0.00,0,0,0.00,0.00,0.00,0,0,0.00,0.00,0,0
1508202452,total,419558.00,423758.00,843316.00,423758,419558,501.00,503.00,1004.00,503,501,0.00,0.00,0,0
1508202453,s1,0.00,0.00,0.00,0,0,0.00,0.00,0.00,0,0,0.00,0.00,0,0
1508202453,eth0,0.00,0.00,0.00,0,0,0.00,0.00,0.00,0,0,0.00,0.00,0,0
1508202453,s2,0.00,0.00,0.00,0,0,0.00,0.00,0.00,0,0,0.00,0.00,0,0
1508202453,s1-eth2,12566.00,252838.00,265404.00,252838,12566,163.00,167.00,330.00,167,163,0.00,0.00,0,0
1508202453,s1-eth1,249810.00,12492.00,262302.00,12492,249810,165.00,162.00,327.00,162,165,0.00,0.00,0,0
1508202453,s2-eth2,6886.00,157456.00,164342.00,157456,6886,89.00,104.00,193.00,104,89,0.00,0.00,0,0
1508202453,s2-eth1,160484.00,6886.00,167370.00,6886,160484,106.00,89.00,195.00,89,106,0.00,0.00,0,0
1508202453,lo,0.00,0.00,0.00,0,0,0.00,0.00,0.00,0,0,0.00,0.00,0,0
1508202453,total,429746.00,429672.00,859418.00,429672,429746,523.00,522.00,1045.00,522,523,0.00,0.00,0,0
1508202454,s1,0.00,0.00,0.00,0,0,0.00,0.00,0.00,0,0,0.00,0.00,0,0
1508202454,eth0,0.00,0.00,0.00,0,0,0.00,0.00,0.00,0,0,0.00,0.00,0,0
1508202454,s2,0.00,0.00,0.00,0,0,0.00,0.00,0.00,0,0,0.00,0.00,0,0
1508202454,s1-eth2,12498.00,264950.00,277448.00,264950,12498,163.00,175.00,338.00,175,163,0.00,0.00,0,0
1508202454,s1-eth1,249810.00,12498.00,262308.00,12498,249810,165.00,163.00,328.00,163,165,0.00,0.00,0,0
1508202454,s2-eth2,5722.00,140844.00,146566.00,140844,5722,75.00,94.00,169.00,94,75,0.00,0.00,0,0
1508202454,s2-eth1,134788.00,5722.00,140510.00,5722,134788,90.00,75.00,165.00,75,90,0.00,0.00,0,0
1508202454,lo,936.00,936.00,1872.00,936,936,12.00,12.00,24.00,12,12,0.00,0.00,0,0
1508202454,total,403754.00,424950.00,828704.00,424950,403754,505.00,519.00,1024.00,519,505,0.00,0.00,0,0
1508202455,s1,0.00,0.00,0.00,0,0,0.00,0.00,0.00,0,0,0.00,0.00,0,0
1508202455,eth0,0.00,0.00,0.00,0,0,0.00,0.00,0.00,0,0,0.00,0.00,0,0
1508202455,s2,0.00,0.00,0.00,0,0,0.00,0.00,0.00,0,0,0.00,0.00,0,0
1508202455,s1-eth2,12358.00,257380.00,269738.00,257380,12358,161.00,170.00,331.00,170,161,0.00,0.00,0,0
1508202455,s1-eth1,249810.00,12358.00,262168.00,12358,249810,165.00,161.00,326.00,161,165,0.00,0.00,0,0
1508202455,s2-eth2,4958.00,151400.00,156358.00,151400,4958,67.00,100.00,167.00,100,67,0.00,0.00,0,0
1508202455,s2-eth1,151400.00,4958.00,156358.00,4958,151400,100.00,67.00,167.00,67,100,0.00,0.00,0,0
1508202455,lo,0.00,0.00,0.00,0,0,0.00,0.00,0.00,0,0,0.00,0.00,0,0
1508202455,total,418526.00,426096.00,844622.00,426096,418526,493.00,498.00,991.00,498,493,0.00,0.00,0,0
1508202456,s1,0.00,0.00,0.00,0,0,0.00,0.00,0.00,0,0,0.00,0.00,0,0
1508202456,eth0,0.00,0.00,0.00,0,0,0.00,0.00,0.00,0,0,0.00,0.00,0,0
1508202456,s2,0.00,0.00,0.00,0,0,0.00,0.00,0.00,0,0,0.00,0.00,0,0
1508202456,s1-eth2,11662.34,249560.45,261222.78,249810,11674,154.85,164.84,319.68,165,155,0.00,0.00,0,0
1508202456,s1-eth1,243510.50,11662.34,255172.83,11674,243754,160.84,154.85,315.68,155,161,0.00,0.00,0,0
1508202456,s2-eth2,5942.06,128561.45,134503.50,128690,5948,73.93,84.92,158.84,85,74,0.00,0.00,0,0
1508202456,s2-eth1,128561.45,5942.06,134503.50,5948,128690,84.92,73.93,158.84,74,85,0.00,0.00,0,0
1508202456,lo,0.00,0.00,0.00,0,0,0.00,0.00,0.00,0,0,0.00,0.00,0,0
1508202456,total,389676.34,395726.28,785402.62,396122,390066,474.53,478.52,953.05,479,475,0.00,0.00,0,0
1508202457,s1,0.00,0.00,0.00,0,0,0.00,0.00,0.00,0,0,0.00,0.00,0,0
1508202457,eth0,0.00,0.00,0.00,0,0,0.00,0.00,0.00,0,0,0.00,0.00,0,0
1508202457,s2,0.00,0.00,0.00,0,0,0.00,0.00,0.00,0,0,0.00,0.00,0,0
1508202457,s1-eth2,12554.00,249810.00,262364.00,249810,12554,163.00,165.00,328.00,165,163,0.00,0.00,0,0
1508202457,s1-eth1,251324.00,12628.00,263952.00,12628,251324,166.00,164.00,330.00,164,166,0.00,0.00,0,0
1508202457,s2-eth2,4532.00,105980.00,110512.00,105980,4532,58.00,70.00,128.00,70,58,0.00,0.00,0,0
1508202457,s2-eth1,99924.00,4532.00,104456.00,4532,99924,66.00,58.00,124.00,58,66,0.00,0.00,0,0
1508202457,lo,0.00,0.00,0.00,0,0,0.00,0.00,0.00,0,0,0.00,0.00,0,0
1508202457,total,368334.00,372950.00,741284.00,372950,368334,453.00,457.00,910.00,457,453,0.00,0.00,0,0
1508202458,s1,0.00,0.00,0.00,0,0,0.00,0.00,0.00,0,0,0.00,0.00,0,0
1508202458,eth0,0.00,0.00,0.00,0,0,0.00,0.00,0.00,0,0,0.00,0.00,0,0
1508202458,s2,0.00,0.00,0.00,0,0,0.00,0.00,0.00,0,0,0.00,0.00,0,0
1508202458,s1-eth2,12210.00,258894.00,271104.00,258894,12210,159.00,171.00,330.00,171,159,0.00,0.00,0,0
1508202458,s1-eth1,249810.00,12210.00,262020.00,12210,249810,165.00,159.00,324.00,159,165,0.00,0.00,0,0
1508202458,s2-eth2,3450.00,110522.00,113972.00,110522,3450,43.00,73.00,116.00,73,43,0.00,0.00,0,0
1508202458,s2-eth1,112036.00,3108.00,115144.00,3108,112036,74.00,42.00,116.00,42,74,0.00,0.00,0,0
1508202458,lo,0.00,0.00,0.00,0,0,0.00,0.00,0.00,0,0,0.00,0.00,0,0
1508202458,total,377506.00,384734.00,762240.00,384734,377506,441.00,445.00,886.00,445,441,0.00,0.00,0,0
1508202459,s1,0.00,0.00,0.00,0,0,0.00,0.00,0.00,0,0,0.00,0.00,0,0
1508202459,eth0,0.00,0.00,0.00,0,0,0.00,0.00,0.00,0,0,0.00,0.00,0,0
1508202459,s2,0.00,0.00,0.00,0,0,0.00,0.00,0.00,0,0,0.00,0.00,0,0
1508202459,s1-eth2,12529.47,255610.39,268139.88,255866,12542,162.84,168.83,331.67,169,163,0.00,0.00,0,0
1508202459,s1-eth1,249902.11,12455.54,262357.66,12468,250152,165.83,161.84,327.67,162,166,0.00,0.00,0,0
1508202459,s2-eth2,4509.49,116461.54,120971.03,116578,4514,60.94,76.92,137.86,77,61,0.00,0.00,0,0
1508202459,s2-eth1,119486.52,4509.49,123996.01,4514,119606,78.92,60.94,139.86,61,79,0.00,0.00,0,0
1508202459,lo,343.66,343.66,687.31,344,344,5.99,5.99,11.99,6,6,0.00,0.00,0,0
1508202459,total,386771.25,389380.62,776151.88,389770,387158,474.53,474.53,949.05,475,475,0.00,0.00,0,0
1508202460,s1,0.00,0.00,0.00,0,0,0.00,0.00,0.00,0,0,0.00,0.00,0,0
1508202460,eth0,0.00,86.00,86.00,86,0,0.00,1.00,1.00,1,0,0.00,0.00,0,0
1508202460,s2,0.00,0.00,0.00,0,0,0.00,0.00,0.00,0,0,0.00,0.00,0,0
1508202460,s1-eth2,12336.00,258894.00,271230.00,258894,12336,162.00,171.00,333.00,171,162,0.00,0.00,0,0
1508202460,s1-eth1,249810.00,12336.00,262146.00,12336,249810,165.00,162.00,327.00,162,165,0.00,0.00,0,0
1508202460,s2-eth2,5212.00,122634.00,127846.00,122634,5212,68.00,81.00,149.00,81,68,0.00,0.00,0,0
1508202460,s2-eth1,116578.00,5212.00,121790.00,5212,116578,77.00,68.00,145.00,68,77,0.00,0.00,0,0
1508202460,lo,0.00,0.00,0.00,0,0,0.00,0.00,0.00,0,0,0.00,0.00,0,0
1508202460,total,383936.00,399162.00,783098.00,399162,383936,472.00,483.00,955.00,483,472,0.00,0.00,0,0
1508202461,s1,0.00,0.00,0.00,0,0,0.00,0.00,0.00,0,0,0.00,0.00,0,0
1508202461,eth0,0.00,0.00,0.00,0,0,0.00,0.00,0.00,0,0,0.00,0.00,0,0
1508202461,s2,0.00,0.00,0.00,0,0,0.00,0.00,0.00,0,0,0.00,0.00,0,0
1508202461,s1-eth2,12340.00,260408.00,272748.00,260408,12340,162.00,172.00,334.00,172,162,0.00,0.00,0,0
1508202461,s1-eth1,249810.00,12340.00,262150.00,12340,249810,165.00,162.00,327.00,162,165,0.00,0.00,0,0
1508202461,s2-eth2,4900.00,102952.00,107852.00,102952,4900,62.00,68.00,130.00,68,62,0.00,0.00,0,0
1508202461,s2-eth1,110864.00,4900.00,115764.00,4900,110864,74.00,62.00,136.00,62,74,0.00,0.00,0,0
1508202461,lo,0.00,0.00,0.00,0,0,0.00,0.00,0.00,0,0,0.00,0.00,0,0
1508202461,total,377914.00,380600.00,758514.00,380600,377914,463.00,464.00,927.00,464,463,0.00,0.00,0,0
1508202462,s1,0.00,0.00,0.00,0,0,0.00,0.00,0.00,0,0,0.00,0.00,0,0
1508202462,eth0,0.00,0.00,0.00,0,0,0.00,0.00,0.00,0,0,0.00,0.00,0,0
1508202462,s2,0.00,0.00,0.00,0,0,0.00,0.00,0.00,0,0,0.00,0.00,0,0
1508202462,s1-eth2,11950.00,251324.00,263274.00,251324,11950,157.00,166.00,323.00,166,157,0.00,0.00,0,0
1508202462,s1-eth1,249810.00,11950.00,261760.00,11950,249810,165.00,157.00,322.00,157,165,0.00,0.00,0,0
1508202462,s2-eth2,3610.00,90840.00,94450.00,90840,3610,47.00,60.00,107.00,60,47,0.00,0.00,0,0
1508202462,s2-eth1,80242.00,3610.00,83852.00,3610,80242,53.00,47.00,100.00,47,53,0.00,0.00,0,0
1508202462,lo,0.00,0.00,0.00,0,0,0.00,0.00,0.00,0,0,0.00,0.00,0,0
1508202462,total,345612.00,357724.00,703336.00,357724,345612,422.00,430.00,852.00,430,422,0.00,0.00,0,0
1508202463,s1,0.00,0.00,0.00,0,0,0.00,0.00,0.00,0,0,0.00,0.00,0,0
1508202463,eth0,0.00,0.00,0.00,0,0,0.00,0.00,0.00,0,0,0.00,0.00,0,0
1508202463,s2,0.00,0.00,0.00,0,0,0.00,0.00,0.00,0,0,0.00,0.00,0,0
1508202463,s1-eth2,12210.00,255866.00,268076.00,255866,12210,157.00,169.00,326.00,169,157,0.00,0.00,0,0
1508202463,s1-eth1,249810.00,12296.00,262106.00,12296,249810,165.00,158.00,323.00,158,165,0.00,0.00,0,0
1508202463,s2-eth2,3782.00,75700.00,79482.00,75700,3782,47.00,50.00,97.00,50,47,0.00,0.00,0,0
1508202463,s2-eth1,72672.00,3782.00,76454.00,3782,72672,48.00,47.00,95.00,47,48,0.00,0.00,0,0
1508202463,lo,0.00,0.00,0.00,0,0,0.00,0.00,0.00,0,0,0.00,0.00,0,0
1508202463,total,338474.00,347644.00,686118.00,347644,338474,417.00,424.00,841.00,424,417,0.00,0.00,0,0
1508202464,s1,0.00,0.00,0.00,0,0,0.00,0.00,0.00,0,0,0.00,0.00,0,0
1508202464,eth0,0.00,0.00,0.00,0,0,0.00,0.00,0.00,0,0,0.00,0.00,0,0
1508202464,s2,0.00,0.00,0.00,0,0,0.00,0.00,0.00,0,0,0.00,0.00,0,0
1508202464,s1-eth2,12452.00,264950.00,277402.00,264950,12452,164.00,175.00,339.00,175,164,0.00,0.00,0,0
1508202464,s1-eth1,251324.00,12440.00,263764.00,12440,251324,166.00,164.00,330.00,164,166,0.00,0.00,0,0
1508202464,s2-eth2,2146.00,75700.00,77846.00,75700,2146,29.00,50.00,79.00,50,29,0.00,0.00,0,0
1508202464,s2-eth1,72672.00,2146.00,74818.00,2146,72672,48.00,29.00,77.00,29,48,0.00,0.00,0,0
1508202464,lo,344.00,344.00,688.00,344,344,6.00,6.00,12.00,6,6,0.00,0.00,0,0
1508202464,total,338938.00,355580.00,694518.00,355580,338938,413.00,424.00,837.00,424,413,0.00,0.00,0,0
1508202465,s1,0.00,0.00,0.00,0,0,0.00,0.00,0.00,0,0,0.00,0.00,0,0
1508202465,eth0,0.00,0.00,0.00,0,0,0.00,0.00,0.00,0,0,0.00,0.00,0,0
1508202465,s2,0.00,0.00,0.00,0,0,0.00,0.00,0.00,0,0,0.00,0.00,0,0
1508202465,s1-eth2,12030.00,254352.00,266382.00,254352,12030,159.00,168.00,327.00,168,159,0.00,0.00,0,0
1508202465,s1-eth1,249810.00,11956.00,261766.00,11956,249810,165.00,158.00,323.00,158,165,0.00,0.00,0,0
1508202465,s2-eth2,3222.00,77214.00,80436.00,77214,3222,41.00,51.00,92.00,51,41,0.00,0.00,0,0
1508202465,s2-eth1,84784.00,3222.00,88006.00,3222,84784,56.00,41.00,97.00,41,56,0.00,0.00,0,0
1508202465,lo,0.00,0.00,0.00,0,0,0.00,0.00,0.00,0,0,0.00,0.00,0,0
1508202465,total,349846.00,346744.00,696590.00,346744,349846,421.00,418.00,839.00,418,421,0.00,0.00,0,0
1508202466,s1,0.00,0.00,0.00,0,0,0.00,0.00,0.00,0,0,0.00,0.00,0,0
1508202466,eth0,0.00,0.00,0.00,0,0,0.00,0.00,0.00,0,0,0.00,0.00,0,0
1508202466,s2,0.00,0.00,0.00,0,0,0.00,0.00,0.00,0,0,0.00,0.00,0,0
1508202466,s1-eth2,12291.71,255610.39,267902.09,255866,12304,159.84,168.83,328.67,169,160,0.00,0.00,0,0
1508202466,s1-eth1,249667.34,12291.71,261959.05,12304,249917,165.83,159.84,325.67,160,166,0.00,0.00,0,0
1508202466,s2-eth2,3844.16,99824.18,103668.34,99924,3848,51.95,65.93,117.88,66,52,0.00,0.00,0,0
1508202466,s2-eth1,89236.77,3844.16,93080.92,3848,89326,58.94,51.95,110.89,52,59,0.00,0.00,0,0
1508202466,lo,0.00,0.00,0.00,0,0,0.00,0.00,0.00,0,0,0.00,0.00,0,0
1508202466,total,355039.97,371570.44,726610.44,371942,355395,436.56,446.55,883.12,447,437,0.00,0.00,0,0
1508202467,s1,0.00,0.00,0.00,0,0,0.00,0.00,0.00,0,0,0.00,0.00,0,0
1508202467,eth0,0.00,0.00,0.00,0,0,0.00,0.00,0.00,0,0,0.00,0.00,0,0
1508202467,s2,0.00,0.00,0.00,0,0,0.00,0.00,0.00,0,0,0.00,0.00,0,0
1508202467,s1-eth2,12571.00,252838.00,265409.00,252838,12571,161.00,167.00,328.00,167,161,0.00,0.00,0,0
1508202467,s1-eth1,249810.00,12464.00,262274.00,12464,249810,165.00,160.00,325.00,160,165,0.00,0.00,0,0
1508202467,s2-eth2,4247.00,90840.00,95087.00,90840,4247,55.00,60.00,115.00,60,55,0.00,0.00,0,0
1508202467,s2-eth1,98517.00,4140.00,102657.00,4140,98517,66.00,54.00,120.00,54,66,0.00,0.00,0,0
1508202467,lo,0.00,0.00,0.00,0,0,0.00,0.00,0.00,0,0,0.00,0.00,0,0
1508202467,total,365145.00,360282.00,725427.00,360282,365145,447.00,441.00,888.00,441,447,0.00,0.00,0,0
1508202468,s1,0.00,0.00,0.00,0,0,0.00,0.00,0.00,0,0,0.00,0.00,0,0
1508202468,eth0,0.00,0.00,0.00,0,0,0.00,0.00,0.00,0,0,0.00,0.00,0,0
1508202468,s2,0.00,0.00,0.00,0,0,0.00,0.00,0.00,0,0,0.00,0.00,0,0
1508202468,s1-eth2,12312.00,258894.00,271206.00,258894,12312,162.00,171.00,333.00,171,162,0.00,0.00,0,0
1508202468,s1-eth1,249810.00,12386.00,262196.00,12386,249810,165.00,163.00,328.00,163,165,0.00,0.00,0,0
1508202468,s2-eth2,3770.00,99924.00,103694.00,99924,3770,49.00,66.00,115.00,66,49,0.00,0.00,0,0
1508202468,s2-eth1,84784.00,3770.00,88554.00,3770,84784,56.00,49.00,105.00,49,56,0.00,0.00,0,0
1508202468,lo,0.00,0.00,0.00,0,0,0.00,0.00,0.00,0,0,0.00,0.00,0,0
1508202468,total,350676.00,374974.00,725650.00,374974,350676,432.00,449.00,881.00,449,432,0.00,0.00,0,0
1508202469,s1,0.00,0.00,0.00,0,0,0.00,0.00,0.00,0,0,0.00,0.00,0,0
1508202469,eth0,0.00,0.00,0.00,0,0,0.00,0.00,0.00,0,0,0.00,0.00,0,0
1508202469,s2,0.00,0.00,0.00,0,0,0.00,0.00,0.00,0,0,0.00,0.00,0,0
1508202469,s1-eth2,12414.00,257380.00,269794.00,257380,12414,163.00,170.00,333.00,170,163,0.00,0.00,0,0
1508202469,s1-eth1,251324.00,12340.00,263664.00,12340,251324,166.00,162.00,328.00,162,166,0.00,0.00,0,0
1508202469,s2-eth2,4212.00,83270.00,87482.00,83270,4212,54.00,55.00,109.00,55,54,0.00,0.00,0,0
1508202469,s2-eth1,89326.00,4212.00,93538.00,4212,89326,59.00,54.00,113.00,54,59,0.00,0.00,0,0
1508202469,lo,344.00,344.00,688.00,344,344,6.00,6.00,12.00,6,6,0.00,0.00,0,0
1508202469,total,357620.00,357546.00,715166.00,357546,357620,448.00,447.00,895.00,447,448,0.00,0.00,0,0
1508202470,s1,0.00,0.00,0.00,0,0,0.00,0.00,0.00,0,0,0.00,0.00,0,0
1508202470,eth0,0.00,0.00,0.00,0,0,0.00,0.00,0.00,0,0,0.00,0.00,0,0
1508202470,s2,0.00,0.00,0.00,0,0,0.00,0.00,0.00,0,0,0.00,0.00,0,0
1508202470,s1-eth2,12382.00,249810.00,262192.00,249810,12382,161.00,165.00,326.00,165,161,0.00,0.00,0,0
1508202470,s1-eth1,249810.00,12382.00,262192.00,12382,249810,165.00,161.00,326.00,161,165,0.00,0.00,0,0
1508202470,s2-eth2,3264.00,89326.00,92590.00,89326,3264,42.00,59.00,101.00,59,42,0.00,0.00,0,0
1508202470,s2-eth1,90840.00,3264.00,94104.00,3264,90840,60.00,42.00,102.00,42,60,0.00,0.00,0,0
1508202470,lo,0.00,0.00,0.00,0,0,0.00,0.00,0.00,0,0,0.00,0.00,0,0
1508202470,total,356296.00,354782.00,711078.00,354782,356296,428.00,427.00,855.00,427,428,0.00,0.00,0,0
1508202471,s1,0.00,0.00,0.00,0,0,0.00,0.00,0.00,0,0,0.00,0.00,0,0
1508202471,eth0,0.00,0.00,0.00,0,0,0.00,0.00,0.00,0,0,0.00,0.00,0,0
1508202471,s2,0.00,0.00,0.00,0,0,0.00,0.00,0.00,0,0,0.00,0.00,0,0
1508202471,s1-eth2,12804.00,258894.00,271698.00,258894,12804,166.00,171.00,337.00,171,166,0.00,0.00,0,0
1508202471,s1-eth1,249810.00,12462.00,262272.00,12462,249810,165.00,165.00,330.00,165,165,0.00,0.00,0,0
1508202471,s2-eth2,3722.00,77214.00,80936.00,77214,3722,49.00,51.00,100.00,51,49,0.00,0.00,0,0
1508202471,s2-eth1,68130.00,3722.00,71852.00,3722,68130,45.00,49.00,94.00,49,45,0.00,0.00,0,0
1508202471,lo,0.00,0.00,0.00,0,0,0.00,0.00,0.00,0,0,0.00,0.00,0,0
1508202471,total,334466.00,352292.00,686758.00,352292,334466,425.00,436.00,861.00,436,425,0.00,0.00,0,0
1508202472,s1,0.00,0.00,0.00,0,0,0.00,0.00,0.00,0,0,0.00,0.00,0,0
1508202472,eth0,0.00,0.00,0.00,0,0,0.00,0.00,0.00,0,0,0.00,0.00,0,0
1508202472,s2,0.00,0.00,0.00,0,0,0.00,0.00,0.00,0,0,0.00,0.00,0,0
1508202472,s1-eth2,12170.00,252838.00,265008.00,252838,12170,157.00,167.00,324.00,167,157,0.00,0.00,0,0
1508202472,s1-eth1,246782.00,12244.00,259026.00,12244,246782,163.00,158.00,321.00,158,163,0.00,0.00,0,0
1508202472,s2-eth2,3006.00,78728.00,81734.00,78728,3006,39.00,52.00,91.00,52,39,0.00,0.00,0,0
1508202472,s2-eth1,80242.00,3006.00,83248.00,3006,80242,53.00,39.00,92.00,39,53,0.00,0.00,0,0
1508202472,lo,0.00,0.00,0.00,0,0,0.00,0.00,0.00,0,0,0.00,0.00,0,0
1508202472,total,342200.00,346816.00,689016.00,346816,342200,412.00,416.00,828.00,416,412,0.00,0.00,0,0
1508202473,s1,0.00,0.00,0.00,0,0,0.00,0.00,0.00,0,0,0.00,0.00,0,0
1508202473,eth0,0.00,0.00,0.00,0,0,0.00,0.00,0.00,0,0,0.00,0.00,0,0
1508202473,s2,0.00,0.00,0.00,0,0,0.00,0.00,0.00,0,0,0.00,0.00,0,0
1508202473,s1-eth2,12338.00,255866.00,268204.00,255866,12338,163.00,169.00,332.00,169,163,0.00,0.00,0,0
1508202473,s1-eth1,251324.00,12264.00,263588.00,12264,251324,166.00,162.00,328.00,162,166,0.00,0.00,0,0
1508202473,s2-eth2,3204.00,71158.00,74362.00,71158,3204,40.00,47.00,87.00,47,40,0.00,0.00,0,0
1508202473,s2-eth1,72672.00,3204.00,75876.00,3204,72672,48.00,40.00,88.00,40,48,0.00,0.00,0,0
1508202473,lo,0.00,0.00,0.00,0,0,0.00,0.00,0.00,0,0,0.00,0.00,0,0
1508202473,total,339538.00,342492.00,682030.00,342492,339538,417.00,418.00,835.00,418,417,0.00,0.00,0,0
1508202474,s1,0.00,0.00,0.00,0,0,0.00,0.00,0.00,0,0,0.00,0.00,0,0
1508202474,eth0,0.00,0.00,0.00,0,0,0.00,0.00,0.00,0,0,0.00,0.00,0,0
1508202474,s2,0.00,0.00,0.00,0,0,0.00,0.00,0.00,0,0,0.00,0.00,0,0
1508202474,s1-eth2,12202.00,260408.00,272610.00,260408,12202,159.00,172.00,331.00,172,159,0.00,0.00,0,0
1508202474,s1-eth1,248296.00,12202.00,260498.00,12202,248296,164.00,159.00,323.00,159,164,0.00,0.00,0,0
1508202474,s2-eth2,2426.00,54504.00,56930.00,54504,2426,31.00,36.00,67.00,36,31,0.00,0.00,0,0
1508202474,s2-eth1,45420.00,2426.00,47846.00,2426,45420,30.00,31.00,61.00,31,30,0.00,0.00,0,0
1508202474,lo,344.00,344.00,688.00,344,344,6.00,6.00,12.00,6,6,0.00,0.00,0,0
1508202474,total,308688.00,329884.00,638572.00,329884,308688,390.00,404.00,794.00,404,390,0.00,0.00,0,0
1508202475,s1,0.00,0.00,0.00,0,0,0.00,0.00,0.00,0,0,0.00,0.00,0,0
1508202475,eth0,0.00,0.00,0.00,0,0,0.00,0.00,0.00,0,0,0.00,0.00,0,0
1508202475,s2,0.00,0.00,0.00,0,0,0.00,0.00,0.00,0,0,0.00,0.00,0,0
1508202475,s1-eth2,11404.60,252585.42,263990.03,252838,11416,151.85,166.83,318.68,167,152,0.00,0.00,0,0
1508202475,s1-eth1,251072.94,11490.51,262563.44,11502,251324,165.83,152.85,318.68,153,166,0.00,0.00,0,0
1508202475,s2-eth2,2495.50,49912.09,52407.59,49962,2498,28.97,32.97,61.94,33,29,0.00,0.00,0,0
1508202475,s2-eth1,57474.53,2153.85,59628.38,2156,57532,37.96,27.97,65.93,28,38,0.00,0.00,0,0
1508202475,lo,0.00,0.00,0.00,0,0,0.00,0.00,0.00,0,0,0.00,0.00,0,0
1508202475,total,322447.56,316141.88,638589.44,316458,322770,384.62,380.62,765.23,381,385,0.00,0.00,0,0
1508202476,s1,0.00,0.00,0.00,0,0,0.00,0.00,0.00,0,0,0.00,0.00,0,0
1508202476,eth0,0.00,0.00,0.00,0,0,0.00,0.00,0.00,0,0,0.00,0.00,0,0
1508202476,s2,0.00,0.00,0.00,0,0,0.00,0.00,0.00,0,0,0.00,0.00,0,0
1508202476,s1-eth2,12283.72,251072.94,263356.66,251324,12296,159.84,165.83,325.67,166,160,0.00,0.00,0,0
1508202476,s1-eth1,249560.45,12197.80,261758.25,12210,249810,164.84,158.84,323.68,159,165,0.00,0.00,0,0
1508202476,s2-eth2,2905.09,62011.99,64917.09,62074,2908,37.96,40.96,78.92,41,38,0.00,0.00,0,0
1508202476,s2-eth1,51424.58,2905.09,54329.67,2908,51476,33.97,37.96,71.93,38,34,0.00,0.00,0,0
1508202476,lo,0.00,0.00,0.00,0,0,0.00,0.00,0.00,0,0,0.00,0.00,0,0
1508202476,total,316173.84,328187.81,644361.62,328516,316490,396.60,403.60,800.20,404,397,0.00,0.00,0,0
1508202477,s1,0.00,0.00,0.00,0,0,0.00,0.00,0.00,0,0,0.00,0.00,0,0
1508202477,eth0,0.00,0.00,0.00,0,0,0.00,0.00,0.00,0,0,0.00,0.00,0,0
1508202477,s2,0.00,0.00,0.00,0,0,0.00,0.00,0.00,0,0,0.00,0.00,0,0
1508202477,s1-eth2,12224.00,254352.00,266576.00,254352,12224,160.00,168.00,328.00,168,160,0.00,0.00,0,0
1508202477,s1-eth1,249810.00,12224.00,262034.00,12224,249810,165.00,160.00,325.00,160,165,0.00,0.00,0,0
1508202477,s2-eth2,2368.00,69644.00,72012.00,69644,2368,32.00,46.00,78.00,46,32,0.00,0.00,0,0
1508202477,s2-eth1,77214.00,2368.00,79582.00,2368,77214,51.00,32.00,83.00,32,51,0.00,0.00,0,0
1508202477,lo,0.00,0.00,0.00,0,0,0.00,0.00,0.00,0,0,0.00,0.00,0,0
1508202477,total,341616.00,338588.00,680204.00,338588,341616,408.00,406.00,814.00,406,408,0.00,0.00,0,0
1508202478,s1,0.00,0.00,0.00,0,0,0.00,0.00,0.00,0,0,0.00,0.00,0,0
1508202478,eth0,0.00,0.00,0.00,0,0,0.00,0.00,0.00,0,0,0.00,0.00,0,0
1508202478,s2,0.00,0.00,0.00,0,0,0.00,0.00,0.00,0,0,0.00,0.00,0,0
1508202478,s1-eth2,12312.00,261964.00,274276.00,261964,12312,160.00,174.00,334.00,174,160,0.00,0.00,0,0
1508202478,s1-eth1,249852.00,12312.00,262164.00,12312,249852,166.00,160.00,326.00,160,166,0.00,0.00,0,0
1508202478,s2-eth2,3890.00,101480.00,105370.00,101480,3890,53.00,68.00,121.00,68,53,0.00,0.00,0,0
1508202478,s2-eth1,93910.00,3890.00,97800.00,3890,93910,63.00,53.00,116.00,53,63,0.00,0.00,0,0
1508202478,lo,296.00,296.00,592.00,296,296,3.00,3.00,6.00,3,3,0.00,0.00,0,0
1508202478,total,360260.00,379942.00,740202.00,379942,360260,445.00,458.00,903.00,458,445,0.00,0.00,0,0
1508202479,s1,0.00,0.00,0.00,0,0,0.00,0.00,0.00,0,0,0.00,0.00,0,0
1508202479,eth0,0.00,0.00,0.00,0,0,0.00,0.00,0.00,0,0,0.00,0.00,0,0
1508202479,s2,0.00,0.00,0.00,0,0,0.00,0.00,0.00,0,0,0.00,0.00,0,0
1508202479,s1-eth2,12124.00,260408.00,272532.00,260408,12124,158.00,172.00,330.00,172,158,0.00,0.00,0,0
1508202479,s1-eth1,250152.00,12124.00,262276.00,12124,250152,166.00,158.00,324.00,158,166,0.00,0.00,0,0
1508202479,s2-eth2,4358.00,84784.00,89142.00,84784,4358,55.00,56.00,111.00,56,55,0.00,0.00,0,0
1508202479,s2-eth1,84784.00,4358.00,89142.00,4358,84784,56.00,55.00,111.00,55,56,0.00,0.00,0,0
1508202479,lo,172.00,172.00,344.00,172,172,3.00,3.00,6.00,3,3,0.00,0.00,0,0
1508202479,total,351590.00,361846.00,713436.00,361846,351590,438.00,444.00,882.00,444,438,0.00,0.00,0,0
1508202480,s1,0.00,0.00,0.00,0,0,0.00,0.00,0.00,0,0,0.00,0.00,0,0
1508202480,eth0,0.00,0.00,0.00,0,0,0.00,0.00,0.00,0,0,0.00,0.00,0,0
1508202480,s2,0.00,0.00,0.00,0,0,0.00,0.00,0.00,0,0,0.00,0.00,0,0
1508202480,s1-eth2,12338.00,263436.00,275774.00,263436,12338,161.00,174.00,335.00,174,161,0.00,0.00,0,0
1508202480,s1-eth1,249810.00,12338.00,262148.00,12338,249810,165.00,161.00,326.00,161,165,0.00,0.00,0,0
1508202480,s2-eth2,2738.00,86298.00,89036.00,86298,2738,37.00,57.00,94.00,57,37,0.00,0.00,0,0
1508202480,s2-eth1,86298.00,2738.00,89036.00,2738,86298,57.00,37.00,94.00,37,57,0.00,0.00,0,0
1508202480,lo,0.00,0.00,0.00,0,0,0.00,0.00,0.00,0,0,0.00,0.00,0,0
1508202480,total,351184.00,364810.00,715994.00,364810,351184,420.00,429.00,849.00,429,420,0.00,0.00,0,0
1508202481,s1,0.00,0.00,0.00,0,0,0.00,0.00,0.00,0,0,0.00,0.00,0,0
1508202481,eth0,0.00,0.00,0.00,0,0,0.00,0.00,0.00,0,0,0.00,0.00,0,0
1508202481,s2,0.00,0.00,0.00,0,0,0.00,0.00,0.00,0,0,0.00,0.00,0,0
1508202481,s1-eth2,12618.00,254352.00,266970.00,254352,12618,163.00,168.00,331.00,168,163,0.00,0.00,0,0
1508202481,s1-eth1,251324.00,12704.00,264028.00,12704,251324,166.00,164.00,330.00,164,166,0.00,0.00,0,0
1508202481,s2-eth2,3704.00,75700.00,79404.00,75700,3704,46.00,50.00,96.00,50,46,0.00,0.00,0,0
1508202481,s2-eth1,69644.00,3704.00,73348.00,3704,69644,46.00,46.00,92.00,46,46,0.00,0.00,0,0
1508202481,lo,0.00,0.00,0.00,0,0,0.00,0.00,0.00,0,0,0.00,0.00,0,0
1508202481,total,337290.00,346460.00,683750.00,346460,337290,421.00,428.00,849.00,428,421,0.00,0.00,0,0
1508202482,s1,0.00,0.00,0.00,0,0,0.00,0.00,0.00,0,0,0.00,0.00,0,0
1508202482,eth0,608.00,951.00,1559.00,951,608,8.00,8.00,16.00,8,8,0.00,0.00,0,0
1508202482,s2,0.00,0.00,0.00,0,0,0.00,0.00,0.00,0,0,0.00,0.00,0,0
1508202482,s1-eth2,11824.00,237698.00,249522.00,237698,11824,148.00,157.00,305.00,157,148,0.00,0.00,0,0
1508202482,s1-eth1,227630.00,11184.00,238814.00,11184,227630,153.00,144.00,297.00,144,153,0.00,0.00,0,0
1508202482,s2-eth2,4078.00,83270.00,87348.00,83270,4078,51.00,55.00,106.00,55,51,0.00,0.00,0,0
1508202482,s2-eth1,89778.00,3626.00,93404.00,3626,89778,61.00,49.00,110.00,49,61,0.00,0.00,0,0
1508202482,lo,1195.00,1195.00,2390.00,1195,1195,15.00,15.00,30.00,15,15,0.00,0.00,0,0
1508202482,total,335113.00,337924.00,673037.00,337924,335113,436.00,428.00,864.00,428,436,0.00,0.00,0,0
1508202483,s1,0.00,0.00,0.00,0,0,0.00,0.00,0.00,0,0,0.00,0.00,0,0
1508202483,eth0,303.70,489.51,793.21,490,304,4.00,4.00,7.99,4,4,0.00,0.00,0,0
1508202483,s2,0.00,0.00,0.00,0,0,0.00,0.00,0.00,0,0,0.00,0.00,0,0
1508202483,s1-eth2,13506.49,258635.38,272141.88,258894,13520,165.83,170.83,336.66,171,166,0.00,0.00,0,0
1508202483,s1-eth1,249410.59,12187.81,261598.41,12200,249660,171.83,157.84,329.67,158,172,0.00,0.00,0,0
1508202483,s2-eth2,3366.63,116461.54,119828.17,116578,3370,44.96,76.92,121.88,77,45,0.00,0.00,0,0
1508202483,s2-eth1,103036.97,3178.82,106215.79,3182,103140,69.93,42.96,112.89,43,70,0.00,0.00,0,0
1508202483,lo,681.32,681.32,1362.64,682,682,7.99,7.99,15.98,8,8,0.00,0.00,0,0
1508202483,total,370305.72,391634.38,761940.06,392026,370676,464.54,460.54,925.07,461,465,0.00,0.00,0,0
1508202484,s1,0.00,0.00,0.00,0,0,0.00,0.00,0.00,0,0,0.00,0.00,0,0
1508202484,eth0,304.00,490.00,794.00,490,304,4.00,4.00,8.00,4,4,0.00,0.00,0,0
1508202484,s2,0.00,0.00,0.00,0,0,0.00,0.00,0.00,0,0,0.00,0.00,0,0
1508202484,s1-eth2,13318.00,263436.00,276754.00,263436,13318,166.00,174.00,340.00,174,166,0.00,0.00,0,0
1508202484,s1-eth1,250866.00,12226.00,263092.00,12226,250866,170.00,161.00,331.00,161,170,0.00,0.00,0,0
1508202484,s2-eth2,6232.00,125662.00,131894.00,125662,6232,64.00,83.00,147.00,83,64,0.00,0.00,0,0
1508202484,s2-eth1,135228.00,4126.00,139354.00,4126,135228,98.00,53.00,151.00,53,98,0.00,0.00,0,0
1508202484,lo,854.00,854.00,1708.00,854,854,11.00,11.00,22.00,11,11,0.00,0.00,0,0
1508202484,total,406802.00,406794.00,813596.00,406794,406802,513.00,486.00,999.00,486,513,0.00,0.00,0,0
1508202485,s1,0.00,0.00,0.00,0,0,0.00,0.00,0.00,0,0,0.00,0.00,0,0
1508202485,eth0,152.00,245.00,397.00,245,152,2.00,2.00,4.00,2,2,0.00,0.00,0,0
1508202485,s2,0.00,0.00,0.00,0,0,0.00,0.00,0.00,0,0,0.00,0.00,0,0
1508202485,s1-eth2,12955.00,251324.00,264279.00,251324,12955,163.00,166.00,329.00,166,163,0.00,0.00,0,0
1508202485,s1-eth1,248965.00,12286.00,261251.00,12286,248965,166.00,161.00,327.00,161,166,0.00,0.00,0,0
1508202485,s2-eth2,6197.00,122634.00,128831.00,122634,6197,71.00,81.00,152.00,81,71,0.00,0.00,0,0
1508202485,s2-eth1,119055.00,5234.00,124289.00,5234,119055,82.00,67.00,149.00,67,82,0.00,0.00,0,0
1508202485,lo,341.00,341.00,682.00,341,341,4.00,4.00,8.00,4,4,0.00,0.00,0,0
1508202485,total,387665.00,392064.00,779729.00,392064,387665,488.00,481.00,969.00,481,488,0.00,0.00,0,0
1508202486,s1,0.00,0.00,0.00,0,0,0.00,0.00,0.00,0,0,0.00,0.00,0,0
1508202486,eth0,0.00,0.00,0.00,0,0,0.00,0.00,0.00,0,0,0.00,0.00,0,0
1508202486,s2,0.00,0.00,0.00,0,0,0.00,0.00,0.00,0,0,0.00,0.00,0,0
1508202486,s1-eth2,12640.00,254352.00,266992.00,254352,12640,161.00,168.00,329.00,168,161,0.00,0.00,0,0
1508202486,s1-eth1,250184.00,12192.00,262376.00,12192,250184,167.00,158.00,325.00,158,167,0.00,0.00,0,0
1508202486,s2-eth2,4212.00,87812.00,92024.00,87812,4212,54.00,58.00,112.00,58,54,0.00,0.00,0,0
1508202486,s2-eth1,89326.00,4212.00,93538.00,4212,89326,59.00,54.00,113.00,54,59,0.00,0.00,0,0
1508202486,lo,0.00,0.00,0.00,0,0,0.00,0.00,0.00,0,0,0.00,0.00,0,0
1508202486,total,356362.00,358568.00,714930.00,358568,356362,441.00,438.00,879.00,438,441,0.00,0.00,0,0
1508202487,s1,0.00,0.00,0.00,0,0,0.00,0.00,0.00,0,0,0.00,0.00,0,0
1508202487,eth0,60.00,60.00,120.00,60,60,1.00,1.00,2.00,1,1,0.00,0.00,0,0
1508202487,s2,0.00,0.00,0.00,0,0,0.00,0.00,0.00,0,0,0.00,0.00,0,0
1508202487,s1-eth2,12799.00,260408.00,273207.00,260408,12799,165.00,172.00,337.00,172,165,0.00,0.00,0,0
1508202487,s1-eth1,250207.00,12402.00,262609.00,12402,250207,167.00,163.00,330.00,163,167,0.00,0.00,0,0
1508202487,s2-eth2,3889.00,72672.00,76561.00,72672,3889,43.00,48.00,91.00,48,43,0.00,0.00,0,0
1508202487,s2-eth1,66990.00,3188.00,70178.00,3188,66990,46.00,40.00,86.00,40,46,0.00,0.00,0,0
1508202487,lo,172.00,172.00,344.00,172,172,3.00,3.00,6.00,3,3,0.00,0.00,0,0
1508202487,total,334117.00,348902.00,683019.00,348902,334117,425.00,427.00,852.00,427,425,0.00,0.00,0,0
1508202488,s1,0.00,0.00,0.00,0,0,0.00,0.00,0.00,0,0,0.00,0.00,0,0
1508202488,eth0,0.00,0.00,0.00,0,0,0.00,0.00,0.00,0,0,0.00,0.00,0,0
1508202488,s2,0.00,0.00,0.00,0,0,0.00,0.00,0.00,0,0,0.00,0.00,0,0
1508202488,s1-eth2,12383.62,255610.39,267994.00,255866,12396,161.84,168.83,330.67,169,162,0.00,0.00,0,0
1508202488,s1-eth1,251324.00,12470.00,263794.00,12470,251324,166.00,163.00,329.00,163,166,0.00,0.00,0,0
1508202488,s2-eth2,3844.00,92354.00,96198.00,92354,3844,52.00,61.00,113.00,61,52,0.00,0.00,0,0
1508202488,s2-eth1,89723.00,3774.00,93497.00,3774,89723,61.00,51.00,112.00,51,61,0.00,0.00,0,0
1508202488,lo,0.00,0.00,0.00,0,0,0.00,0.00,0.00,0,0,0.00,0.00,0,0
1508202488,total,357287.00,364464.00,721751.00,364464,357287,441.00,444.00,885.00,444,441,0.00,0.00,0,0
1508202489,s1,0.00,0.00,0.00,0,0,0.00,0.00,0.00,0,0,0.00,0.00,0,0
1508202489,eth0,0.00,0.00,0.00,0,0,0.00,0.00,0.00,0,0,0.00,0.00,0,0
1508202489,s2,0.00,0.00,0.00,0,0,0.00,0.00,0.00,0,0,0.00,0.00,0,0
1508202489,s1-eth2,12206.00,252838.00,265044.00,252838,12206,157.00,167.00,324.00,167,157,0.00,0.00,0,0
1508202489,s1-eth1,249810.00,12132.00,261942.00,12132,249810,165.00,156.00,321.00,156,165,0.00,0.00,0,0
1508202489,s2-eth2,2738.00,112036.00,114774.00,112036,2738,37.00,74.00,111.00,74,37,0.00,0.00,0,0
1508202489,s2-eth1,109008.00,2738.00,111746.00,2738,109008,72.00,37.00,109.00,37,72,0.00,0.00,0,0
1508202489,lo,172.00,172.00,344.00,172,172,3.00,3.00,6.00,3,3,0.00,0.00,0,0
1508202489,total,373934.00,379916.00,753850.00,379916,373934,434.00,437.00,871.00,437,434,0.00,0.00,0,0
1508202490,s1,0.00,0.00,0.00,0,0,0.00,0.00,0.00,0,0,0.00,0.00,0,0
1508202490,eth0,0.00,86.00,86.00,86,0,0.00,1.00,1.00,1,0,0.00,0.00,0,0
1508202490,s2,0.00,0.00,0.00,0,0,0.00,0.00,0.00,0,0,0.00,0.00,0,0
1508202490,s1-eth2,12689.00,258894.00,271583.00,258894,12689,164.00,171.00,335.00,171,164,0.00,0.00,0,0
1508202490,s1-eth1,249917.00,12240.00,262157.00,12240,249917,166.00,162.00,328.00,162,166,0.00,0.00,0,0
1508202490,s2-eth2,3552.00,128690.00,132242.00,128690,3552,48.00,85.00,133.00,85,48,0.00,0.00,0,0
1508202490,s2-eth1,127518.00,3552.00,131070.00,3552,127518,85.00,48.00,133.00,48,85,0.00,0.00,0,0
1508202490,lo,0.00,0.00,0.00,0,0,0.00,0.00,0.00,0,0,0.00,0.00,0,0
1508202490,total,393676.00,403462.00,797138.00,403462,393676,463.00,467.00,930.00,467,463,0.00,0.00,0,0
1508202491,s1,0.00,0.00,0.00,0,0,0.00,0.00,0.00,0,0,0.00,0.00,0,0
1508202491,eth0,0.00,0.00,0.00,0,0,0.00,0.00,0.00,0,0,0.00,0.00,0,0
1508202491,s2,0.00,0.00,0.00,0,0,0.00,0.00,0.00,0,0,0.00,0.00,0,0
1508202491,s1-eth2,12508.00,260408.00,272916.00,260408,12508,162.00,172.00,334.00,172,162,0.00,0.00,0,0
1508202491,s1-eth1,249880.00,12438.00,262318.00,12438,249880,166.00,161.00,327.00,161,166,0.00,0.00,0,0
1508202491,s2-eth2,4271.00,113550.00,117821.00,113550,4271,55.00,75.00,130.00,75,55,0.00,0.00,0,0
1508202491,s2-eth1,116685.00,4164.00,120849.00,4164,116685,78.00,54.00,132.00,54,78,0.00,0.00,0,0
1508202491,lo,0.00,0.00,0.00,0,0,0.00,0.00,0.00,0,0,0.00,0.00,0,0
1508202491,total,383344.00,390560.00,773904.00,390560,383344,461.00,462.00,923.00,462,461,0.00,0.00,0,0
1508202492,s1,0.00,0.00,0.00,0,0,0.00,0.00,0.00,0,0,0.00,0.00,0,0
1508202492,eth0,0.00,0.00,0.00,0,0,0.00,0.00,0.00,0,0,0.00,0.00,0,0
1508202492,s2,0.00,0.00,0.00,0,0,0.00,0.00,0.00,0,0,0.00,0.00,0,0
1508202492,s1-eth2,12296.00,246782.00,259078.00,246782,12296,160.00,163.00,323.00,163,160,0.00,0.00,0,0
1508202492,s1-eth1,245268.00,12296.00,257564.00,12296,245268,162.00,160.00,322.00,160,162,0.00,0.00,0,0
1508202492,s2-eth2,5562.00,115064.00,120626.00,115064,5562,69.00,76.00,145.00,76,69,0.00,0.00,0,0
1508202492,s2-eth1,115134.00,5150.00,120284.00,5150,115134,77.00,67.00,144.00,67,77,0.00,0.00,0,0
1508202492,lo,172.00,172.00,344.00,172,172,3.00,3.00,6.00,3,3,0.00,0.00,0,0
1508202492,total,378432.00,379464.00,757896.00,379464,378432,471.00,469.00,940.00,469,471,0.00,0.00,0,0
1508202493,s1,0.00,0.00,0.00,0,0,0.00,0.00,0.00,0,0,0.00,0.00,0,0
1508202493,eth0,0.00,0.00,0.00,0,0,0.00,0.00,0.00,0,0,0.00,0.00,0,0
1508202493,s2,0.00,0.00,0.00,0,0,0.00,0.00,0.00,0,0,0.00,0.00,0,0
1508202493,s1-eth2,11648.00,263436.00,275084.00,263436,11648,156.00,174.00,330.00,174,156,0.00,0.00,0,0
1508202493,s1-eth1,245610.00,11648.00,257258.00,11648,245610,163.00,156.00,319.00,156,163,0.00,0.00,0,0
1508202493,s2-eth2,4634.00,110522.00,115156.00,110522,4634,57.00,73.00,130.00,73,57,0.00,0.00,0,0
1508202493,s2-eth1,102952.00,4634.00,107586.00,4634,102952,68.00,57.00,125.00,57,68,0.00,0.00,0,0
1508202493,lo,0.00,0.00,0.00,0,0,0.00,0.00,0.00,0,0,0.00,0.00,0,0
1508202493,total,364844.00,390240.00,755084.00,390240,364844,444.00,460.00,904.00,460,444,0.00,0.00,0,0
1508202494,s1,0.00,0.00,0.00,0,0,0.00,0.00,0.00,0,0,0.00,0.00,0,0
1508202494,eth0,0.00,0.00,0.00,0,0,0.00,0.00,0.00,0,0,0.00,0.00,0,0
1508202494,s2,0.00,0.00,0.00,0,0,0.00,0.00,0.00,0,0,0.00,0.00,0,0
1508202494,s1-eth2,12915.08,255610.39,268525.47,255866,12928,163.84,168.83,332.67,169,164,0.00,0.00,0,0
1508202494,s1-eth1,249560.45,12915.08,262475.53,12928,249810,164.84,163.84,328.67,164,165,0.00,0.00,0,0
1508202494,s2-eth2,3682.32,101336.66,105018.98,101438,3686,48.95,66.93,115.88,67,49,0.00,0.00,0,0
1508202494,s2-eth1,105874.12,3682.32,109556.45,3686,105980,69.93,48.95,118.88,49,70,0.00,0.00,0,0
1508202494,lo,171.83,171.83,343.66,172,172,3.00,3.00,5.99,3,3,0.00,0.00,0,0
1508202494,total,372203.81,373716.28,745920.12,374090,372576,450.55,451.55,902.10,452,451,0.00,0.00,0,0
1508202495,s1,0.00,0.00,0.00,0,0,0.00,0.00,0.00,0,0,0.00,0.00,0,0
1508202495,eth0,0.00,0.00,0.00,0,0,0.00,0.00,0.00,0,0,0.00,0.00,0,0
1508202495,s2,0.00,0.00,0.00,0,0,0.00,0.00,0.00,0,0,0.00,0.00,0,0
1508202495,s1-eth2,12112.00,260408.00,272520.00,260408,12112,160.00,172.00,332.00,172,160,0.00,0.00,0,0
1508202495,s1-eth1,249810.00,12112.00,261922.00,12112,249810,165.00,160.00,325.00,160,165,0.00,0.00,0,0
1508202495,s2-eth2,5020.00,122634.00,127654.00,122634,5020,66.00,81.00,147.00,81,66,0.00,0.00,0,0
1508202495,s2-eth1,118092.00,5020.00,123112.00,5020,118092,78.00,66.00,144.00,66,78,0.00,0.00,0,0
1508202495,lo,0.00,0.00,0.00,0,0,0.00,0.00,0.00,0,0,0.00,0.00,0,0
1508202495,total,385034.00,400174.00,785208.00,400174,385034,469.00,479.00,948.00,479,469,0.00,0.00,0,0
1508202496,s1,0.00,0.00,0.00,0,0,0.00,0.00,0.00,0,0,0.00,0.00,0,0
1508202496,eth0,0.00,0.00,0.00,0,0,0.00,0.00,0.00,0,0,0.00,0.00,0,0
1508202496,s2,0.00,0.00,0.00,0,0,0.00,0.00,0.00,0,0,0.00,0.00,0,0
1508202496,s1-eth2,12058.00,249810.00,261868.00,249810,12058,155.00,165.00,320.00,165,155,0.00,0.00,0,0
1508202496,s1-eth1,251324.00,12132.00,263456.00,12132,251324,166.00,156.00,322.00,156,166,0.00,0.00,0,0
1508202496,s2-eth2,5322.00,105980.00,111302.00,105980,5322,67.00,70.00,137.00,70,67,0.00,0.00,0,0
1508202496,s2-eth1,98410.00,5322.00,103732.00,5322,98410,65.00,67.00,132.00,67,65,0.00,0.00,0,0
1508202496,lo,0.00,0.00,0.00,0,0,0.00,0.00,0.00,0,0,0.00,0.00,0,0
1508202496,total,367114.00,373244.00,740358.00,373244,367114,453.00,458.00,911.00,458,453,0.00,0.00,0,0
1508202497,s1,0.00,0.00,0.00,0,0,0.00,0.00,0.00,0,0,0.00,0.00,0,0
1508202497,eth0,0.00,0.00,0.00,0,0,0.00,0.00,0.00,0,0,0.00,0.00,0,0
1508202497,s2,0.00,0.00,0.00,0,0,0.00,0.00,0.00,0,0,0.00,0.00,0,0
1508202497,s1-eth2,12172.00,258894.00,271066.00,258894,12172,158.00,171.00,329.00,171,158,0.00,0.00,0,0
1508202497,s1-eth1,249810.00,12098.00,261908.00,12098,249810,165.00,157.00,322.00,157,165,0.00,0.00,0,0
1508202497,s2-eth2,2908.00,75700.00,78608.00,75700,2908,38.00,50.00,88.00,50,38,0.00,0.00,0,0
1508202497,s2-eth1,81756.00,2908.00,84664.00,2908,81756,54.00,38.00,92.00,38,54,0.00,0.00,0,0
1508202497,lo,172.00,172.00,344.00,172,172,3.00,3.00,6.00,3,3,0.00,0.00,0,0
1508202497,total,346818.00,349772.00,696590.00,349772,346818,418.00,419.00,837.00,419,418,0.00,0.00,0,0
1508202498,s1,0.00,0.00,0.00,0,0,0.00,0.00,0.00,0,0,0.00,0.00,0,0
1508202498,eth0,0.00,0.00,0.00,0,0,0.00,0.00,0.00,0,0,0.00,0.00,0,0
1508202498,s2,0.00,0.00,0.00,0,0,0.00,0.00,0.00,0,0,0.00,0.00,0,0
1508202498,s1-eth2,12187.00,254352.00,266539.00,254352,12187,161.00,168.00,329.00,168,161,0.00,0.00,0,0
1508202498,s1-eth1,249917.00,12080.00,261997.00,12080,249917,166.00,160.00,326.00,160,166,0.00,0.00,0,0
1508202498,s2-eth2,3312.00,65102.00,68414.00,65102,3312,42.00,43.00,85.00,43,42,0.00,0.00,0,0
1508202498,s2-eth1,59046.00,3312.00,62358.00,3312,59046,39.00,42.00,81.00,42,39,0.00,0.00,0,0
1508202498,lo,0.00,0.00,0.00,0,0,0.00,0.00,0.00,0,0,0.00,0.00,0,0
1508202498,total,324462.00,334846.00,659308.00,334846,324462,408.00,413.00,821.00,413,408,0.00,0.00,0,0
1508202499,s1,0.00,0.00,0.00,0,0,0.00,0.00,0.00,0,0,0.00,0.00,0,0
1508202499,eth0,0.00,0.00,0.00,0,0,0.00,0.00,0.00,0,0,0.00,0.00,0,0
1508202499,s2,0.00,0.00,0.00,0,0,0.00,0.00,0.00,0,0,0.00,0.00,0,0
1508202499,s1-eth2,12260.00,260408.00,272668.00,260408,12260,160.00,172.00,332.00,172,160,0.00,0.00,0,0
1508202499,s1-eth1,249810.00,12260.00,262070.00,12260,249810,165.00,160.00,325.00,160,165,0.00,0.00,0,0
1508202499,s2-eth2,3321.00,62074.00,65395.00,62074,3321,42.00,41.00,83.00,41,42,0.00,0.00,0,0
1508202499,s2-eth1,62181.00,3214.00,65395.00,3214,62181,42.00,41.00,83.00,41,42,0.00,0.00,0,0
1508202499,lo,172.00,172.00,344.00,172,172,3.00,3.00,6.00,3,3,0.00,0.00,0,0
1508202499,total,327744.00,338128.00,665872.00,338128,327744,412.00,417.00,829.00,417,412,0.00,0.00,0,0
1508202500,s1,0.00,0.00,0.00,0,0,0.00,0.00,0.00,0,0,0.00,0.00,0,0
1508202500,eth0,0.00,0.00,0.00,0,0,0.00,0.00,0.00,0,0,0.00,0.00,0,0
1508202500,s2,0.00,0.00,0.00,0,0,0.00,0.00,0.00,0,0,0.00,0.00,0,0
1508202500,s1-eth2,12428.00,254352.00,266780.00,254352,12428,162.00,168.00,330.00,168,162,0.00,0.00,0,0
1508202500,s1-eth1,249810.00,12428.00,262238.00,12428,249810,165.00,162.00,327.00,162,165,0.00,0.00,0,0
1508202500,s2-eth2,2524.00,49962.00,52486.00,49962,2524,32.00,33.00,65.00,33,32,0.00,0.00,0,0
1508202500,s2-eth1,46934.00,2524.00,49458.00,2524,46934,31.00,32.00,63.00,32,31,0.00,0.00,0,0
1508202500,lo,0.00,0.00,0.00,0,0,0.00,0.00,0.00,0,0,0.00,0.00,0,0
1508202500,total,311696.00,319266.00,630962.00,319266,311696,390.00,395.00,785.00,395,390,0.00,0.00,0,0
1508202501,s1,0.00,0.00,0.00,0,0,0.00,0.00,0.00,0,0,0.00,0.00,0,0
1508202501,eth0,0.00,0.00,0.00,0,0,0.00,0.00,0.00,0,0,0.00,0.00,0,0
1508202501,s2,0.00,0.00,0.00,0,0,0.00,0.00,0.00,0,0,0.00,0.00,0,0
1508202501,s1-eth2,12362.00,258894.00,271256.00,258894,12362,161.00,171.00,332.00,171,161,0.00,0.00,0,0
1508202501,s1-eth1,250152.00,12362.00,262514.00,12362,250152,166.00,161.00,327.00,161,166,0.00,0.00,0,0
1508202501,s2-eth2,1896.00,36336.00,38232.00,36336,1896,24.00,24.00,48.00,24,24,0.00,0.00,0,0
1508202501,s2-eth1,37850.00,1896.00,39746.00,1896,37850,25.00,24.00,49.00,24,25,0.00,0.00,0,0
1508202501,lo,0.00,0.00,0.00,0,0,0.00,0.00,0.00,0,0,0.00,0.00,0,0
1508202501,total,302260.00,309488.00,611748.00,309488,302260,376.00,380.00,756.00,380,376,0.00,0.00,0,0
1508202502,s1,0.00,0.00,0.00,0,0,0.00,0.00,0.00,0,0,0.00,0.00,0,0
1508202502,eth0,0.00,0.00,0.00,0,0,0.00,0.00,0.00,0,0,0.00,0.00,0,0
1508202502,s2,0.00,0.00,0.00,0,0,0.00,0.00,0.00,0,0,0.00,0.00,0,0
1508202502,s1-eth2,12422.00,255866.00,268288.00,255866,12422,161.00,169.00,330.00,169,161,0.00,0.00,0,0
1508202502,s1-eth1,249810.00,12166.00,261976.00,12166,249810,165.00,161.00,326.00,161,165,0.00,0.00,0,0
1508202502,s2-eth2,2306.00,42434.00,44740.00,42434,2306,27.00,29.00,56.00,29,27,0.00,0.00,0,0
1508202502,s2-eth1,37892.00,1964.00,39856.00,1964,37892,26.00,26.00,52.00,26,26,0.00,0.00,0,0
1508202502,lo,172.00,172.00,344.00,172,172,3.00,3.00,6.00,3,3,0.00,0.00,0,0
1508202502,total,302602.00,312602.00,615204.00,312602,302602,382.00,388.00,770.00,388,382,0.00,0.00,0,0
1508202503,s1,0.00,0.00,0.00,0,0,0.00,0.00,0.00,0,0,0.00,0.00,0,0
1508202503,eth0,0.00,0.00,0.00,0,0,0.00,0.00,0.00,0,0,0.00,0.00,0,0
1508202503,s2,0.00,0.00,0.00,0,0,0.00,0.00,0.00,0,0,0.00,0.00,0,0
1508202503,s1-eth2,12248.00,257380.00,269628.00,257380,12248,160.00,170.00,330.00,170,160,0.00,0.00,0,0
1508202503,s1-eth1,251324.00,12162.00,263486.00,12162,251324,166.00,159.00,325.00,159,166,0.00,0.00,0,0
1508202503,s2-eth2,1996.00,42392.00,44388.00,42392,1996,26.00,28.00,54.00,28,26,0.00,0.00,0,0
1508202503,s2-eth1,37850.00,1996.00,39846.00,1996,37850,25.00,26.00,51.00,26,25,0.00,0.00,0,0
1508202503,lo,0.00,0.00,0.00,0,0,0.00,0.00,0.00,0,0,0.00,0.00,0,0
1508202503,total,303418.00,313930.00,617348.00,313930,303418,377.00,383.00,760.00,383,377,0.00,0.00,0,0
1508202504,s1,0.00,0.00,0.00,0,0,0.00,0.00,0.00,0,0,0.00,0.00,0,0
1508202504,eth0,0.00,0.00,0.00,0,0,0.00,0.00,0.00,0,0,0.00,0.00,0,0
1508202504,s2,0.00,0.00,0.00,0,0,0.00,0.00,0.00,0,0,0.00,0.00,0,0
1508202504,s1-eth2,11640.00,249810.00,261450.00,249810,11640,150.00,165.00,315.00,165,150,0.00,0.00,0,0
1508202504,s1-eth1,249810.00,11640.00,261450.00,11640,249810,165.00,150.00,315.00,150,165,0.00,0.00,0,0
1508202504,s2-eth2,1934.00,43906.00,45840.00,43906,1934,25.00,29.00,54.00,29,25,0.00,0.00,0,0
1508202504,s2-eth1,48790.00,1934.00,50724.00,1934,48790,33.00,25.00,58.00,25,33,0.00,0.00,0,0
1508202504,lo,172.00,172.00,344.00,172,172,3.00,3.00,6.00,3,3,0.00,0.00,0,0
1508202504,total,312346.00,307462.00,619808.00,307462,312346,376.00,372.00,748.00,372,376,0.00,0.00,0,0
1508202505,s1,0.00,0.00,0.00,0,0,0.00,0.00,0.00,0,0,0.00,0.00,0,0
1508202505,eth0,0.00,0.00,0.00,0,0,0.00,0.00,0.00,0,0,0.00,0.00,0,0
1508202505,s2,0.00,0.00,0.00,0,0,0.00,0.00,0.00,0,0,0.00,0.00,0,0
1508202505,s1-eth2,11690.00,257380.00,269070.00,257380,11690,153.00,170.00,323.00,170,153,0.00,0.00,0,0
1508202505,s1-eth1,242240.00,11690.00,253930.00,11690,242240,160.00,153.00,313.00,153,160,0.00,0.00,0,0
1508202505,s2-eth2,2298.00,49962.00,52260.00,49962,2298,29.00,33.00,62.00,33,29,0.00,0.00,0,0
1508202505,s2-eth1,40878.00,2298.00,43176.00,2298,40878,27.00,29.00,56.00,29,27,0.00,0.00,0,0
1508202505,lo,0.00,0.00,0.00,0,0,0.00,0.00,0.00,0,0,0.00,0.00,0,0
1508202505,total,297106.00,321330.00,618436.00,321330,297106,369.00,385.00,754.00,385,369,0.00,0.00,0,0
1508202506,s1,0.00,0.00,0.00,0,0,0.00,0.00,0.00,0,0,0.00,0.00,0,0
1508202506,eth0,0.00,0.00,0.00,0,0,0.00,0.00,0.00,0,0,0.00,0.00,0,0
1508202506,s2,0.00,0.00,0.00,0,0,0.00,0.00,0.00,0,0,0.00,0.00,0,0
1508202506,s1-eth2,7918.00,154442.00,162360.00,154442,7918,101.00,105.00,206.00,105,101,0.00,0.00,0,0
1508202506,s1-eth1,157470.00,7918.00,165388.00,7918,157470,107.00,101.00,208.00,101,107,0.00,0.00,0,0
1508202506,s2-eth2,1356.00,22858.00,24214.00,22858,1356,18.00,17.00,35.00,17,18,0.00,0.00,0,0
1508202506,s2-eth1,27400.00,1356.00,28756.00,1356,27400,20.00,18.00,38.00,18,20,0.00,0.00,0,0
1508202506,lo,0.00,0.00,0.00,0,0,0.00,0.00,0.00,0,0,0.00,0.00,0,0
1508202506,total,194144.00,186574.00,380718.00,186574,194144,246.00,241.00,487.00,241,246,0.00,0.00,0,0
1508202507,s1,0.00,0.00,0.00,0,0,0.00,0.00,0.00,0,0,0.00,0.00,0,0
1508202507,eth0,0.00,0.00,0.00,0,0,0.00,0.00,0.00,0,0,0.00,0.00,0,0
1508202507,s2,0.00,0.00,0.00,0,0,0.00,0.00,0.00,0,0,0.00,0.00,0,0
1508202507,s1-eth2,0.00,0.00,0.00,0,0,0.00,0.00,0.00,0,0,0.00,0.00,0,0
1508202507,s1-eth1,0.00,0.00,0.00,0,0,0.00,0.00,0.00,0,0,0.00,0.00,0,0
1508202507,s2-eth2,0.00,0.00,0.00,0,0,0.00,0.00,0.00,0,0,0.00,0.00,0,0
1508202507,s2-eth1,0.00,0.00,0.00,0,0,0.00,0.00,0.00,0,0,0.00,0.00,0,0
1508202507,lo,172.00,172.00,344.00,172,172,3.00,3.00,6.00,3,3,0.00,0.00,0,0
1508202507,total,172.00,172.00,344.00,172,172,3.00,3.00,6.00,3,3,0.00,0.00,0,0
1508202508,s1,0.00,0.00,0.00,0,0,0.00,0.00,0.00,0,0,0.00,0.00,0,0
1508202508,eth0,0.00,0.00,0.00,0,0,0.00,0.00,0.00,0,0,0.00,0.00,0,0
1508202508,s2,0.00,0.00,0.00,0,0,0.00,0.00,0.00,0,0,0.00,0.00,0,0
1508202508,s1-eth2,0.00,0.00,0.00,0,0,0.00,0.00,0.00,0,0,0.00,0.00,0,0
1508202508,s1-eth1,0.00,0.00,0.00,0,0,0.00,0.00,0.00,0,0,0.00,0.00,0,0
1508202508,s2-eth2,0.00,0.00,0.00,0,0,0.00,0.00,0.00,0,0,0.00,0.00,0,0
1508202508,s2-eth1,0.00,0.00,0.00,0,0,0.00,0.00,0.00,0,0,0.00,0.00,0,0
1508202508,lo,0.00,0.00,0.00,0,0,0.00,0.00,0.00,0,0,0.00,0.00,0,0
1508