1508204476,eth0,0.00,0.00,0.00,0,0,0.00,0.00,0.00,0,0,0.00,0.00,0,0
1508204476,s2,0.00,0.00,0.00,0,0,0.00,0.00,0.00,0,0,0.00,0.00,0,0
1508204476,s2-eth2,0.00,0.00,0.00,0,0,0.00,0.00,0.00,0,0,0.00,0.00,0,0
1508204476,s2-eth1,0.00,0.00,0.00,0,0,0.00,0.00,0.00,0,0,0.00,0.00,0,0
1508204476,lo,0.00,0.00,0.00,0,0,0.00,0.00,0.00,0,0,0.00,0.00,0,0
1508204476,total,0.00,0.00,0.00,0,0,0.00,0.00,0.00,0,0,0.00,0.00,0,0
1508204477,eth0,152.00,245.00,397.00,245,152,2.00,2.00,4.00,2,2,0.00,0.00,0,0
1508204477,s2,250.00,180.00,430.00,180,250,3.00,2.00,5.00,2,3,0.00,0.00,0,0
1508204477,s2-eth2,7542.00,311100.00,318642.00,311100,7542,93.00,106.00,199.00,106,93,0.00,0.00,0,0
1508204477,s2-eth1,247403.00,5436.00,252839.00,5436,247403,92.00,82.00,174.00,82,92,0.00,0.00,0,0
1508204477,lo,1761.00,1761.00,3522.00,1761,1761,19.00,19.00,38.00,19,19,0.00,0.00,0,0
1508204477,total,257108.00,318722.00,575830.00,318722,257108,209.00,211.00,420.00,211,209,0.00,0.00,0,0
1508204478,eth0,151.85,244.76,396.60,245,152,2.00,2.00,4.00,2,2,0.00,0.00,0,0
1508204478,s2,0.00,0.00,0.00,0,0,0.00,0.00,0.00,0,0,0.00,0.00,0,0
1508204478,s2-eth2,9415.58,213388.62,222804.20,213602,9425,102.90,120.88,223.78,121,103,0.00,0.00,0,0
1508204478,s2-eth1,243739.27,8547.45,252286.72,8556,243983,109.89,99.90,209.79,100,110,0.00,0.00,0,0
1508204478,lo,340.66,340.66,681.32,341,341,4.00,4.00,7.99,4,4,0.00,0.00,0,0
1508204478,total,253647.36,222521.48,476168.84,222744,253901,218.78,226.77,445.55,227,219,0.00,0.00,0,0
1508204479,eth0,0.00,0.00,0.00,0,0,0.00,0.00,0.00,0,0,0.00,0.00,0,0
1508204479,s2,0.00,0.00,0.00,0,0,0.00,0.00,0.00,0,0,0.00,0.00,0,0
1508204479,s2-eth2,11642.00,220908.00,232550.00,220908,11642,149.00,122.00,271.00,122,149,0.00,0.00,0,0
1508204479,s2-eth1,249191.00,11548.00,260739.00,11548,249191,155.00,148.00,303.00,148,155,0.00,0.00,0,0
1508204479,lo,0.00,0.00,0.00,0,0,0.00,0.00,0.00,0,0,0.00,0.00,0,0
1508204479,total,260833.00,232456.00,493289.00,232456,260833,304.00,270.00,574.00,270,304,0.00,0.00,0,0
1508204480,eth0,60.00,60.00,120.00,60,60,1.00,1.00,2.00,1,1,0.00,0.00,0,0
1508204480,s2,0.00,140.00,140.00,140,0,0.00,2.00,2.00,2,0,0.00,0.00,0,0
1508204480,s2-eth2,8185.00,232228.00,240413.00,232228,8185,111.00,96.00,207.00,96,111,0.00,0.00,0,0
1508204480,s2-eth1,247768.00,7414.00,255182.00,7414,247768,105.00,107.00,212.00,107,105,0.00,0.00,0,0
1508204480,lo,536.00,536.00,1072.00,536,536,6.00,6.00,12.00,6,6,0.00,0.00,0,0
1508204480,total,256549.00,240378.00,496927.00,240378,256549,223.00,212.00,435.00,212,223,0.00,0.00,0,0
1508204481,eth0,0.00,0.00,0.00,0,0,0.00,0.00,0.00,0,0,0.00,0.00,0,0
1508204481,s2,70.00,0.00,70.00,0,70,1.00,0.00,1.00,0,1,0.00,0.00,0,0
1508204481,s2-eth2,5758.00,251770.00,257528.00,251770,5758,83.00,85.00,168.00,85,83,0.00,0.00,0,0
1508204481,s2-eth1,242954.00,5346.00,248300.00,5346,242954,83.00,81.00,164.00,81,83,0.00,0.00,0,0
1508204481,lo,268.00,268.00,536.00,268,268,3.00,3.00,6.00,3,3,0.00,0.00,0,0
1508204481,total,249050.00,257384.00,506434.00,257384,249050,170.00,169.00,339.00,169,170,0.00,0.00,0,0
1508204482,eth0,0.00,0.00,0.00,0,0,0.00,0.00,0.00,0,0,0.00,0.00,0,0
1508204482,s2,0.00,0.00,0.00,0,0,0.00,0.00,0.00,0,0,0.00,0.00,0,0
1508204482,s2-eth2,5604.00,228734.00,234338.00,228734,5604,82.00,87.00,169.00,87,82,0.00,0.00,0,0
1508204482,s2-eth1,244740.00,5604.00,250344.00,5604,244740,84.00,82.00,166.00,82,84,0.00,0.00,0,0
1508204482,lo,0.00,0.00,0.00,0,0,0.00,0.00,0.00,0,0,0.00,0.00,0,0
1508204482,total,250344.00,234338.00,484682.00,234338,250344,166.00,169.00,335.00,169,166,0.00,0.00,0,0
1508204483,eth0,0.00,0.00,0.00,0,0,0.00,0.00,0.00,0,0,0.00,0.00,0,0
1508204483,s2,0.00,0.00,0.00,0,0,0.00,0.00,0.00,0,0,0.00,0.00,0,0
1508204483,s2-eth2,5892.00,254798.00,260690.00,254798,5892,88.00,87.00,175.00,87,88,0.00,0.00,0,0
1508204483,s2-eth1,245165.00,5892.00,251057.00,5892,245165,94.00,88.00,182.00,88,94,0.00,0.00,0,0
1508204483,lo,0.00,0.00,0.00,0,0,0.00,0.00,0.00,0,0,0.00,0.00,0,0
1508204483,total,251057.00,260690.00,511747.00,260690,251057,182.00,175.00,357.00,175,182,0.00,0.00,0,0
1508204484,eth0,0.00,0.00,0.00,0,0,0.00,0.00,0.00,0,0,0.00,0.00,0,0
1508204484,s2,0.00,139.86,139.86,140,0,0.00,2.00,2.00,2,0,0.00,0.00,0,0
1508204484,s2-eth2,6852.15,207536.47,214388.62,207744,6859,94.91,97.90,192.81,98,95,0.00,0.00,0,0
1508204484,s2-eth1,231212.80,6675.32,237888.12,6682,231444,105.89,92.91,198.80,93,106,0.00,0.00,0,0
1508204484,lo,535.46,535.46,1070.93,536,536,5.99,5.99,11.99,6,6,0.00,0.00,0,0
1508204484,total,238600.41,214887.12,453487.53,215102,238839,206.79,198.80,405.59,199,207,0.00,0.00,0,0
1508204485,eth0,0.00,0.00,0.00,0,0,0.00,0.00,0.00,0,0,0.00,0.00,0,0
1508204485,s2,70.00,0.00,70.00,0,70,1.00,0.00,1.00,0,1,0.00,0.00,0,0
1508204485,s2-eth2,4684.00,175220.00,179904.00,175220,4684,68.00,66.00,134.00,66,68,0.00,0.00,0,0
1508204485,s2-eth1,164956.00,4614.00,169570.00,4614,164956,64.00,67.00,131.00,67,64,0.00,0.00,0,0
1508204485,lo,268.00,268.00,536.00,268,268,3.00,3.00,6.00,3,3,0.00,0.00,0,0
1508204485,total,169978.00,180102.00,350080.00,180102,169978,136.00,136.00,272.00,136,136,0.00,0.00,0,0
1508204486,eth0,0.00,0.00,0.00,0,0,0.00,0.00,0.00,0,0,0.00,0.00,0,0
1508204486,s2,0.00,0.00,0.00,0,0,0.00,0.00,0.00,0,0,0.00,0.00,0,0
1508204486,s2-eth2,4104.00,171796.00,175900.00,171796,4104,58.00,58.00,116.00,58,58,0.00,0.00,0,0
1508204486,s2-eth1,178062.00,3762.00,181824.00,3762,178062,61.00,57.00,118.00,57,61,0.00,0.00,0,0
1508204486,lo,0.00,0.00,0.00,0,0,0.00,0.00,0.00,0,0,0.00,0.00,0,0
1508204486,total,182166.00,175558.00,357724.00,175558,182166,119.00,115.00,234.00,115,119,0.00,0.00,0,0
1508204487,eth0,0.00,0.00,0.00,0,0,0.00,0.00,0.00,0,0,0.00,0.00,0,0
1508204487,s2,0.00,0.00,0.00,0,0,0.00,0.00,0.00,0,0,0.00,0.00,0,0
1508204487,s2-eth2,4356.00,198454.00,202810.00,198454,4356,66.00,67.00,133.00,67,66,0.00,0.00,0,0
1508204487,s2-eth1,189568.00,4356.00,193924.00,4356,189568,64.00,66.00,130.00,66,64,0.00,0.00,0,0
1508204487,lo,0.00,0.00,0.00,0,0,0.00,0.00,0.00,0,0,0.00,0.00,0,0
1508204487,total,193924.00,202810.00,396734.00,202810,193924,130.00,133.00,263.00,133,130,0.00,0.00,0,0
1508204488,eth0,0.00,0.00,0.00,0,0,0.00,0.00,0.00,0,0,0.00,0.00,0,0
1508204488,s2,0.00,0.00,0.00,0,0,0.00,0.00,0.00,0,0,0.00,0.00,0,0
1508204488,s2-eth2,4830.00,184238.00,189068.00,184238,4830,71.00,71.00,142.00,71,71,0.00,0.00,0,0
1508204488,s2-eth1,190162.00,4830.00,194992.00,4830,190162,73.00,71.00,144.00,71,73,0.00,0.00,0,0
1508204488,lo,0.00,0.00,0.00,0,0,0.00,0.00,0.00,0,0,0.00,0.00,0,0
1508204488,total,194992.00,189068.00,384060.00,189068,194992,144.00,142.00,286.00,142,144,0.00,0.00,0,0
1508204489,eth0,0.00,0.00,0.00,0,0,0.00,0.00,0.00,0,0,0.00,0.00,0,0
1508204489,s2,0.00,0.00,0.00,0,0,0.00,0.00,0.00,0,0,0.00,0.00,0,0
1508204489,s2-eth2,3066.00,102882.00,105948.00,102882,3066,43.00,45.00,88.00,45,43,0.00,0.00,0,0
1508204489,s2-eth1,99788.00,3066.00,102854.00,3066,99788,42.00,43.00,85.00,43,42,0.00,0.00,0,0
1508204489,lo,0.00,0.00,0.00,0,0,0.00,0.00,0.00,0,0,0.00,0.00,0,0
1508204489,total,102854.00,105948.00,208802.00,105948,102854,85.00,88.00,173.00,88,85,0.00,0.00,0,0
1508204490,eth0,0.00,0.00,0.00,0,0,0.00,0.00,0.00,0,0,0.00,0.00,0,0
1508204490,s2,0.00,0.00,0.00,0,0,0.00,0.00,0.00,0,0,0.00,0.00,0,0
1508204490,s2-eth2,2067.93,87390.61,89458.55,87478,2070,30.97,30.97,61.94,31,31,0.00,0.00,0,0
1508204490,s2-eth1,90481.52,2067.93,92549.45,2070,90572,33.97,30.97,64.94,31,34,0.00,0.00,0,0
1508204490,lo,171.83,171.83,343.66,172,172,3.00,3.00,5.99,3,3,0.00,0.00,0,0
1508204490,total,92721.28,89630.38,182351.66,89720,92814,67.93,64.94,132.87,65,68,0.00,0.00,0,0
1508204491,eth0,0.00,0.00,0.00,0,0,0.00,0.00,0.00,0,0,0.00,0.00,0,0
1508204491,s2,0.00,0.00,0.00,0,0,0.00,0.00,0.00,0,0,0.00,0.00,0,0
1508204491,s2-eth2,2241.76,100607.40,102849.16,100708,2244,33.97,33.97,67.93,34,34,0.00,0.00,0,0
1508204491,s2-eth1,91730.27,2241.76,93972.03,2244,91822,30.97,33.97,64.94,34,31,0.00,0.00,0,0
1508204491,lo,0.00,0.00,0.00,0,0,0.00,0.00,0.00,0,0,0.00,0.00,0,0
1508204491,total,93972.03,102849.16,196821.19,102952,94066,64.94,67.93,132.87,68,65,0.00,0.00,0,0
1508204492,eth0,0.00,0.00,0.00,0,0,0.00,0.00,0.00,0,0,0.00,0.00,0,0
1508204492,s2,0.00,0.00,0.00,0,0,0.00,0.00,0.00,0,0,0.00,0.00,0,0
1508204492,s2-eth2,2492.51,100607.40,103099.91,100708,2495,32.97,33.97,66.93,34,33,0.00,0.00,0,0
1508204492,s2-eth1,103566.44,2043.96,105610.39,2046,103670,34.97,30.97,65.93,31,35,0.00,0.00,0,0
1508204492,lo,0.00,0.00,0.00,0,0,0.00,0.00,0.00,0,0,0.00,0.00,0,0
1508204492,total,106058.95,102651.35,208710.30,102754,106165,67.93,64.94,132.87,65,68,0.00,0.00,0,0
1508204493,eth0,0.00,0.00,0.00,0,0,0.00,0.00,0.00,0,0,0.00,0.00,0,0
1508204493,s2,0.00,0.00,0.00,0,0,0.00,0.00,0.00,0,0,0.00,0.00,0,0
1508204493,s2-eth2,2175.82,112443.56,114619.38,112556,2178,32.97,37.96,70.93,38,33,0.00,0.00,0,0
1508204493,s2-eth1,103566.44,2175.82,105742.26,2178,103670,34.97,32.97,67.93,33,35,0.00,0.00,0,0
1508204493,lo,0.00,0.00,0.00,0,0,0.00,0.00,0.00,0,0,0.00,0.00,0,0
1508204493,total,105742.26,114619.38,220361.64,114734,105848,67.93,70.93,138.86,71,68,0.00,0.00,0,0
1508204494,eth0,0.00,0.00,0.00,0,0,0.00,0.00,0.00,0,0,0.00,0.00,0,0
1508204494,s2,0.00,0.00,0.00,0,0,0.00,0.00,0.00,0,0,0.00,0.00,0,0
1508204494,s2-eth2,2667.33,111392.61,114059.95,111504,2670,38.96,43.96,82.92,44,39,0.00,0.00,0,0
1508204494,s2-eth1,120203.80,2667.33,122871.13,2670,120324,45.95,38.96,84.92,39,46,0.00,0.00,0,0
1508204494,lo,0.00,0.00,0.00,0,0,0.00,0.00,0.00,0,0,0.00,0.00,0,0
1508204494,total,122871.13,114059.95,236931.08,114174,122994,84.92,82.92,167.83,83,85,0.00,0.00,0,0
1508204495,eth0,0.00,0.00,0.00,0,0,0.00,0.00,0.00,0,0,0.00,0.00,0,0
1508204495,s2,0.00,0.00,0.00,0,0,0.00,0.00,0.00,0,0,0.00,0.00,0,0
1508204495,s2-eth2,2484.00,90836.00,93320.00,90836,2484,36.00,38.00,74.00,38,36,0.00,0.00,0,0
1508204495,s2-eth1,76434.00,2484.00,78918.00,2484,76434,35.00,36.00,71.00,36,35,0.00,0.00,0,0
1508204495,lo,172.00,172.00,344.00,172,172,3.00,3.00,6.00,3,3,0.00,0.00,0,0
1508204495,total,79090.00,93492.00,172582.00,93492,79090,74.00,77.00,151.00,77,74,0.00,0.00,0,0
1508204496,eth0,0.00,0.00,0.00,0,0,0.00,0.00,0.00,0,0,0.00,0.00,0,0
1508204496,s2,0.00,0.00,0.00,0,0,0.00,0.00,0.00,0,0,0.00,0.00,0,0
1508204496,s2-eth2,1972.03,77198.80,79170.83,77276,1974,28.97,29.97,58.94,30,29,0.00,0.00,0,0
1508204496,s2-eth1,89034.97,2037.96,91072.93,2040,89124,33.97,29.97,63.94,30,34,0.00,0.00,0,0
1508204496,lo,0.00,0.00,0.00,0,0,0.00,0.00,0.00,0,0,0.00,0.00,0,0
1508204496,total,91006.99,79236.77,170243.77,79316,91098,62.94,59.94,122.88,60,63,0.00,0.00,0,0
1508204497,eth0,0.00,0.00,0.00,0,0,0.00,0.00,0.00,0,0,0.00,0.00,0,0
1508204497,s2,0.00,0.00,0.00,0,0,0.00,0.00,0.00,0,0,0.00,0.00,0,0
1508204497,s2-eth2,2241.76,103566.44,105808.20,103670,2244,33.97,34.97,68.93,35,34,0.00,0.00,0,0
1508204497,s2-eth1,88771.23,2175.82,90947.05,2178,88860,29.97,32.97,62.94,33,30,0.00,0.00,0,0
1508204497,lo,0.00,0.00,0.00,0,0,0.00,0.00,0.00,0,0,0.00,0.00,0,0
1508204497,total,91012.99,105742.26,196755.25,105848,91104,63.94,67.93,131.87,68,64,0.00,0.00,0,0
1508204498,eth0,0.00,0.00,0.00,0,0,0.00,0.00,0.00,0,0,0.00,0.00,0,0
1508204498,s2,0.00,0.00,0.00,0,0,0.00,0.00,0.00,0,0,0.00,0.00,0,0
1508204498,s2-eth2,1980.00,88860.00,90840.00,88860,1980,30.00,30.00,60.00,30,30,0.00,0.00,0,0
1508204498,s2-eth1,103670.00,1980.00,105650.00,1980,103670,35.00,30.00,65.00,30,35,0.00,0.00,0,0
1508204498,lo,0.00,0.00,0.00,0,0,0.00,0.00,0.00,0,0,0.00,0.00,0,0
1508204498,total,105650.00,90840.00,196490.00,90840,105650,65.00,60.00,125.00,60,65,0.00,0.00,0,0
1508204499,eth0,0.00,0.00,0.00,0,0,0.00,0.00,0.00,0,0,0.00,0.00,0,0
1508204499,s2,0.00,0.00,0.00,0,0,0.00,0.00,0.00,0,0,0.00,0.00,0,0
1508204499,s2-eth2,2574.00,121442.00,124016.00,121442,2574,39.00,41.00,80.00,41,39,0.00,0.00,0,0
1508204499,s2-eth1,103670.00,2574.00,106244.00,2574,103670,35.00,39.00,74.00,39,35,0.00,0.00,0,0
1508204499,lo,0.00,0.00,0.00,0,0,0.00,0.00,0.00,0,0,0.00,0.00,0,0
1508204499,total,106244.00,124016.00,230260.00,124016,106244,74.00,80.00,154.00,80,74,0.00,0.00,0,0
1508204500,eth0,0.00,86.00,86.00,86,0,0.00,1.00,1.00,1,0,0.00,0.00,0,0
1508204500,s2,0.00,0.00,0.00,0,0,0.00,0.00,0.00,0,0,0.00,0.00,0,0
1508204500,s2-eth2,2400.00,114136.00,116536.00,114136,2400,36.00,40.00,76.00,40,36,0.00,0.00,0,0
1508204500,s2-eth1,128946.00,2400.00,131346.00,2400,128946,45.00,36.00,81.00,36,45,0.00,0.00,0,0
1508204500,lo,172.00,172.00,344.00,172,172,3.00,3.00,6.00,3,3,0.00,0.00,0,0
1508204500,total,131518.00,116794.00,248312.00,116794,131518,84.00,80.00,164.00,80,84,0.00,0.00,0,0
1508204501,eth0,0.00,0.00,0.00,0,0,0.00,0.00,0.00,0,0,0.00,0.00,0,0
1508204501,s2,0.00,0.00,0.00,0,0,0.00,0.00,0.00,0,0,0.00,0.00,0,0
1508204501,s2-eth2,3320.68,94363.64,97684.32,94458,3324,45.95,48.95,94.91,49,46,0.00,0.00,0,0
1508204501,s2-eth1,76345.66,3320.68,79666.34,3324,76422,38.96,45.95,84.92,46,39,0.00,0.00,0,0
1508204501,lo,0.00,0.00,0.00,0,0,0.00,0.00,0.00,0,0,0.00,0.00,0,0
1508204501,total,79666.34,97684.32,177350.66,97782,79746,84.92,94.91,179.82,95,85,0.00,0.00,0,0
1508204502,eth0,0.00,0.00,0.00,0,0,0.00,0.00,0.00,0,0,0.00,0.00,0,0
1508204502,s2,0.00,0.00,0.00,0,0,0.00,0.00,0.00,0,0,0.00,0.00,0,0
1508204502,s2-eth2,1572.00,44760.00,46332.00,44760,1572,22.00,20.00,42.00,20,22,0.00,0.00,0,0
1508204502,s2-eth1,50882.00,1572.00,52454.00,1572,50882,25.00,22.00,47.00,22,25,0.00,0.00,0,0
1508204502,lo,0.00,0.00,0.00,0,0,0.00,0.00,0.00,0,0,0.00,0.00,0,0
1508204502,total,52454.00,46332.00,98786.00,46332,52454,47.00,42.00,89.00,42,47,0.00,0.00,0,0
1508204503,eth0,0.00,0.00,0.00,0,0,0.00,0.00,0.00,0,0,0.00,0.00,0,0
1508204503,s2,0.00,0.00,0.00,0,0,0.00,0.00,0.00,0,0,0.00,0.00,0,0
1508204503,s2-eth2,1320.00,62202.00,63522.00,62202,1320,20.00,21.00,41.00,21,20,0.00,0.00,0,0
1508204503,s2-eth1,53316.00,1320.00,54636.00,1320,53316,18.00,20.00,38.00,20,18,0.00,0.00,0,0
1508204503,lo,0.00,0.00,0.00,0,0,0.00,0.00,0.00,0,0,0.00,0.00,0,0
1508204503,total,54636.00,63522.00,118158.00,63522,54636,38.00,41.00,79.00,41,38,0.00,0.00,0,0
1508204504,eth0,0.00,0.00,0.00,0,0,0.00,0.00,0.00,0,0,0.00,0.00,0,0
1508204504,s2,0.00,0.00,0.00,0,0,0.00,0.00,0.00,0,0,0.00,0.00,0,0
1508204504,s2-eth2,1188.00,56278.00,57466.00,56278,1188,18.00,19.00,37.00,19,18,0.00,0.00,0,0
1508204504,s2-eth1,65164.00,1188.00,66352.00,1188,65164,22.00,18.00,40.00,18,22,0.00,0.00,0,0
1508204504,lo,0.00,0.00,0.00,0,0,0.00,0.00,0.00,0,0,0.00,0.00,0,0
1508204504,total,66352.00,57466.00,123818.00,57466,66352,40.00,37.00,77.00,37,40,0.00,0.00,0,0
1508204505,eth0,0.00,0.00,0.00,0,0,0.00,0.00,0.00,0,0,0.00,0.00,0,0
1508204505,s2,0.00,0.00,0.00,0,0,0.00,0.00,0.00,0,0,0.00,0.00,0,0
1508204505,s2-eth2,1762.24,74107.89,75870.13,74182,1764,25.97,26.97,52.95,27,26,0.00,0.00,0,0
1508204505,s2-eth1,62205.80,1762.24,63968.04,1764,62268,21.98,25.97,47.95,26,22,0.00,0.00,0,0
1508204505,lo,171.83,171.83,343.66,172,172,3.00,3.00,5.99,3,3,0.00,0.00,0,0
1508204505,total,64139.86,76041.96,140181.83,76118,64204,50.95,55.94,106.89,56,51,0.00,0.00,0,0
1508204506,eth0,0.00,0.00,0.00,0,0,0.00,0.00,0.00,0,0,0.00,0.00,0,0
1508204506,s2,0.00,0.00,0.00,0,0,0.00,0.00,0.00,0,0,0.00,0.00,0,0
1508204506,s2-eth2,1518.00,71088.00,72606.00,71088,1518,23.00,24.00,47.00,24,23,0.00,0.00,0,0
1508204506,s2-eth1,77420.00,1518.00,78938.00,1518,77420,28.00,23.00,51.00,23,28,0.00,0.00,0,0
1508204506,lo,0.00,0.00,0.00,0,0,0.00,0.00,0.00,0,0,0.00,0.00,0,0
1508204506,total,78938.00,72606.00,151544.00,72606,78938,51.00,47.00,98.00,47,51,0.00,0.00,0,0
1508204507,eth0,0.00,0.00,0.00,0,0,0.00,0.00,0.00,0,0,0.00,0.00,0,0
1508204507,s2,0.00,0.00,0.00,0,0,0.00,0.00,0.00,0,0,0.00,0.00,0,0
1508204507,s2-eth2,1828.17,77066.94,78895.11,77144,1830,26.97,27.97,54.95,28,27,0.00,0.00,0,0
1508204507,s2-eth1,65337.66,1828.17,67165.84,1830,65403,24.98,26.97,51.95,27,25,0.00,0.00,0,0
1508204507,lo,0.00,0.00,0.00,0,0,0.00,0.00,0.00,0,0,0.00,0.00,0,0
1508204507,total,67165.84,78895.11,146060.94,78974,67233,51.95,54.95,106.89,55,52,0.00,0.00,0,0
1508204508,eth0,0.00,0.00,0.00,0,0,0.00,0.00,0.00,0,0,0.00,0.00,0,0
1508204508,s2,0.00,0.00,0.00,0,0,0.00,0.00,0.00,0,0,0.00,0.00,0,0
1508204508,s2-eth2,1661.00,68192.00,69853.00,68192,1661,24.00,24.00,48.00,24,24,0.00,0.00,0,0
1508204508,s2-eth1,77078.00,1554.00,78632.00,1554,77078,27.00,23.00,50.00,23,27,0.00,0.00,0,0
1508204508,lo,0.00,0.00,0.00,0,0,0.00,0.00,0.00,0,0,0.00,0.00,0,0
1508204508,total,78739.00,69746.00,148485.00,69746,78739,51.00,47.00,98.00,47,51,0.00,0.00,0,0
1508204509,eth0,0.00,0.00,0.00,0,0,0.00,0.00,0.00,0,0,0.00,0.00,0,0
1508204509,s2,0.00,0.00,0.00,0,0,0.00,0.00,0.00,0,0,0.00,0.00,0,0
1508204509,s2-eth2,2070.00,77078.00,79148.00,77078,2070,27.00,27.00,54.00,27,27,0.00,0.00,0,0
1508204509,s2-eth1,65230.00,1728.00,66958.00,1728,65230,23.00,26.00,49.00,26,23,0.00,0.00,0,0
1508204509,lo,0.00,0.00,0.00,0,0,0.00,0.00,0.00,0,0,0.00,0.00,0,0
1508204509,total,67300.00,78806.00,146106.00,78806,67300,50.00,53.00,103.00,53,50,0.00,0.00,0,0
1508204510,eth0,0.00,0.00,0.00,0,0,0.00,0.00,0.00,0,0,0.00,0.00,0,0
1508204510,s2,0.00,0.00,0.00,0,0,0.00,0.00,0.00,0,0,0.00,0.00,0,0
1508204510,s2-eth2,1518.00,71088.00,72606.00,71088,1518,23.00,24.00,47.00,24,23,0.00,0.00,0,0
1508204510,s2-eth1,82936.00,1518.00,84454.00,1518,82936,28.00,23.00,51.00,23,28,0.00,0.00,0,0
1508204510,lo,172.00,172.00,344.00,172,172,3.00,3.00,6.00,3,3,0.00,0.00,0,0
1508204510,total,84626.00,72778.00,157404.00,72778,84626,54.00,50.00,104.00,50,54,0.00,0.00,0,0
1508204511,eth0,0.00,0.00,0.00,0,0,0.00,0.00,0.00,0,0,0.00,0.00,0,0
1508204511,s2,0.00,0.00,0.00,0,0,0.00,0.00,0.00,0,0,0.00,0.00,0,0
1508204511,s2-eth2,2160.00,96496.00,98656.00,96496,2160,32.00,36.00,68.00,36,32,0.00,0.00,0,0
1508204511,s2-eth1,82936.00,2160.00,85096.00,2160,82936,28.00,32.00,60.00,32,28,0.00,0.00,0,0
1508204511,lo,0.00,0.00,0.00,0,0,0.00,0.00,0.00,0,0,0.00,0.00,0,0
1508204511,total,85096.00,98656.00,183752.00,98656,85096,60.00,68.00,128.00,68,60,0.00,0.00,0,0
1508204512,eth0,0.00,0.00,0.00,0,0,0.00,0.00,0.00,0,0,0.00,0.00,0,0
1508204512,s2,0.00,0.00,0.00,0,0,0.00,0.00,0.00,0,0,0.00,0.00,0,0
1508204512,s2-eth2,1990.01,84365.63,86355.65,84450,1992,29.97,28.97,58.94,29,30,0.00,0.00,0,0
1508204512,s2-eth1,94953.05,1990.01,96943.06,1992,95048,35.96,29.97,65.93,30,36,0.00,0.00,0,0
1508204512,lo,0.00,0.00,0.00,0,0,0.00,0.00,0.00,0,0,0.00,0.00,0,0
1508204512,total,96943.06,86355.65,183298.70,86442,97040,65.93,58.94,124.88,59,66,0.00,0.00,0,0
1508204513,eth0,0.00,0.00,0.00,0,0,0.00,0.00,0.00,0,0,0.00,0.00,0,0
1508204513,s2,0.00,0.00,0.00,0,0,0.00,0.00,0.00,0,0,0.00,0.00,0,0
1508204513,s2-eth2,2310.00,103670.00,105980.00,103670,2310,35.00,35.00,70.00,35,35,0.00,0.00,0,0
1508204513,s2-eth1,88860.00,2310.00,91170.00,2310,88860,30.00,35.00,65.00,35,30,0.00,0.00,0,0
1508204513,lo,0.00,0.00,0.00,0,0,0.00,0.00,0.00,0,0,0.00,0.00,0,0
1508204513,total,91170.00,105980.00,197150.00,105980,91170,65.00,70.00,135.00,70,65,0.00,0.00,0,0
1508204514,eth0,0.00,0.00,0.00,0,0,0.00,0.00,0.00,0,0,0.00,0.00,0,0
1508204514,s2,0.00,0.00,0.00,0,0,0.00,0.00,0.00,0,0,0.00,0.00,0,0
1508204514,s2-eth2,1906.09,74239.77,76145.86,74314,1908,27.97,28.97,56.94,29,28,0.00,0.00,0,0
1508204514,s2-eth1,86075.93,1906.09,87982.02,1908,86162,32.97,27.97,60.94,28,33,0.00,0.00,0,0
1508204514,lo,0.00,0.00,0.00,0,0,0.00,0.00,0.00,0,0,0.00,0.00,0,0
1508204514,total,87982.02,76145.86,164127.88,76222,88070,60.94,56.94,117.88,57,61,0.00,0.00,0,0
1508204515,eth0,0.00,0.00,0.00,0,0,0.00,0.00,0.00,0,0,0.00,0.00,0,0
1508204515,s2,0.00,0.00,0.00,0,0,0.00,0.00,0.00,0,0,0.00,0.00,0,0
1508204515,s2-eth2,2238.00,89124.00,91362.00,89124,2238,33.00,34.00,67.00,34,33,0.00,0.00,0,0
1508204515,s2-eth1,71352.00,2238.00,73590.00,2238,71352,28.00,33.00,61.00,33,28,0.00,0.00,0,0
1508204515,lo,172.00,172.00,344.00,172,172,3.00,3.00,6.00,3,3,0.00,0.00,0,0
1508204515,total,73762.00,91534.00,165296.00,91534,73762,64.00,70.00,134.00,70,64,0.00,0.00,0,0
1508204516,eth0,0.00,0.00,0.00,0,0,0.00,0.00,0.00,0,0,0.00,0.00,0,0
1508204516,s2,0.00,0.00,0.00,0,0,0.00,0.00,0.00,0,0,0.00,0.00,0,0
1508204516,s2-eth2,1948.05,84497.51,86445.55,84582,1950,28.97,30.97,59.94,31,29,0.00,0.00,0,0
1508204516,s2-eth1,96333.67,1948.05,98281.72,1950,96430,34.97,28.97,63.94,29,35,0.00,0.00,0,0
1508204516,lo,0.00,0.00,0.00,0,0,0.00,0.00,0.00,0,0,0.00,0.00,0,0
1508204516,total,98281.72,86445.55,184727.28,86532,98380,63.94,59.94,123.88,60,64,0.00,0.00,0,0
1508204517,eth0,0.00,0.00,0.00,0,0,0.00,0.00,0.00,0,0,0.00,0.00,0,0
1508204517,s2,0.00,0.00,0.00,0,0,0.00,0.00,0.00,0,0,0.00,0.00,0,0
1508204517,s2-eth2,1824.00,61018.00,62842.00,61018,1824,26.00,25.00,51.00,25,26,0.00,0.00,0,0
1508204517,s2-eth1,49104.00,1824.00,50928.00,1824,49104,20.00,26.00,46.00,26,20,0.00,0.00,0,0
1508204517,lo,0.00,0.00,0.00,0,0,0.00,0.00,0.00,0,0,0.00,0.00,0,0
1508204517,total,50928.00,62842.00,113770.00,62842,50928,46.00,51.00,97.00,51,46,0.00,0.00,0,0
1508204518,eth0,0.00,0.00,0.00,0,0,0.00,0.00,0.00,0,0,0.00,0.00,0,0
1508204518,s2,0.00,0.00,0.00,0,0,0.00,0.00,0.00,0,0,0.00,0.00,0,0
1508204518,s2-eth2,1080.00,47524.00,48604.00,47524,1080,16.00,18.00,34.00,18,16,0.00,0.00,0,0
1508204518,s2-eth1,53448.00,1080.00,54528.00,1080,53448,20.00,16.00,36.00,16,20,0.00,0.00,0,0
1508204518,lo,0.00,0.00,0.00,0,0,0.00,0.00,0.00,0,0,0.00,0.00,0,0
1508204518,total,54528.00,48604.00,103132.00,48604,54528,36.00,34.00,70.00,34,36,0.00,0.00,0,0
1508204519,eth0,0.00,0.00,0.00,0,0,0.00,0.00,0.00,0,0,0.00,0.00,0,0
1508204519,s2,0.00,0.00,0.00,0,0,0.00,0.00,0.00,0,0,0.00,0.00,0,0
1508204519,s2-eth2,1158.00,44562.00,45720.00,44562,1158,17.00,17.00,34.00,17,17,0.00,0.00,0,0
1508204519,s2-eth1,35676.00,1158.00,36834.00,1158,35676,14.00,17.00,31.00,17,14,0.00,0.00,0,0
1508204519,lo,0.00,0.00,0.00,0,0,0.00,0.00,0.00,0,0,0.00,0.00,0,0
1508204519,total,36834.00,45720.00,82554.00,45720,36834,31.00,34.00,65.00,34,31,0.00,0.00,0,0
1508204520,eth0,0.00,0.00,0.00,0,0,0.00,0.00,0.00,0,0,0.00,0.00,0,0
1508204520,s2,0.00,0.00,0.00,0,0,0.00,0.00,0.00,0,0,0.00,0.00,0,0
1508204520,s2-eth2,1026.00,44562.00,45588.00,44562,1026,15.00,17.00,32.00,17,15,0.00,0.00,0,0
1508204520,s2-eth1,47524.00,1026.00,48550.00,1026,47524,18.00,15.00,33.00,15,18,0.00,0.00,0,0
1508204520,lo,172.00,172.00,344.00,172,172,3.00,3.00,6.00,3,3,0.00,0.00,0,0
1508204520,total,48722.00,45760.00,94482.00,45760,48722,36.00,35.00,71.00,35,36,0.00,0.00,0,0
1508204521,eth0,0.00,0.00,0.00,0,0,0.00,0.00,0.00,0,0,0.00,0.00,0,0
1508204521,s2,0.00,0.00,0.00,0,0,0.00,0.00,0.00,0,0,0.00,0.00,0,0
1508204521,s2-eth2,1386.00,62202.00,63588.00,62202,1386,21.00,21.00,42.00,21,21,0.00,0.00,0,0
1508204521,s2-eth1,53316.00,1386.00,54702.00,1386,53316,18.00,21.00,39.00,21,18,0.00,0.00,0,0
1508204521,lo,0.00,0.00,0.00,0,0,0.00,0.00,0.00,0,0,0.00,0.00,0,0
1508204521,total,54702.00,63588.00,118290.00,63588,54702,39.00,42.00,81.00,42,39,0.00,0.00,0,0
1508204522,eth0,0.00,0.00,0.00,0,0,0.00,0.00,0.00,0,0,0.00,0.00,0,0
1508204522,s2,0.00,0.00,0.00,0,0,0.00,0.00,0.00,0,0,0.00,0.00,0,0
1508204522,s2-eth2,990.00,50354.00,51344.00,50354,990,15.00,17.00,32.00,17,15,0.00,0.00,0,0
1508204522,s2-eth1,59240.00,990.00,60230.00,990,59240,20.00,15.00,35.00,15,20,0.00,0.00,0,0
1508204522,lo,0.00,0.00,0.00,0,0,0.00,0.00,0.00,0,0,0.00,0.00,0,0
1508204522,total,60230.00,51344.00,111574.00,51344,60230,35.00,32.00,67.00,32,35,0.00,0.00,0,0
1508204523,eth0,728.00,706.00,1434.00,706,728,8.00,6.00,14.00,6,8,0.00,0.00,0,0
1508204523,s2,0.00,0.00,0.00,0,0,0.00,0.00,0.00,0,0,0.00,0.00,0,0
1508204523,s2-eth2,2332.00,80016.00,82348.00,80016,2332,30.00,28.00,58.00,28,30,0.00,0.00,0,0
1508204523,s2-eth1,68808.00,1692.00,70500.00,1692,68808,28.00,26.00,54.00,26,28,0.00,0.00,0,0
1508204523,lo,978.00,978.00,1956.00,978,978,11.00,11.00,22.00,11,11,0.00,0.00,0,0
1508204523,total,72846.00,83392.00,156238.00,83392,72846,77.00,71.00,148.00,71,77,0.00,0.00,0,0
1508204524,eth0,304.00,490.00,794.00,490,304,4.00,4.00,8.00,4,4,0.00,0.00,0,0
1508204524,s2,0.00,0.00,0.00,0,0,0.00,0.00,0.00,0,0,0.00,0.00,0,0
1508204524,s2-eth2,3900.00,84450.00,88350.00,84450,3900,38.00,29.00,67.00,29,38,0.00,0.00,0,0
1508204524,s2-eth1,92072.00,1794.00,93866.00,1794,92072,34.00,27.00,61.00,27,34,0.00,0.00,0,0
1508204524,lo,682.00,682.00,1364.00,682,682,8.00,8.00,16.00,8,8,0.00,0.00,0,0
1508204524,total,96958.00,87416.00,184374.00,87416,96958,84.00,68.00,152.00,68,84,0.00,0.00,0,0
1508204525,eth0,152.00,245.00,397.00,245,152,2.00,2.00,4.00,2,2,0.00,0.00,0,0
1508204525,s2,0.00,0.00,0.00,0,0,0.00,0.00,0.00,0,0,0.00,0.00,0,0
1508204525,s2-eth2,3597.00,111372.00,114969.00,111372,3597,43.00,42.00,85.00,42,43,0.00,0.00,0,0
1508204525,s2-eth1,102894.00,2634.00,105528.00,2634,102894,47.00,39.00,86.00,39,47,0.00,0.00,0,0
1508204525,lo,341.00,341.00,682.00,341,341,4.00,4.00,8.00,4,4,0.00,0.00,0,0
1508204525,total,106984.00,114592.00,221576.00,114592,106984,96.00,87.00,183.00,87,96,0.00,0.00,0,0
1508204526,eth0,0.00,0.00,0.00,0,0,0.00,0.00,0.00,0,0,0.00,0.00,0,0
1508204526,s2,0.00,0.00,0.00,0,0,0.00,0.00,0.00,0,0,0.00,0.00,0,0
1508204526,s2-eth2,2442.00,112556.00,114998.00,112556,2442,37.00,38.00,75.00,38,37,0.00,0.00,0,0
1508204526,s2-eth1,119443.00,2442.00,121885.00,2442,119443,44.00,37.00,81.00,37,44,0.00,0.00,0,0
1508204526,lo,0.00,0.00,0.00,0,0,0.00,0.00,0.00,0,0,0.00,0.00,0,0
1508204526,total,121885.00,114998.00,236883.00,114998,121885,81.00,75.00,156.00,75,81,0.00,0.00,0,0
1508204527,eth0,0.00,0.00,0.00,0,0,0.00,0.00,0.00,0,0,0.00,0.00,0,0
1508204527,s2,0.00,0.00,0.00,0,0,0.00,0.00,0.00,0,0,0.00,0.00,0,0
1508204527,s2-eth2,3106.89,109880.12,112987.02,109990,3110,41.96,42.96,84.92,43,42,0.00,0.00,0,0
1508204527,s2-eth1,105342.66,2733.27,108075.93,2736,105448,39.96,39.96,79.92,40,40,0.00,0.00,0,0
1508204527,lo,0.00,0.00,0.00,0,0,0.00,0.00,0.00,0,0,0.00,0.00,0,0
1508204527,total,108449.55,112613.39,221062.94,112726,108558,81.92,82.92,164.84,83,82,0.00,0.00,0,0
1508204528,eth0,60.00,862.00,922.00,862,60,1.00,4.00,5.00,4,1,0.00,0.00,0,0
1508204528,s2,0.00,0.00,0.00,0,0,0.00,0.00,0.00,0,0,0.00,0.00,0,0
1508204528,s2-eth2,3037.00,115518.00,118555.00,115518,3037,42.00,39.00,81.00,39,42,0.00,0.00,0,0
1508204528,s2-eth1,117869.00,2640.00,120509.00,2640,117869,45.00,40.00,85.00,40,45,0.00,0.00,0,0
1508204528,lo,172.00,172.00,344.00,172,172,3.00,3.00,6.00,3,3,0.00,0.00,0,0
1508204528,total,121138.00,119192.00,240330.00,119192,121138,91.00,86.00,177.00,86,91,0.00,0.00,0,0
1508204529,eth0,0.00,0.00,0.00,0,0,0.00,0.00,0.00,0,0,0.00,0.00,0,0
1508204529,s2,0.00,0.00,0.00,0,0,0.00,0.00,0.00,0,0,0.00,0.00,0,0
1508204529,s2-eth2,2772.00,133290.00,136062.00,133290,2772,42.00,45.00,87.00,45,42,0.00,0.00,0,0
1508204529,s2-eth1,127366.00,2772.00,130138.00,2772,127366,43.00,42.00,85.00,42,43,0.00,0.00,0,0
1508204529,lo,0.00,0.00,0.00,0,0,0.00,0.00,0.00,0,0,0.00,0.00,0,0
1508204529,total,130138.00,136062.00,266200.00,136062,130138,85.00,87.00,172.00,87,85,0.00,0.00,0,0
1508204530,eth0,0.00,85.91,85.91,86,0,0.00,1.00,1.00,1,0,0.00,0.00,0,0
1508204530,s2,0.00,0.00,0.00,0,0,0.00,0.00,0.00,0,0,0.00,0.00,0,0
1508204530,s2-eth2,2967.03,133156.84,136123.88,133290,2970,44.96,44.96,89.91,45,45,0.00,0.00,0,0
1508204530,s2-eth1,136115.89,2967.03,139082.92,2970,136252,45.95,44.96,90.91,45,46,0.00,0.00,0,0
1508204530,lo,0.00,0.00,0.00,0,0,0.00,0.00,0.00,0,0,0.00,0.00,0,0
1508204530,total,139082.92,136209.80,275292.72,136346,139222,90.91,90.91,181.82,91,91,0.00,0.00,0,0
1508204531,eth0,0.00,0.00,0.00,0,0,0.00,0.00,0.00,0,0,0.00,0.00,0,0
1508204531,s2,0.00,0.00,0.00,0,0,0.00,0.00,0.00,0,0,0.00,0.00,0,0
1508204531,s2-eth2,3221.00,114532.00,117753.00,114532,3221,46.00,46.00,92.00,46,46,0.00,0.00,0,0
1508204531,s2-eth1,110056.00,3114.00,113170.00,3114,110056,44.00,45.00,89.00,45,44,0.00,0.00,0,0
1508204531,lo,0.00,0.00,0.00,0,0,0.00,0.00,0.00,0,0,0.00,0.00,0,0
1508204531,total,113277.00,117646.00,230923.00,117646,113277,90.00,91.00,181.00,91,90,0.00,0.00,0,0
1508204532,eth0,0.00,0.00,0.00,0,0,0.00,0.00,0.00,0,0,0.00,0.00,0,0
1508204532,s2,0.00,0.00,0.00,0,0,0.00,0.00,0.00,0,0,0.00,0.00,0,0
1508204532,s2-eth2,3244.00,130460.00,133704.00,130460,3244,44.00,46.00,90.00,46,44,0.00,0.00,0,0
1508204532,s2-eth1,127675.00,2832.00,130507.00,2832,127675,47.00,42.00,89.00,42,47,0.00,0.00,0,0
1508204532,lo,0.00,0.00,0.00,0,0,0.00,0.00,0.00,0,0,0.00,0.00,0,0
1508204532,total,130919.00,133292.00,264211.00,133292,130919,91.00,88.00,179.00,88,91,0.00,0.00,0,0
1508204533,eth0,0.00,0.00,0.00,0,0,0.00,0.00,0.00,0,0,0.00,0.00,0,0
1508204533,s2,0.00,0.00,0.00,0,0,0.00,0.00,0.00,0,0,0.00,0.00,0,0
1508204533,s2-eth2,2142.00,78658.00,80800.00,78658,2142,31.00,29.00,60.00,29,31,0.00,0.00,0,0
1508204533,s2-eth1,80106.00,2142.00,82248.00,2142,80106,29.00,31.00,60.00,31,29,0.00,0.00,0,0
1508204533,lo,172.00,172.00,344.00,172,172,3.00,3.00,6.00,3,3,0.00,0.00,0,0
1508204533,total,82420.00,80972.00,163392.00,80972,82420,63.00,63.00,126.00,63,63,0.00,0.00,0,0
1508204534,eth0,0.00,0.00,0.00,0,0,0.00,0.00,0.00,0,0,0.00,0.00,0,0
1508204534,s2,0.00,0.00,0.00,0,0,0.00,0.00,0.00,0,0,0.00,0.00,0,0
1508204534,s2-eth2,1632.00,71220.00,72852.00,71220,1632,24.00,26.00,50.00,26,24,0.00,0.00,0,0
1508204534,s2-eth1,62334.00,1632.00,63966.00,1632,62334,23.00,24.00,47.00,24,23,0.00,0.00,0,0
1508204534,lo,0.00,0.00,0.00,0,0,0.00,0.00,0.00,0,0,0.00,0.00,0,0
1508204534,total,63966.00,72852.00,136818.00,72852,63966,47.00,50.00,97.00,50,47,0.00,0.00,0,0
1508204535,eth0,0.00,0.00,0.00,0,0,0.00,0.00,0.00,0,0,0.00,0.00,0,0
1508204535,s2,0.00,0.00,0.00,0,0,0.00,0.00,0.00,0,0,0.00,0.00,0,0
1508204535,s2-eth2,1494.00,49302.00,50796.00,49302,1494,21.00,23.00,44.00,23,21,0.00,0.00,0,0
1508204535,s2-eth1,53712.00,1494.00,55206.00,1494,53712,24.00,21.00,45.00,21,24,0.00,0.00,0,0
1508204535,lo,0.00,0.00,0.00,0,0,0.00,0.00,0.00,0,0,0.00,0.00,0,0
1508204535,total,55206.00,50796.00,106002.00,50796,55206,45.00,44.00,89.00,44,45,0.00,0.00,0,0
1508204536,eth0,0.00,0.00,0.00,0,0,0.00,0.00,0.00,0,0,0.00,0.00,0,0
1508204536,s2,0.00,0.00,0.00,0,0,0.00,0.00,0.00,0,0,0.00,0.00,0,0
1508204536,s2-eth2,1354.65,56353.65,57708.29,56410,1356,19.98,20.98,40.96,21,20,0.00,0.00,0,0
1508204536,s2-eth1,44517.48,1354.65,45872.13,1356,44562,16.98,19.98,36.96,20,17,0.00,0.00,0,0
1508204536,lo,0.00,0.00,0.00,0,0,0.00,0.00,0.00,0,0,0.00,0.00,0,0
1508204536,total,45872.13,57708.29,103580.42,57766,45918,36.96,40.96,77.92,41,37,0.00,0.00,0,0
1508204537,eth0,0.00,0.00,0.00,0,0,0.00,0.00,0.00,0,0,0.00,0.00,0,0
1508204537,s2,0.00,0.00,0.00,0,0,0.00,0.00,0.00,0,0,0.00,0.00,0,0
1508204537,s2-eth2,1156.84,47476.52,48633.37,47524,1158,16.98,17.98,34.97,18,17,0.00,0.00,0,0
1508204537,s2-eth1,53394.61,1156.84,54551.45,1158,53448,19.98,16.98,36.96,17,20,0.00,0.00,0,0
1508204537,lo,0.00,0.00,0.00,0,0,0.00,0.00,0.00,0,0,0.00,0.00,0,0
1508204537,total,54551.45,48633.37,103184.82,48682,54606,36.96,34.97,71.93,35,37,0.00,0.00,0,0
1508204538,eth0,0.00,0.00,0.00,0,0,0.00,0.00,0.00,0,0,0.00,0.00,0,0
1508204538,s2,0.00,0.00,0.00,0,0,0.00,0.00,0.00,0,0,0.00,0.00,0,0
1508204538,s2-eth2,1386.00,62202.00,63588.00,62202,1386,21.00,21.00,42.00,21,21,0.00,0.00,0,0
1508204538,s2-eth1,53316.00,1386.00,54702.00,1386,53316,18.00,21.00,39.00,21,18,0.00,0.00,0,0
1508204538,lo,172.00,172.00,344.00,172,172,3.00,3.00,6.00,3,3,0.00,0.00,0,0
1508204538,total,54874.00,63760.00,118634.00,63760,54874,42.00,45.00,87.00,45,42,0.00,0.00,0,0
1508204539,eth0,0.00,0.00,0.00,0,0,0.00,0.00,0.00,0,0,0.00,0.00,0,0
1508204539,s2,0.00,0.00,0.00,0,0,0.00,0.00,0.00,0,0,0.00,0.00,0,0
1508204539,s2-eth2,1199.00,44562.00,45761.00,44562,1199,17.00,17.00,34.00,17,17,0.00,0.00,0,0
1508204539,s2-eth1,50486.00,1092.00,51578.00,1092,50486,19.00,16.00,35.00,16,19,0.00,0.00,0,0
1508204539,lo,0.00,0.00,0.00,0,0,0.00,0.00,0.00,0,0,0.00,0.00,0,0
1508204539,total,51685.00,45654.00,97339.00,45654,51685,36.00,33.00,69.00,33,36,0.00,0.00,0,0
1508204540,eth0,0.00,0.00,0.00,0,0,0.00,0.00,0.00,0,0,0.00,0.00,0,0
1508204540,s2,0.00,0.00,0.00,0,0,0.00,0.00,0.00,0,0,0.00,0.00,0,0
1508204540,s2-eth2,1320.00,62202.00,63522.00,62202,1320,20.00,21.00,41.00,21,20,0.00,0.00,0,0
1508204540,s2-eth1,53423.00,1320.00,54743.00,1320,53423,19.00,20.00,39.00,20,19,0.00,0.00,0,0
1508204540,lo,0.00,0.00,0.00,0,0,0.00,0.00,0.00,0,0,0.00,0.00,0,0
1508204540,total,54743.00,63522.00,118265.00,63522,54743,39.00,41.00,80.00,41,39,0.00,0.00,0,0
1508204541,eth0,0.00,0.00,0.00,0,0,0.00,0.00,0.00,0,0,0.00,0.00,0,0
1508204541,s2,0.00,0.00,0.00,0,0,0.00,0.00,0.00,0,0,0.00,0.00,0,0
1508204541,s2-eth2,1038.00,40152.00,41190.00,40152,1038,15.00,16.00,31.00,16,15,0.00,0.00,0,0
1508204541,s2-eth1,43114.00,1038.00,44152.00,1038,43114,17.00,15.00,32.00,15,17,0.00,0.00,0,0
1508204541,lo,0.00,0.00,0.00,0,0,0.00,0.00,0.00,0,0,0.00,0.00,0,0
1508204541,total,44152.00,41190.00,85342.00,41190,44152,32.00,31.00,63.00,31,32,0.00,0.00,0,0
1508204542,eth0,0.00,0.00,0.00,0,0,0.00,0.00,0.00,0,0,0.00,0.00,0,0
1508204542,s2,0.00,0.00,0.00,0,0,0.00,0.00,0.00,0,0,0.00,0.00,0,0
1508204542,s2-eth2,828.00,25606.00,26434.00,25606,828,12.00,15.00,27.00,15,12,0.00,0.00,0,0
15082045