1508204254,eth0,0.00,0.00,0.00,0,0,0.00,0.00,0.00,0,0,0.00,0.00,0,0
1508204254,s2,0.00,0.00,0.00,0,0,0.00,0.00,0.00,0,0,0.00,0.00,0,0
1508204254,s2-eth2,0.00,0.00,0.00,0,0,0.00,0.00,0.00,0,0,0.00,0.00,0,0
1508204254,s2-eth1,0.00,0.00,0.00,0,0,0.00,0.00,0.00,0,0,0.00,0.00,0,0
1508204254,lo,0.00,0.00,0.00,0,0,0.00,0.00,0.00,0,0,0.00,0.00,0,0
1508204254,total,0.00,0.00,0.00,0,0,0.00,0.00,0.00,0,0,0.00,0.00,0,0
1508204255,eth0,152.00,245.00,397.00,245,152,2.00,2.00,4.00,2,2,0.00,0.00,0,0
1508204255,s2,160.00,250.00,410.00,250,160,2.00,3.00,5.00,3,2,0.00,0.00,0,0
1508204255,s2-eth2,6951.00,305336.00,312287.00,305336,6951,89.00,106.00,195.00,106,89,0.00,0.00,0,0
1508204255,s2-eth1,244983.00,5280.00,250263.00,5280,244983,96.00,80.00,176.00,80,96,0.00,0.00,0,0
1508204255,lo,1741.00,1741.00,3482.00,1741,1741,19.00,19.00,38.00,19,19,0.00,0.00,0,0
1508204255,total,253987.00,312852.00,566839.00,312852,253987,208.00,210.00,418.00,210,208,0.00,0.00,0,0
1508204256,eth0,151.85,244.76,396.60,245,152,2.00,2.00,4.00,2,2,0.00,0.00,0,0
1508204256,s2,89.91,0.00,89.91,0,90,1.00,0.00,1.00,0,1,0.00,0.00,0,0
1508204256,s2-eth2,8866.13,207140.86,216007.00,207348,8875,100.90,113.89,214.79,114,101,0.00,0.00,0,0
1508204256,s2-eth1,244113.89,8107.89,252221.78,8116,244358,110.89,97.90,208.79,98,111,0.00,0.00,0,0
1508204256,lo,628.37,628.37,1256.74,629,629,6.99,6.99,13.99,7,7,0.00,0.00,0,0
1508204256,total,253850.16,216121.89,469972.03,216338,254104,221.78,220.78,442.56,221,222,0.00,0.00,0,0
1508204257,eth0,0.00,0.00,0.00,0,0,0.00,0.00,0.00,0,0,0.00,0.00,0,0
1508204257,s2,0.00,0.00,0.00,0,0,0.00,0.00,0.00,0,0,0.00,0.00,0,0
1508204257,s2-eth2,12546.00,197806.00,210352.00,197806,12546,150.00,123.00,273.00,123,150,0.00,0.00,0,0
1508204257,s2-eth1,249282.00,12172.00,261454.00,12172,249282,157.00,148.00,305.00,148,157,0.00,0.00,0,0
1508204257,lo,0.00,0.00,0.00,0,0,0.00,0.00,0.00,0,0,0.00,0.00,0,0
1508204257,total,261828.00,209978.00,471806.00,209978,261828,307.00,271.00,578.00,271,307,0.00,0.00,0,0
1508204258,eth0,60.00,60.00,120.00,60,60,1.00,1.00,2.00,1,1,0.00,0.00,0,0
1508204258,s2,0.00,70.00,70.00,70,0,0.00,1.00,1.00,1,0,0.00,0.00,0,0
1508204258,s2-eth2,6443.00,203854.00,210297.00,203854,6443,87.00,83.00,170.00,83,87,0.00,0.00,0,0
1508204258,s2-eth1,212195.00,6046.00,218241.00,6046,212195,92.00,85.00,177.00,85,92,0.00,0.00,0,0
1508204258,lo,268.00,268.00,536.00,268,268,3.00,3.00,6.00,3,3,0.00,0.00,0,0
1508204258,total,218966.00,210298.00,429264.00,210298,218966,183.00,173.00,356.00,173,183,0.00,0.00,0,0
1508204259,eth0,0.00,0.00,0.00,0,0,0.00,0.00,0.00,0,0,0.00,0.00,0,0
1508204259,s2,70.00,70.00,140.00,70,70,1.00,1.00,2.00,1,1,0.00,0.00,0,0
1508204259,s2-eth2,3700.00,145406.00,149106.00,145406,3700,54.00,53.00,107.00,53,54,0.00,0.00,0,0
1508204259,s2-eth1,151400.00,3630.00,155030.00,3630,151400,56.00,53.00,109.00,53,56,0.00,0.00,0,0
1508204259,lo,536.00,536.00,1072.00,536,536,6.00,6.00,12.00,6,6,0.00,0.00,0,0
1508204259,total,155706.00,149642.00,305348.00,149642,155706,117.00,113.00,230.00,113,117,0.00,0.00,0,0
1508204260,eth0,0.00,85.91,85.91,86,0,0.00,1.00,1.00,1,0,0.00,0.00,0,0
1508204260,s2,0.00,0.00,0.00,0,0,0.00,0.00,0.00,0,0,0.00,0.00,0,0
1508204260,s2-eth2,3302.70,110143.86,113446.55,110254,3306,46.95,46.95,93.91,47,47,0.00,0.00,0,0
1508204260,s2-eth1,107526.48,3302.70,110829.17,3306,107634,46.95,46.95,93.91,47,47,0.00,0.00,0,0
1508204260,lo,0.00,0.00,0.00,0,0,0.00,0.00,0.00,0,0,0.00,0.00,0,0
1508204260,total,110829.17,113532.47,224361.64,113646,110940,93.91,94.91,188.81,95,94,0.00,0.00,0,0
1508204261,eth0,0.00,0.00,0.00,0,0,0.00,0.00,0.00,0,0,0.00,0.00,0,0
1508204261,s2,0.00,0.00,0.00,0,0,0.00,0.00,0.00,0,0,0.00,0.00,0,0
1508204261,s2-eth2,2615.00,118480.00,121095.00,118480,2615,39.00,40.00,79.00,40,39,0.00,0.00,0,0
1508204261,s2-eth1,115625.00,2508.00,118133.00,2508,115625,40.00,38.00,78.00,38,40,0.00,0.00,0,0
1508204261,lo,0.00,0.00,0.00,0,0,0.00,0.00,0.00,0,0,0.00,0.00,0,0
1508204261,total,118240.00,120988.00,239228.00,120988,118240,79.00,78.00,157.00,78,79,0.00,0.00,0,0
1508204262,eth0,0.00,0.00,0.00,0,0,0.00,0.00,0.00,0,0,0.00,0.00,0,0
1508204262,s2,0.00,70.00,70.00,70,0,0.00,1.00,1.00,1,0,0.00,0.00,0,0
1508204262,s2-eth2,2996.00,101038.00,104034.00,101038,2996,40.00,39.00,79.00,39,40,0.00,0.00,0,0
1508204262,s2-eth1,104070.00,2584.00,106654.00,2584,104070,41.00,38.00,79.00,38,41,0.00,0.00,0,0
1508204262,lo,268.00,268.00,536.00,268,268,3.00,3.00,6.00,3,3,0.00,0.00,0,0
1508204262,total,107334.00,103960.00,211294.00,103960,107334,84.00,81.00,165.00,81,84,0.00,0.00,0,0
1508204263,eth0,0.00,0.00,0.00,0,0,0.00,0.00,0.00,0,0,0.00,0.00,0,0
1508204263,s2,69.93,69.93,139.86,70,70,1.00,1.00,2.00,1,1,0.00,0.00,0,0
1508204263,s2-eth2,2707.29,121390.61,124097.91,121512,2710,40.96,41.96,82.92,42,41,0.00,0.00,0,0
1508204263,s2-eth1,112583.42,2637.36,115220.78,2640,112696,39.96,39.96,79.92,40,40,0.00,0.00,0,0
1508204263,lo,536.00,536.00,1072.00,536,536,6.00,6.00,12.00,6,6,0.00,0.00,0,0
1508204263,total,116012.00,124758.00,240770.00,124758,116012,88.00,89.00,177.00,89,88,0.00,0.00,0,0
1508204264,eth0,0.00,0.00,0.00,0,0,0.00,0.00,0.00,0,0,0.00,0.00,0,0
1508204264,s2,0.00,0.00,0.00,0,0,0.00,0.00,0.00,0,0,0.00,0.00,0,0
1508204264,s2-eth2,2454.00,81950.00,84404.00,81950,2454,35.00,35.00,70.00,35,35,0.00,0.00,0,0
1508204264,s2-eth1,89322.00,2454.00,91776.00,2454,89322,37.00,35.00,72.00,35,37,0.00,0.00,0,0
1508204264,lo,0.00,0.00,0.00,0,0,0.00,0.00,0.00,0,0,0.00,0.00,0,0
1508204264,total,91776.00,84404.00,176180.00,84404,91776,72.00,70.00,142.00,70,72,0.00,0.00,0,0
1508204265,eth0,0.00,0.00,0.00,0,0,0.00,0.00,0.00,0,0,0.00,0.00,0,0
1508204265,s2,0.00,0.00,0.00,0,0,0.00,0.00,0.00,0,0,0.00,0.00,0,0
1508204265,s2-eth2,1782.00,82936.00,84718.00,82936,1782,27.00,28.00,55.00,28,27,0.00,0.00,0,0
1508204265,s2-eth1,74050.00,1782.00,75832.00,1782,74050,25.00,27.00,52.00,27,25,0.00,0.00,0,0
1508204265,lo,0.00,0.00,0.00,0,0,0.00,0.00,0.00,0,0,0.00,0.00,0,0
1508204265,total,75832.00,84718.00,160550.00,84718,75832,52.00,55.00,107.00,55,52,0.00,0.00,0,0
1508204266,eth0,0.00,0.00,0.00,0,0,0.00,0.00,0.00,0,0,0.00,0.00,0,0
1508204266,s2,0.00,0.00,0.00,0,0,0.00,0.00,0.00,0,0,0.00,0.00,0,0
1508204266,s2-eth2,2046.00,97746.00,99792.00,97746,2046,31.00,33.00,64.00,33,31,0.00,0.00,0,0
1508204266,s2-eth1,100708.00,2046.00,102754.00,2046,100708,34.00,31.00,65.00,31,34,0.00,0.00,0,0
1508204266,lo,0.00,0.00,0.00,0,0,0.00,0.00,0.00,0,0,0.00,0.00,0,0
1508204266,total,102754.00,99792.00,202546.00,99792,102754,65.00,64.00,129.00,64,65,0.00,0.00,0,0
1508204267,eth0,0.00,0.00,0.00,0,0,0.00,0.00,0.00,0,0,0.00,0.00,0,0
1508204267,s2,0.00,0.00,0.00,0,0,0.00,0.00,0.00,0,0,0.00,0.00,0,0
1508204267,s2-eth2,2640.00,86492.00,89132.00,86492,2640,38.00,38.00,76.00,38,38,0.00,0.00,0,0
1508204267,s2-eth1,80568.00,2640.00,83208.00,2640,80568,36.00,38.00,74.00,38,36,0.00,0.00,0,0
1508204267,lo,0.00,0.00,0.00,0,0,0.00,0.00,0.00,0,0,0.00,0.00,0,0
1508204267,total,83208.00,89132.00,172340.00,89132,83208,74.00,76.00,150.00,76,74,0.00,0.00,0,0
1508204268,eth0,0.00,0.00,0.00,0,0,0.00,0.00,0.00,0,0,0.00,0.00,0,0
1508204268,s2,0.00,0.00,0.00,0,0,0.00,0.00,0.00,0,0,0.00,0.00,0,0
1508204268,s2-eth2,1632.00,68258.00,69890.00,68258,1632,24.00,25.00,49.00,25,24,0.00,0.00,0,0
1508204268,s2-eth1,68258.00,1632.00,69890.00,1632,68258,25.00,24.00,49.00,24,25,0.00,0.00,0,0
1508204268,lo,172.00,172.00,344.00,172,172,3.00,3.00,6.00,3,3,0.00,0.00,0,0
1508204268,total,70062.00,70062.00,140124.00,70062,70062,52.00,52.00,104.00,52,52,0.00,0.00,0,0
1508204269,eth0,0.00,0.00,0.00,0,0,0.00,0.00,0.00,0,0,0.00,0.00,0,0
1508204269,s2,0.00,0.00,0.00,0,0,0.00,0.00,0.00,0,0,0.00,0.00,0,0
1508204269,s2-eth2,1781.00,74116.00,75897.00,74116,1781,26.00,26.00,52.00,26,26,0.00,0.00,0,0
1508204269,s2-eth1,71195.00,1674.00,72869.00,1674,71195,25.00,25.00,50.00,25,25,0.00,0.00,0,0
1508204269,lo,0.00,0.00,0.00,0,0,0.00,0.00,0.00,0,0,0.00,0.00,0,0
1508204269,total,72976.00,75790.00,148766.00,75790,72976,51.00,51.00,102.00,51,51,0.00,0.00,0,0
1508204270,eth0,0.00,0.00,0.00,0,0,0.00,0.00,0.00,0,0,0.00,0.00,0,0
1508204270,s2,0.00,0.00,0.00,0,0,0.00,0.00,0.00,0,0,0.00,0.00,0,0
1508204270,s2-eth2,1260.00,38770.00,40030.00,38770,1260,18.00,17.00,35.00,17,18,0.00,0.00,0,0
1508204270,s2-eth1,39178.00,1260.00,40438.00,1260,39178,19.00,18.00,37.00,18,19,0.00,0.00,0,0
1508204270,lo,0.00,0.00,0.00,0,0,0.00,0.00,0.00,0,0,0.00,0.00,0,0
1508204270,total,40438.00,40030.00,80468.00,40030,40438,37.00,35.00,72.00,35,37,0.00,0.00,0,0
1508204271,eth0,0.00,0.00,0.00,0,0,0.00,0.00,0.00,0,0,0.00,0.00,0,0
1508204271,s2,0.00,0.00,0.00,0,0,0.00,0.00,0.00,0,0,0.00,0.00,0,0
1508204271,s2-eth2,1086.00,43378.00,44464.00,43378,1086,15.00,21.00,36.00,21,15,0.00,0.00,0,0
1508204271,s2-eth1,34294.00,1086.00,35380.00,1086,34294,15.00,15.00,30.00,15,15,0.00,0.00,0,0
1508204271,lo,0.00,0.00,0.00,0,0,0.00,0.00,0.00,0,0,0.00,0.00,0,0
1508204271,total,35380.00,44464.00,79844.00,44464,35380,30.00,36.00,66.00,36,30,0.00,0.00,0,0
1508204272,eth0,0.00,0.00,0.00,0,0,0.00,0.00,0.00,0,0,0.00,0.00,0,0
1508204272,s2,0.00,0.00,0.00,0,0,0.00,0.00,0.00,0,0,0.00,0.00,0,0
1508204272,s2-eth2,906.00,24092.00,24998.00,24092,906,13.00,14.00,27.00,14,13,0.00,0.00,0,0
1508204272,s2-eth1,28634.00,906.00,29540.00,906,28634,17.00,13.00,30.00,13,17,0.00,0.00,0,0
1508204272,lo,0.00,0.00,0.00,0,0,0.00,0.00,0.00,0,0,0.00,0.00,0,0
1508204272,total,29540.00,24998.00,54538.00,24998,29540,30.00,27.00,57.00,27,30,0.00,0.00,0,0
1508204273,eth0,0.00,0.00,0.00,0,0,0.00,0.00,0.00,0,0,0.00,0.00,0,0
1508204273,s2,0.00,0.00,0.00,0,0,0.00,0.00,0.00,0,0,0.00,0.00,0,0
1508204273,s2-eth2,990.00,41468.00,42458.00,41468,990,15.00,14.00,29.00,14,15,0.00,0.00,0,0
1508204273,s2-eth1,35544.00,990.00,36534.00,990,35544,12.00,15.00,27.00,15,12,0.00,0.00,0,0
1508204273,lo,172.00,172.00,344.00,172,172,3.00,3.00,6.00,3,3,0.00,0.00,0,0
1508204273,total,36706.00,42630.00,79336.00,42630,36706,30.00,32.00,62.00,32,30,0.00,0.00,0,0
1508204274,eth0,0.00,0.00,0.00,0,0,0.00,0.00,0.00,0,0,0.00,0.00,0,0
1508204274,s2,0.00,0.00,0.00,0,0,0.00,0.00,0.00,0,0,0.00,0.00,0,0
1508204274,s2-eth2,1188.00,59240.00,60428.00,59240,1188,18.00,20.00,38.00,20,18,0.00,0.00,0,0
1508204274,s2-eth1,65164.00,1188.00,66352.00,1188,65164,22.00,18.00,40.00,18,22,0.00,0.00,0,0
1508204274,lo,0.00,0.00,0.00,0,0,0.00,0.00,0.00,0,0,0.00,0.00,0,0
1508204274,total,66352.00,60428.00,126780.00,60428,66352,40.00,38.00,78.00,38,40,0.00,0.00,0,0
1508204275,eth0,0.00,0.00,0.00,0,0,0.00,0.00,0.00,0,0,0.00,0.00,0,0
1508204275,s2,0.00,0.00,0.00,0,0,0.00,0.00,0.00,0,0,0.00,0.00,0,0
1508204275,s2-eth2,2706.00,139214.00,141920.00,139214,2706,41.00,47.00,88.00,47,41,0.00,0.00,0,0
1508204275,s2-eth1,121442.00,2772.00,124214.00,2772,121442,41.00,42.00,83.00,42,41,0.00,0.00,0,0
1508204275,lo,0.00,0.00,0.00,0,0,0.00,0.00,0.00,0,0,0.00,0.00,0,0
1508204275,total,124148.00,141986.00,266134.00,141986,124148,82.00,89.00,171.00,89,82,0.00,0.00,0,0
1508204276,eth0,0.00,0.00,0.00,0,0,0.00,0.00,0.00,0,0,0.00,0.00,0,0
1508204276,s2,0.00,0.00,0.00,0,0,0.00,0.00,0.00,0,0,0.00,0.00,0,0
1508204276,s2-eth2,4754.00,149222.00,153976.00,149222,4754,65.00,67.00,132.00,67,65,0.00,0.00,0,0
1508204276,s2-eth1,149156.00,4688.00,153844.00,4688,149156,66.00,64.00,130.00,64,66,0.00,0.00,0,0
1508204276,lo,0.00,0.00,0.00,0,0,0.00,0.00,0.00,0,0,0.00,0.00,0,0
1508204276,total,153910.00,153910.00,307820.00,153910,153910,131.00,131.00,262.00,131,131,0.00,0.00,0,0
1508204277,eth0,0.00,0.00,0.00,0,0,0.00,0.00,0.00,0,0,0.00,0.00,0,0
1508204277,s2,0.00,0.00,0.00,0,0,0.00,0.00,0.00,0,0,0.00,0.00,0,0
1508204277,s2-eth2,2958.17,132758.97,135717.14,133290,2970,44.82,44.82,89.64,45,45,0.00,0.00,0,0
1508204277,s2-eth1,135709.17,2958.17,138667.33,2970,136252,45.82,44.82,90.64,45,46,0.00,0.00,0,0
1508204277,lo,0.00,0.00,0.00,0,0,0.00,0.00,0.00,0,0,0.00,0.00,0,0
1508204277,total,138667.33,135717.14,274384.47,136260,139222,90.64,89.64,180.28,90,91,0.00,0.00,0,0
1508204278,eth0,0.00,0.00,0.00,0,0,0.00,0.00,0.00,0,0,0.00,0.00,0,0
1508204278,s2,0.00,0.00,0.00,0,0,0.00,0.00,0.00,0,0,0.00,0.00,0,0
1508204278,s2-eth2,2970.00,136252.00,139222.00,136252,2970,45.00,46.00,91.00,46,45,0.00,0.00,0,0
1508204278,s2-eth1,133290.00,2970.00,136260.00,2970,133290,45.00,45.00,90.00,45,45,0.00,0.00,0,0
1508204278,lo,172.00,172.00,344.00,172,172,3.00,3.00,6.00,3,3,0.00,0.00,0,0
1508204278,total,136432.00,139394.00,275826.00,139394,136432,93.00,94.00,187.00,94,93,0.00,0.00,0,0
1508204279,eth0,0.00,0.00,0.00,0,0,0.00,0.00,0.00,0,0,0.00,0.00,0,0
1508204279,s2,0.00,0.00,0.00,0,0,0.00,0.00,0.00,0,0,0.00,0.00,0,0
1508204279,s2-eth2,3366.00,156986.00,160352.00,156986,3366,51.00,53.00,104.00,53,51,0.00,0.00,0,0
1508204279,s2-eth1,154024.00,3366.00,157390.00,3366,154024,52.00,51.00,103.00,51,52,0.00,0.00,0,0
1508204279,lo,0.00,0.00,0.00,0,0,0.00,0.00,0.00,0,0,0.00,0.00,0,0
1508204279,total,157390.00,160352.00,317742.00,160352,157390,103.00,104.00,207.00,104,103,0.00,0.00,0,0
1508204280,eth0,0.00,0.00,0.00,0,0,0.00,0.00,0.00,0,0,0.00,0.00,0,0
1508204280,s2,0.00,0.00,0.00,0,0,0.00,0.00,0.00,0,0,0.00,0.00,0,0
1508204280,s2-eth2,4038.00,171796.00,175834.00,171796,4038,57.00,58.00,115.00,58,57,0.00,0.00,0,0
1508204280,s2-eth1,174758.00,3696.00,178454.00,3696,174758,59.00,56.00,115.00,56,59,0.00,0.00,0,0
1508204280,lo,0.00,0.00,0.00,0,0,0.00,0.00,0.00,0,0,0.00,0.00,0,0
1508204280,total,178796.00,175492.00,354288.00,175492,178796,116.00,114.00,230.00,114,116,0.00,0.00,0,0
1508204281,eth0,0.00,0.00,0.00,0,0,0.00,0.00,0.00,0,0,0.00,0.00,0,0
1508204281,s2,0.00,0.00,0.00,0,0,0.00,0.00,0.00,0,0,0.00,0.00,0,0
1508204281,s2-eth2,3936.00,139940.00,143876.00,139940,3936,56.00,58.00,114.00,58,56,0.00,0.00,0,0
1508204281,s2-eth1,139940.00,3936.00,143876.00,3936,139940,58.00,56.00,114.00,56,58,0.00,0.00,0,0
1508204281,lo,0.00,0.00,0.00,0,0,0.00,0.00,0.00,0,0,0.00,0.00,0,0
1508204281,total,143876.00,143876.00,287752.00,143876,143876,114.00,114.00,228.00,114,114,0.00,0.00,0,0
1508204282,eth0,0.00,0.00,0.00,0,0,0.00,0.00,0.00,0,0,0.00,0.00,0,0
1508204282,s2,0.00,0.00,0.00,0,0,0.00,0.00,0.00,0,0,0.00,0.00,0,0
1508204282,s2-eth2,3000.00,124602.00,127602.00,124602,3000,44.00,45.00,89.00,45,44,0.00,0.00,0,0
1508204282,s2-eth1,118678.00,3000.00,121678.00,3000,118678,43.00,44.00,87.00,44,43,0.00,0.00,0,0
1508204282,lo,0.00,0.00,0.00,0,0,0.00,0.00,0.00,0,0,0.00,0.00,0,0
1508204282,total,121678.00,127602.00,249280.00,127602,121678,87.00,89.00,176.00,89,87,0.00,0.00,0,0
1508204283,eth0,0.00,0.00,0.00,0,0,0.00,0.00,0.00,0,0,0.00,0.00,0,0
1508204283,s2,0.00,0.00,0.00,0,0,0.00,0.00,0.00,0,0,0.00,0.00,0,0
1508204283,s2-eth2,2736.00,115716.00,118452.00,115716,2736,40.00,42.00,82.00,42,40,0.00,0.00,0,0
1508204283,s2-eth1,112754.00,2736.00,115490.00,2736,112754,41.00,40.00,81.00,40,41,0.00,0.00,0,0
1508204283,lo,172.00,172.00,344.00,172,172,3.00,3.00,6.00,3,3,0.00,0.00,0,0
1508204283,total,115662.00,118624.00,234286.00,118624,115662,84.00,85.00,169.00,85,84,0.00,0.00,0,0
1508204284,eth0,0.00,0.00,0.00,0,0,0.00,0.00,0.00,0,0,0.00,0.00,0,0
1508204284,s2,0.00,0.00,0.00,0,0,0.00,0.00,0.00,0,0,0.00,0.00,0,0
1508204284,s2-eth2,2844.00,124536.00,127380.00,124536,2844,42.00,44.00,86.00,44,42,0.00,0.00,0,0
1508204284,s2-eth1,118546.00,2844.00,121390.00,2844,118546,41.00,42.00,83.00,42,41,0.00,0.00,0,0
1508204284,lo,0.00,0.00,0.00,0,0,0.00,0.00,0.00,0,0,0.00,0.00,0,0
1508204284,total,121390.00,127380.00,248770.00,127380,121390,83.00,86.00,169.00,86,83,0.00,0.00,0,0
1508204285,eth0,0.00,0.00,0.00,0,0,0.00,0.00,0.00,0,0,0.00,0.00,0,0
1508204285,s2,0.00,0.00,0.00,0,0,0.00,0.00,0.00,0,0,0.00,0.00,0,0
1508204285,s2-eth2,2303.00,86162.00,88465.00,86162,2303,33.00,33.00,66.00,33,33,0.00,0.00,0,0
1508204285,s2-eth1,89297.00,2196.00,91493.00,2196,89297,36.00,32.00,68.00,32,36,0.00,0.00,0,0
1508204285,lo,0.00,0.00,0.00,0,0,0.00,0.00,0.00,0,0,0.00,0.00,0,0
1508204285,total,91600.00,88358.00,179958.00,88358,91600,69.00,65.00,134.00,65,69,0.00,0.00,0,0
1508204286,eth0,0.00,0.00,0.00,0,0,0.00,0.00,0.00,0,0,0.00,0.00,0,0
1508204286,s2,0.00,0.00,0.00,0,0,0.00,0.00,0.00,0,0,0.00,0.00,0,0
1508204286,s2-eth2,2106.00,83200.00,85306.00,83200,2106,31.00,32.00,63.00,32,31,0.00,0.00,0,0
1508204286,s2-eth1,77276.00,2106.00,79382.00,2106,77276,30.00,31.00,61.00,31,30,0.00,0.00,0,0
1508204286,lo,0.00,0.00,0.00,0,0,0.00,0.00,0.00,0,0,0.00,0.00,0,0
1508204286,total,79382.00,85306.00,164688.00,85306,79382,61.00,63.00,124.00,63,61,0.00,0.00,0,0
1508204287,eth0,0.00,0.00,0.00,0,0,0.00,0.00,0.00,0,0,0.00,0.00,0,0
1508204287,s2,0.00,0.00,0.00,0,0,0.00,0.00,0.00,0,0,0.00,0.00,0,0
1508204287,s2-eth2,2178.00,97746.00,99924.00,97746,2178,33.00,33.00,66.00,33,33,0.00,0.00,0,0
1508204287,s2-eth1,98088.00,2178.00,100266.00,2178,98088,34.00,33.00,67.00,33,34,0.00,0.00,0,0
1508204287,lo,0.00,0.00,0.00,0,0,0.00,0.00,0.00,0,0,0.00,0.00,0,0
1508204287,total,100266.00,99924.00,200190.00,99924,100266,67.00,66.00,133.00,66,67,0.00,0.00,0,0
1508204288,eth0,0.00,0.00,0.00,0,0,0.00,0.00,0.00,0,0,0.00,0.00,0,0
1508204288,s2,0.00,0.00,0.00,0,0,0.00,0.00,0.00,0,0,0.00,0.00,0,0
1508204288,s2-eth2,2457.54,59774.23,62231.77,59834,2460,29.97,28.97,58.94,29,30,0.00,0.00,0,0
1508204288,s2-eth1,59708.29,2115.88,61824.18,2118,59768,27.97,28.97,56.94,29,28,0.00,0.00,0,0
1508204288,lo,171.83,171.83,343.66,172,172,3.00,3.00,5.99,3,3,0.00,0.00,0,0
1508204288,total,62337.66,62061.94,124399.60,62124,62400,60.94,60.94,121.88,61,61,0.00,0.00,0,0
1508204289,eth0,0.00,0.00,0.00,0,0,0.00,0.00,0.00,0,0,0.00,0.00,0,0
1508204289,s2,0.00,0.00,0.00,0,0,0.00,0.00,0.00,0,0,0.00,0.00,0,0
1508204289,s2-eth2,923.08,47344.66,48267.73,47392,924,13.99,15.98,29.97,16,14,0.00,0.00,0,0
1508204289,s2-eth1,47344.66,923.08,48267.73,924,47392,15.98,13.99,29.97,14,16,0.00,0.00,0,0
1508204289,lo,0.00,0.00,0.00,0,0,0.00,0.00,0.00,0,0,0.00,0.00,0,0
1508204289,total,48267.73,48267.73,96535.47,48316,48316,29.97,29.97,59.94,30,30,0.00,0.00,0,0
1508204290,eth0,0.00,86.00,86.00,86,0,0.00,1.00,1.00,1,0,0.00,0.00,0,0
1508204290,s2,0.00,0.00,0.00,0,0,0.00,0.00,0.00,0,0,0.00,0.00,0,0
1508204290,s2-eth2,1188.00,62202.00,63390.00,62202,1188,18.00,21.00,39.00,21,18,0.00,0.00,0,0
1508204290,s2-eth1,56278.00,1188.00,57466.00,1188,56278,19.00,18.00,37.00,18,19,0.00,0.00,0,0
1508204290,lo,0.00,0.00,0.00,0,0,0.00,0.00,0.00,0,0,0.00,0.00,0,0
1508204290,total,57466.00,63476.00,120942.00,63476,57466,37.00,40.00,77.00,40,37,0.00,0.00,0,0
1508204291,eth0,0.00,0.00,0.00,0,0,0.00,0.00,0.00,0,0,0.00,0.00,0,0
1508204291,s2,0.00,0.00,0.00,0,0,0.00,0.00,0.00,0,0,0.00,0.00,0,0
1508204291,s2-eth2,1566.00,68258.00,69824.00,68258,1566,23.00,25.00,48.00,25,23,0.00,0.00,0,0
1508204291,s2-eth1,71220.00,1566.00,72786.00,1566,71220,26.00,23.00,49.00,23,26,0.00,0.00,0,0
1508204291,lo,0.00,0.00,0.00,0,0,0.00,0.00,0.00,0,0,0.00,0.00,0,0
1508204291,total,72786.00,69824.00,142610.00,69824,72786,49.00,48.00,97.00,48,49,0.00,0.00,0,0
1508204292,eth0,0.00,0.00,0.00,0,0,0.00,0.00,0.00,0,0,0.00,0.00,0,0
1508204292,s2,0.00,0.00,0.00,0,0,0.00,0.00,0.00,0,0,0.00,0.00,0,0
1508204292,s2-eth2,1764.00,74182.00,75946.00,74182,1764,26.00,27.00,53.00,27,26,0.00,0.00,0,0
1508204292,s2-eth1,65296.00,1764.00,67060.00,1764,65296,24.00,26.00,50.00,26,24,0.00,0.00,0,0
1508204292,lo,0.00,0.00,0.00,0,0,0.00,0.00,0.00,0,0,0.00,0.00,0,0
1508204292,total,67060.00,75946.00,143006.00,75946,67060,50.00,53.00,103.00,53,50,0.00,0.00,0,0
1508204293,eth0,0.00,0.00,0.00,0,0,0.00,0.00,0.00,0,0,0.00,0.00,0,0
1508204293,s2,0.00,0.00,0.00,0,0,0.00,0.00,0.00,0,0,0.00,0.00,0,0
1508204293,s2-eth2,1632.00,68258.00,69890.00,68258,1632,24.00,25.00,49.00,25,24,0.00,0.00,0,0
1508204293,s2-eth1,71220.00,1632.00,72852.00,1632,71220,26.00,24.00,50.00,24,26,0.00,0.00,0,0
1508204293,lo,172.00,172.00,344.00,172,172,3.00,3.00,6.00,3,3,0.00,0.00,0,0
1508204293,total,73024.00,70062.00,143086.00,70062,73024,53.00,52.00,105.00,52,53,0.00,0.00,0,0
1508204294,eth0,0.00,0.00,0.00,0,0,0.00,0.00,0.00,0,0,0.00,0.00,0,0
1508204294,s2,0.00,0.00,0.00,0,0,0.00,0.00,0.00,0,0,0.00,0.00,0,0
1508204294,s2-eth2,1840.00,65560.00,67400.00,65560,1840,26.00,28.00,54.00,28,26,0.00,0.00,0,0
1508204294,s2-eth1,53646.00,1840.00,55486.00,1840,53646,23.00,26.00,49.00,26,23,0.00,0.00,0,0
1508204294,lo,0.00,0.00,0.00,0,0,0.00,0.00,0.00,0,0,0.00,0.00,0,0
1508204294,total,55486.00,67400.00,122886.00,67400,55486,49.00,54.00,103.00,54,49,0.00,0.00,0,0
1508204295,eth0,0.00,0.00,0.00,0,0,0.00,0.00,0.00,0,0,0.00,0.00,0,0
1508204295,s2,0.00,0.00,0.00,0,0,0.00,0.00,0.00,0,0,0.00,0.00,0,0
1508204295,s2-eth2,1566.00,65296.00,66862.00,65296,1566,23.00,24.00,47.00,24,23,0.00,0.00,0,0
1508204295,s2-eth1,68324.00,1566.00,69890.00,1566,68324,26.00,23.00,49.00,23,26,0.00,0.00,0,0
1508204295,lo,0.00,0.00,0.00,0,0,0.00,0.00,0.00,0,0,0.00,0.00,0,0
1508204295,total,69890.00,66862.00,136752.00,66862,69890,49.00,47.00,96.00,47,49,0.00,0.00,0,0
1508204296,eth0,0.00,0.00,0.00,0,0,0.00,0.00,0.00,0,0,0.00,0.00,0,0
1508204296,s2,0.00,0.00,0.00,0,0,0.00,0.00,0.00,0,0,0.00,0.00,0,0
1508204296,s2-eth2,1158.00,41600.00,42758.00,41600,1158,17.00,16.00,33.00,16,17,0.00,0.00,0,0
1508204296,s2-eth1,35676.00,1158.00,36834.00,1158,35676,14.00,17.00,31.00,17,14,0.00,0.00,0,0
1508204296,lo,0.00,0.00,0.00,0,0,0.00,0.00,0.00,0,0,0.00,0.00,0,0
1508204296,total,36834.00,42758.00,79592.00,42758,36834,31.00,33.00,64.00,33,31,0.00,0.00,0,0
1508204297,eth0,0.00,0.00,0.00,0,0,0.00,0.00,0.00,0,0,0.00,0.00,0,0
1508204297,s2,0.00,0.00,0.00,0,0,0.00,0.00,0.00,0,0,0.00,0.00,0,0
1508204297,s2-eth2,1024.98,44517.48,45542.46,44562,1026,14.99,16.98,31.97,17,15,0.00,0.00,0,0
1508204297,s2-eth1,47476.52,1024.98,48501.50,1026,47524,17.98,14.99,32.97,15,18,0.00,0.00,0,0
1508204297,lo,0.00,0.00,0.00,0,0,0.00,0.00,0.00,0,0,0.00,0.00,0,0
1508204297,total,48501.50,45542.46,94043.96,45588,48550,32.97,31.97,64.94,32,33,0.00,0.00,0,0
1508204298,eth0,0.00,0.00,0.00,0,0,0.00,0.00,0.00,0,0,0.00,0.00,0,0
1508204298,s2,0.00,0.00,0.00,0,0,0.00,0.00,0.00,0,0,0.00,0.00,0,0
1508204298,s2-eth2,1632.00,53448.00,55080.00,53448,1632,20.00,20.00,40.00,20,20,0.00,0.00,0,0
1508204298,s2-eth1,44496.00,1290.00,45786.00,1290,44496,16.00,19.00,35.00,19,16,0.00,0.00,0,0
1508204298,lo,172.00,172.00,344.00,172,172,3.00,3.00,6.00,3,3,0.00,0.00,0,0
1508204298,total,46300.00,54910.00,101210.00,54910,46300,39.00,42.00,81.00,42,39,0.00,0.00,0,0
1508204299,eth0,0.00,0.00,0.00,0,0,0.00,0.00,0.00,0,0,0.00,0.00,0,0
1508204299,s2,0.00,0.00,0.00,0,0,0.00,0.00,0.00,0,0,0.00,0.00,0,0
1508204299,s2-eth2,1296.00,53358.00,54654.00,53358,1296,20.00,19.00,39.00,19,20,0.00,0.00,0,0
1508204299,s2-eth1,59306.00,1296.00,60602.00,1296,59306,21.00,20.00,41.00,20,21,0.00,0.00,0,0
1508204299,lo,296.00,296.00,592.00,296,296,3.00,3.00,6.00,3,3,0.00,0.00,0,0
1508204299,total,60898.00,54950.00,115848.00,54950,60898,44.00,42.00,86.00,42,44,0.00,0.00,0,0
1508204300,eth0,0.00,0.00,0.00,0,0,0.00,0.00,0.00,0,0,0.00,0.00,0,0
1508204300,s2,0.00,0.00,0.00,0,0,0.00,0.00,0.00,0,0,0.00,0.00,0,0
1508204300,s2-eth2,1320.00,65164.00,66484.00,65164,1320,20.00,22.00,42.00,22,20,0.00,0.00,0,0
1508204300,s2-eth1,59282.00,1320.00,60602.00,1320,59282,21.00,20.00,41.00,20,21,0.00,0.00,0,0
1508204300,lo,0.00,0.00,0.00,0,0,0.00,0.00,0.00,0,0,0.00,0.00,0,0
1508204300,total,60602.00,66484.00,127086.00,66484,60602,41.00,42.00,83.00,42,41,0.00,0.00,0,0
1508204301,eth0,728.00,706.00,1434.00,706,728,8.00,6.00,14.00,6,8,0.00,0.00,0,0
1508204301,s2,0.00,0.00,0.00,0,0,0.00,0.00,0.00,0,0,0.00,0.00,0,0
1508204301,s2-eth2,1518.00,74050.00,75568.00,74050,1518,23.00,25.00,48.00,25,23,0.00,0.00,0,0
1508204301,s2-eth1,74612.00,1518.00,76130.00,1518,74612,28.00,23.00,51.00,23,28,0.00,0.00,0,0
1508204301,lo,682.00,682.00,1364.00,682,682,8.00,8.00,16.00,8,8,0.00,0.00,0,0
1508204301,total,77540.00,76956.00,154496.00,76956,77540,67.00,62.00,129.00,62,67,0.00,0.00,0,0
1508204302,eth0,455.54,734.27,1189.81,735,456,5.99,5.99,11.99,6,6,0.00,0.00,0,0
1508204302,s2,0.00,0.00,0.00,0,0,0.00,0.00,0.00,0,0,0.00,0.00,0,0
1508204302,s2-eth2,2617.38,97648.35,100265.73,97746,2620,33.97,32.97,66.93,33,34,0.00,0.00,0,0
1508204302,s2-eth1,91808.20,1978.02,93786.22,1980,91900,31.97,29.97,61.94,30,32,0.00,0.00,0,0
1508204302,lo,1021.98,1021.98,2043.96,1023,1023,11.99,11.99,23.98,12,12,0.00,0.00,0,0
1508204302,total,95903.10,101382.62,197285.72,101484,95999,83.92,80.92,164.84,81,84,0.00,0.00,0,0
1508204303,eth0,152.00,245.00,397.00,245,152,2.00,2.00,4.00,2,2,0.00,0.00,0,0
1508204303,s2,0.00,0.00,0.00,0,0,0.00,0.00,0.00,0,0,0.00,0.00,0,0
1508204303,s2-eth2,3671.00,145270.00,148941.00,145270,3671,51.00,51.00,102.00,51,51,0.00,0.00,0,0
1508204303,s2-eth1,149993.00,3144.00,153137.00,3144,149993,62.00,46.00,108.00,46,62,0.00,0.00,0,0
1508204303,lo,341.00,341.00,682.00,341,341,4.00,4.00,8.00,4,4,0.00,0.00,0,0
1508204303,total,154157.00,149000.00,303157.00,149000,154157,119.00,103.00,222.00,103,119,0.00,0.00,0,0
1508204304,eth0,152.00,305.00,457.00,305,152,2.00,3.00,5.00,3,2,0.00,0.00,0,0
1508204304,s2,0.00,0.00,0.00,0,0,0.00,0.00,0.00,0,0,0.00,0.00,0,0
1508204304,s2-eth2,5281.00,114862.00,120143.00,114862,5281,55.00,51.00,106.00,51,55,0.00,0.00,0,0
1508204304,s2-eth1,109703.00,3360.00,113063.00,3360,109703,50.00,48.00,98.00,48,50,0.00,0.00,0,0
1508204304,lo,513.00,513.00,1026.00,513,513,7.00,7.00,14.00,7,7,0.00,0.00,0,0
1508204304,total,115649.00,119040.00,234689.00,119040,115649,114.00,109.00,223.00,109,114,0.00,0.00,0,0
1508204305,eth0,0.00,0.00,0.00,0,0,0.00,0.00,0.00,0,0,0.00,0.00,0,0
1508204305,s2,0.00,0.00,0.00,0,0,0.00,0.00,0.00,0,0,0.00,0.00,0,0
1508204305,s2-eth2,2937.00,75828.00,78765.00,75828,2937,37.00,30.00,67.00,30,37,0.00,0.00,0,0
1508204305,s2-eth1,75960.00,2316.00,78276.00,2316,75960,32.00,34.00,66.00,34,32,0.00,0.00,0,0
1508204305,lo,0.00,0.00,0.00,0,0,0.00,0.00,0.00,0,0,0.00,0.00,0,0
1508204305,total,78897.00,78144.00,157041.00,78144,78897,69.00,64.00,133.00,64,69,0.00,0.00,0,0
1508204306,eth0,60.00,60.00,120.00,60,60,1.00,1.00,2.00,1,1,0.00,0.00,0,0
1508204306,s2,0.00,0.00,0.00,0,0,0.00,0.00,0.00,0,0,0.00,0.00,0,0
1508204306,s2-eth2,1914.00,88860.00,90774.00,88860,1914,29.00,30.00,59.00,30,29,0.00,0.00,0,0
1508204306,s2-eth1,83637.00,1914.00,85551.00,1914,83637,31.00,29.00,60.00,29,31,0.00,0.00,0,0
1508204306,lo,0.00,0.00,0.00,0,0,0.00,0.00,0.00,0,0,0.00,0.00,0,0
1508204306,total,85611.00,90834.00,176445.00,90834,85611,61.00,60.00,121.00,60,61,0.00,0.00,0,0
1508204307,eth0,0.00,0.00,0.00,0,0,0.00,0.00,0.00,0,0,0.00,0.00,0,0
1508204307,s2,0.00,0.00,0.00,0,0,0.00,0.00,0.00,0,0,0.00,0.00,0,0
1508204307,s2-eth2,2817.00,97746.00,100563.00,97746,2817,35.00,33.00,68.00,33,35,0.00,0.00,0,0
1508204307,s2-eth1,101120.00,2046.00,103166.00,2046,101120,36.00,31.00,67.00,31,36,0.00,0.00,0,0
1508204307,lo,0.00,0.00,0.00,0,0,0.00,0.00,0.00,0,0,0.00,0.00,0,0
1508204307,total,103937.00,99792.00,203729.00,99792,103937,71.00,64.00,135.00,64,71,0.00,0.00,0,0
1508204308,eth0,0.00,60.00,60.00,60,0,0.00,1.00,1.00,1,0,0.00,0.00,0,0
1508204308,s2,0.00,0.00,0.00,0,0,0.00,0.00,0.00,0,0,0.00,0.00,0,0
1508204308,s2-eth2,2910.00,109924.00,112834.00,109924,2910,39.00,42.00,81.00,42,39,0.00,0.00,0,0
1508204308,s2-eth1,106896.00,2568.00,109464.00,2568,106896,40.00,38.00,78.00,38,40,0.00,0.00,0,0
1508204308,lo,0.00,0.00,0.00,0,0,0.00,0.00,0.00,0,0,0.00,0.00,0,0
1508204308,total,109806.00,112552.00,222358.00,112552,109806,79.00,81.00,160.00,81,79,0.00,0.00,0,0
1508204309,eth0,0.00,60.00,60.00,60,0,0.00,1.00,1.00,1,0,0.00,0.00,0,0
1508204309,s2,0.00,0.00,0.00,0,0,0.00,0.00,0.00,0,0,0.00,0.00,0,0
1508204309,s2-eth2,2196.00,78658.00,80854.00,78658,2196,32.00,29.00,61.00,29,32,0.00,0.00,0,0
1508204309,s2-eth1,74248.00,2196.00,76444.00,2196,74248,28.00,32.00,60.00,32,28,0.00,0.00,0,0
1508204309,lo,172.00,172.00,344.00,172,172,3.00,3.00,6.00,3,3,0.00,0.00,0,0
1508204309,total,76616.00,81086.00,157702.00,81086,76616,63.00,65.00,128.00,65,63,0.00,0.00,0,0
1508204310,eth0,0.00,0.00,0.00,0,0,0.00,0.00,0.00,0,0,0.00,0.00,0,0
1508204310,s2,0.00,0.00,0.00,0,0,0.00,0.00,0.00,0,0,0.00,0.00,0,0
1508204310,s2-eth2,1782.00,85898.00,87680.00,85898,1782,27.00,29.00,56.00,29,27,0.00,0.00,0,0
1508204310,s2-eth1,88967.00,1782.00,90749.00,1782,88967,31.00,27.00,58.00,27,31,0.00,0.00,0,0
1508204310,lo,0.00,0.00,0.00,0,0,0.00,0.00,0.00,0,0,0.00,0.00,0,0
1508204310,total,90749.00,87680.00,178429.00,87680,90749,58.00,56.00,114.00,56,58,0.00,0.00,0,0
1508204311,eth0,0.00,0.00,0.00,0,0,0.00,0.00,0.00,0,0,0.00,0.00,0,0
1508204311,s2,0.00,0.00,0.00,0,0,0.00,0.00,0.00,0,0,0.00,0.00,0,0
1508204311,s2-eth2,2487.00,112556.00,115043.00,112556,2487,37.00,38.00,75.00,38,37,0.00,0.00,0,0
1508204311,s2-eth1,112626.00,2310.00,114936.00,2310,112626,39.00,35.00,74.00,35,39,0.00,0.00,0,0
1508204311,lo,0.00,0.00,0.00,0,0,0.00,0.00,0.00,0,0,0.00,0.00,0,0
1508204311,total,115113.00,114866.00,229979.00,114866,115113,76.00,73.00,149.00,73,76,0.00,0.00,0,0
1508204312,eth0,0.00,0.00,0.00,0,0,0.00,0.00,0.00,0,0,0.00,0.00,0,0
1508204312,s2,0.00,0.00,0.00,0,0,0.00,0.00,0.00,0,0,0.00,0.00,0,0
1508204312,s2-eth2,3474.00,154288.00,157762.00,154288,3474,51.00,56.00,107.00,56,51,0.00,0.00,0,0
1508204312,s2-eth1,145402.00,3474.00,148876.00,3474,145402,53.00,51.00,104.00,51,53,0.00,0.00,0,0
1508204312,lo,0.00,0.00,0.00,0,0,0.00,0.00,0.00,0,0,0.00,0.00,0,0
1508204312,total,148876.00,157762.00,306638.00,157762,148876,104.00,107.00,211.00,107,104,0.00,0.00,0,0
1508204313,eth0,0.00,0.00,0.00,0,0,0.00,0.00,0.00,0,0,0.00,0.00,0,0
1508204313,s2,0.00,0.00,0.00,0,0,0.00,0.00,0.00,0,0,0.00,0.00,0,0
1508204313,s2-eth2,3886.23,186233.53,190119.77,186606,3894,58.88,62.87,121.76,63,59,0.00,0.00,0,0
1508204313,s2-eth1,177365.28,3952.10,181317.38,3960,177720,59.88,59.88,119.76,60,60,0.00,0.00,0,0
1508204313,lo,0.00,0.00,0.00,0,0,0.00,0.00,0.00,0,0,0.00,0.00,0,0
1508204313,total,181251.50,190185.64,371437.12,190566,181614,118.76,122.75,241.52,123,119,0.00,0.00,0,0
1508204314,eth0,0.00,0.00,0.00,0,0,0.00,0.00,0.00,0,0,0.00,0.00,0,0
1508204314,s2,0.00,0.00,0.00,0,0,0.00,0.00,0.00,0,0,0.00,0.00,0,0
1508204314,s2-eth2,4219.78,189378.62,193598.41,189568,4224,63.94,63.94,127.87,64,64,0.00,0.00,0,0
1508204314,s2-eth1,198255.75,4153.85,202409.59,4158,198454,66.93,62.94,129.87,63,67,0.00,0.00,0,0
1508204314,lo,171.83,171.83,343.66,172,172,3.00,3.00,5.99,3,3,0.00,0.00,0,0
1508204314,total,202647.36,193704.30,396351.66,193898,202850,133.87,129.87,263.74,130,134,0.00,0.00,0,0
1508204315,eth0,0.00,0.00,0.00,0,0,0.00,0.00,0.00,0,0,0.00,0.00,0,0
1508204315,s2,0.00,0.00,0.00,0,0,0.00,0.00,0.00,0,0,0.00,0.00,0,0
1508204315,s2-eth2,4260.00,172192.00,176452.00,172192,4260,62.00,64.00,126.00,64,62,0.00,0.00,0,0
1508204315,s2-eth1,160212.00,4260.00,164472.00,4260,160212,58.00,62.00,120.00,62,58,0.00,0.00,0,0
1508204315,lo,0.00,0.00,0.00,0,0,0.00,0.00,0.00,0,0,0.00,0.00,0,0
1508204315,total,164472.00,176452.00,340924.00,176452,164472,120.00,126.00,246.00,126,120,0.00,0.00,0,0
1508204316,eth0,0.00,0.00,0.00,0,0,0.00,0.00,0.00,0,0,0.00,0.00,0,0
1508204316,s2,0.00,0.00,0.00,0,0,0.00,0.00,0.00,0,0,0.00,0.00,0,0
1508204316,s2-eth2,2868.00,86558.00,89426.00,86558,2868,40.00,39.00,79.00,39,40,0.00,0.00,0,0
1508204316,s2-eth1,89652.00,2868.00,92520.00,2868,89652,42.00,40.00,82.00,40,42,0.00,0.00,0,0
1508204316,lo,0.00,0.00,0.00,0,0,0.00,0.00,0.00,0,0,0.00,0.00,0,0
1508204316,total,92520.00,89426.00,181946.00,89426,92520,82.00,79.00,161.00,79,82,0.00,0.00,0,0
1508204317,eth0,0.00,0.00,0.00,0,0,0.00,0.00,0.00,0,0,0.00,0.00,0,0
1508204317,s2,0.00,0.00,0.00,0,0,0.00,0.00,0.00,0,0,0.00,0.00,0,0
1508204317,s2-eth2,2328.00,97944.00,100272.00,97944,2328,34.00,36.00,70.00,36,34,0.00,0.00,0,0
1508204317,s2-eth1,86096.00,2328.00,88424.00,2328,86096,32.00,34.00,66.00,34,32,0.00,0.00,0,0
1508204317,lo,0.00,0.00,0.00,0,0,0.00,0.00,0.00,0,0,0.00,0.00,0,0
1508204317,total,88424.00,100272.00,188696.00,100272,88424,66.00,70.00,136.00,70,66,0.00,0.00,0,0
1508204318,eth0,0.00,0.00,0.00,0,0,0.00,0.00,0.00,0,0,0.00,0.00,0,0
1508204318,s2,0.00,0.00,0.00,0,0,0.00,0.00,0.00,0,0,0.00,0.00,0,0
1508204318,s2-eth2,2696.00,87874.00,90570.00,87874,2696,34.00,37.00,71.00,37,34,0.00,0.00,0,0
1508204318,s2-eth1,89705.00,2354.00,92059.00,2354,89705,38.00,33.00,71.00,33,38,0.00,0.00,0,0
1508204318,lo,0.00,0.00,0.00,0,0,0.00,0.00,0.00,0,0,0.00,0.00,0,0
1508204318,total,92401.00,90228.00,182629.00,90228,92401,72.00,70.00,142.00,70,72,0.00,0.00,0,0
1508204319,eth0,0.00,0.00,0.00,0,0,0.00,0.00,0.00,0,0,0.00,0.00,0,0
1508204319,s2,0.00,0.00,0.00,0,0,0.00,0.00,0.00,0,0,0.00,0.00,0,0
1508204319,s2-eth2,2417.00,105184.00,107601.00,105184,2417,36.00,36.00,72.00,36,36,0.00,0.00,0,0
1508204319,s2-eth1,97878.00,2310.00,100188.00,2310,97878,35.00,35.00,70.00,35,35,0.00,0.00,0,0
1508204319,lo,172.00,172.00,344.00,172,172,3.00,3.00,6.00,3,3,0.00,0.00,0,0
1508204319,total,100467.00,107666.00,208133.00,107666,100467,74.00,74.00,148.00,74,74,0.00,0.00,0,0
1508204320,eth0,0.00,86.00,86.00,86,0,0.00,1.00,1.00,1,0,0.00,0.00,0,0
1508204320,s2,0.00,0.00,0.00,0,0,0.00,0.00,0.00,0,0,0.00,0.00,0,0
1508204320,s2-eth2,1650.00,