1508203416,s1,0.00,0.00,0.00,0,0,0.00,0.00,0.00,0,0,0.00,0.00,0,0
1508203416,eth0,0.00,0.00,0.00,0,0,0.00,0.00,0.00,0,0,0.00,0.00,0,0
1508203416,s1-eth2,0.00,0.00,0.00,0,0,0.00,0.00,0.00,0,0,0.00,0.00,0,0
1508203416,s1-eth1,0.00,0.00,0.00,0,0,0.00,0.00,0.00,0,0,0.00,0.00,0,0
1508203416,lo,0.00,0.00,0.00,0,0,0.00,0.00,0.00,0,0,0.00,0.00,0,0
1508203416,total,0.00,0.00,0.00,0,0,0.00,0.00,0.00,0,0,0.00,0.00,0,0
1508203417,s1,159.84,409.59,569.43,410,160,2.00,5.00,6.99,5,2,0.00,0.00,0,0
1508203417,eth0,455.54,734.27,1189.81,735,456,5.99,5.99,11.99,6,6,0.00,0.00,0,0
1508203417,s1-eth2,9455.54,224023.98,233479.53,224248,9465,116.88,105.89,222.78,106,117,0.00,0.00,0,0
1508203417,s1-eth1,246608.39,7628.37,254236.77,7636,246855,123.88,105.89,229.77,106,124,0.00,0.00,0,0
1508203417,lo,2872.13,2872.13,5744.26,2875,2875,30.97,30.97,61.94,31,31,0.00,0.00,0,0
1508203417,total,259551.45,235668.34,495219.78,235904,259811,279.72,253.75,533.47,254,280,0.00,0.00,0,0
1508203418,s1,90.00,90.00,180.00,90,90,1.00,1.00,2.00,1,1,0.00,0.00,0,0
1508203418,eth0,152.00,245.00,397.00,245,152,2.00,2.00,4.00,2,2,0.00,0.00,0,0
1508203418,s1-eth2,7219.00,249336.00,256555.00,249336,7219,94.00,92.00,186.00,92,94,0.00,0.00,0,0
1508203418,s1-eth1,244479.00,5976.00,250455.00,5976,244479,94.00,88.00,182.00,88,94,0.00,0.00,0,0
1508203418,lo,917.00,917.00,1834.00,917,917,10.00,10.00,20.00,10,10,0.00,0.00,0,0
1508203418,total,252857.00,256564.00,509421.00,256564,252857,201.00,193.00,394.00,193,201,0.00,0.00,0,0
1508203419,s1,0.00,0.00,0.00,0,0,0.00,0.00,0.00,0,0,0.00,0.00,0,0
1508203419,eth0,0.00,0.00,0.00,0,0,0.00,0.00,0.00,0,0,0.00,0.00,0,0
1508203419,s1-eth2,6009.00,252100.00,258109.00,252100,6009,86.00,90.00,176.00,90,86,0.00,0.00,0,0
1508203419,s1-eth1,243541.00,5682.00,249223.00,5682,243541,88.00,85.00,173.00,85,88,0.00,0.00,0,0
1508203419,lo,0.00,0.00,0.00,0,0,0.00,0.00,0.00,0,0,0.00,0.00,0,0
1508203419,total,249550.00,257782.00,507332.00,257782,249550,174.00,175.00,349.00,175,174,0.00,0.00,0,0
1508203420,s1,0.00,0.00,0.00,0,0,0.00,0.00,0.00,0,0,0.00,0.00,0,0
1508203420,eth0,60.00,146.00,206.00,146,60,1.00,2.00,3.00,2,1,0.00,0.00,0,0
1508203420,s1-eth2,5846.00,249072.00,254918.00,249072,5846,84.00,88.00,172.00,88,84,0.00,0.00,0,0
1508203420,s1-eth1,246484.00,5472.00,251956.00,5472,246484,89.00,82.00,171.00,82,89,0.00,0.00,0,0
1508203420,lo,0.00,0.00,0.00,0,0,0.00,0.00,0.00,0,0,0.00,0.00,0,0
1508203420,total,252390.00,254690.00,507080.00,254690,252390,174.00,172.00,346.00,172,174,0.00,0.00,0,0
1508203421,s1,69.93,139.86,209.79,140,70,1.00,2.00,3.00,2,1,0.00,0.00,0,0
1508203421,eth0,0.00,0.00,0.00,0,0,0.00,0.00,0.00,0,0,0.00,0.00,0,0
1508203421,s1-eth2,7737.26,259154.86,266892.12,259414,7745,107.89,112.89,220.78,113,108,0.00,0.00,0,0
1508203421,s1-eth1,244760.25,7270.73,252030.97,7278,245005,109.89,104.90,214.79,105,110,0.00,0.00,0,0
1508203421,lo,751.25,751.25,1502.50,752,752,7.99,7.99,15.98,8,8,0.00,0.00,0,0
1508203421,total,253318.69,267316.69,520635.38,267584,253572,226.77,227.77,454.55,228,227,0.00,0.00,0,0
1508203422,s1,0.00,0.00,0.00,0,0,0.00,0.00,0.00,0,0,0.00,0.00,0,0
1508203422,eth0,0.00,60.00,60.00,60,0,0.00,1.00,1.00,1,0,0.00,0.00,0,0
1508203422,s1-eth2,5948.00,258090.00,264038.00,258090,5948,88.00,93.00,181.00,93,88,0.00,0.00,0,0
1508203422,s1-eth1,243280.00,5948.00,249228.00,5948,243280,88.00,88.00,176.00,88,88,0.00,0.00,0,0
1508203422,lo,0.00,0.00,0.00,0,0,0.00,0.00,0.00,0,0,0.00,0.00,0,0
1508203422,total,249228.00,264098.00,513326.00,264098,249228,176.00,182.00,358.00,182,176,0.00,0.00,0,0
1508203423,s1,0.00,0.00,0.00,0,0,0.00,0.00,0.00,0,0,0.00,0.00,0,0
1508203423,eth0,0.00,0.00,0.00,0,0,0.00,0.00,0.00,0,0,0.00,0.00,0,0
1508203423,s1-eth2,6762.00,252826.00,259588.00,252826,6762,95.00,101.00,196.00,101,95,0.00,0.00,0,0
1508203423,s1-eth1,243874.00,6498.00,250372.00,6498,243874,97.00,95.00,192.00,95,97,0.00,0.00,0,0
1508203423,lo,0.00,0.00,0.00,0,0,0.00,0.00,0.00,0,0,0.00,0.00,0,0
1508203423,total,250636.00,259324.00,509960.00,259324,250636,192.00,196.00,388.00,196,192,0.00,0.00,0,0
1508203424,s1,0.00,0.00,0.00,0,0,0.00,0.00,0.00,0,0,0.00,0.00,0,0
1508203424,eth0,0.00,0.00,0.00,0,0,0.00,0.00,0.00,0,0,0.00,0.00,0,0
1508203424,s1-eth2,6167.00,255194.00,261361.00,255194,6167,91.00,93.00,184.00,93,91,0.00,0.00,0,0
1508203424,s1-eth1,243795.00,5982.00,249777.00,5982,243795,91.00,89.00,180.00,89,91,0.00,0.00,0,0
1508203424,lo,0.00,0.00,0.00,0,0,0.00,0.00,0.00,0,0,0.00,0.00,0,0
1508203424,total,249962.00,261176.00,511138.00,261176,249962,182.00,182.00,364.00,182,182,0.00,0.00,0,0
1508203425,s1,70.00,140.00,210.00,140,70,1.00,2.00,3.00,2,1,0.00,0.00,0,0
1508203425,eth0,0.00,0.00,0.00,0,0,0.00,0.00,0.00,0,0,0.00,0.00,0,0
1508203425,s1-eth2,5892.00,247694.00,253586.00,247694,5892,88.00,89.00,177.00,89,88,0.00,0.00,0,0
1508203425,s1-eth1,246250.00,5830.00,252080.00,5830,246250,89.00,87.00,176.00,87,89,0.00,0.00,0,0
1508203425,lo,752.00,752.00,1504.00,752,752,8.00,8.00,16.00,8,8,0.00,0.00,0,0
1508203425,total,252964.00,254416.00,507380.00,254416,252964,186.00,186.00,372.00,186,186,0.00,0.00,0,0
1508203426,s1,0.00,0.00,0.00,0,0,0.00,0.00,0.00,0,0,0.00,0.00,0,0
1508203426,eth0,0.00,0.00,0.00,0,0,0.00,0.00,0.00,0,0,0.00,0.00,0,0
1508203426,s1-eth2,5790.21,253426.58,259216.80,253680,5796,85.91,91.91,177.82,92,86,0.00,0.00,0,0
1508203426,s1-eth1,246061.94,5712.29,251774.23,5718,246308,89.91,84.92,174.83,85,90,0.00,0.00,0,0
1508203426,lo,0.00,0.00,0.00,0,0,0.00,0.00,0.00,0,0,0.00,0.00,0,0
1508203426,total,251852.16,259138.88,510991.03,259398,252104,175.82,176.82,352.65,177,176,0.00,0.00,0,0
1508203427,s1,0.00,0.00,0.00,0,0,0.00,0.00,0.00,0,0,0.00,0.00,0,0
1508203427,eth0,0.00,0.00,0.00,0,0,0.00,0.00,0.00,0,0,0.00,0.00,0,0
1508203427,s1-eth2,5346.00,251770.00,257116.00,251770,5346,81.00,85.00,166.00,85,81,0.00,0.00,0,0
1508203427,s1-eth1,242884.00,5346.00,248230.00,5346,242884,82.00,81.00,163.00,81,82,0.00,0.00,0,0
1508203427,lo,0.00,0.00,0.00,0,0,0.00,0.00,0.00,0,0,0.00,0.00,0,0
1508203427,total,248230.00,257116.00,505346.00,257116,248230,163.00,166.00,329.00,166,163,0.00,0.00,0,0
1508203428,s1,0.00,0.00,0.00,0,0,0.00,0.00,0.00,0,0,0.00,0.00,0,0
1508203428,eth0,0.00,60.00,60.00,60,0,0.00,1.00,1.00,1,0,0.00,0.00,0,0
1508203428,s1-eth2,5952.00,249270.00,255222.00,249270,5952,88.00,91.00,179.00,91,88,0.00,0.00,0,0
1508203428,s1-eth1,246308.00,5952.00,252260.00,5952,246308,90.00,88.00,178.00,88,90,0.00,0.00,0,0
1508203428,lo,0.00,0.00,0.00,0,0,0.00,0.00,0.00,0,0,0.00,0.00,0,0
1508203428,total,252260.00,255282.00,507542.00,255282,252260,178.00,180.00,358.00,180,178,0.00,0.00,0,0
1508203429,s1,0.00,0.00,0.00,0,0,0.00,0.00,0.00,0,0,0.00,0.00,0,0
1508203429,eth0,0.00,0.00,0.00,0,0,0.00,0.00,0.00,0,0,0.00,0.00,0,0
1508203429,s1-eth2,5994.00,249336.00,255330.00,249336,5994,89.00,92.00,181.00,92,89,0.00,0.00,0,0
1508203429,s1-eth1,243412.00,5994.00,249406.00,5994,243412,90.00,89.00,179.00,89,90,0.00,0.00,0,0
1508203429,lo,172.00,172.00,344.00,172,172,3.00,3.00,6.00,3,3,0.00,0.00,0,0
1508203429,total,249578.00,255502.00,505080.00,255502,249578,182.00,184.00,366.00,184,182,0.00,0.00,0,0
1508203430,s1,0.00,0.00,0.00,0,0,0.00,0.00,0.00,0,0,0.00,0.00,0,0
1508203430,eth0,0.00,0.00,0.00,0,0,0.00,0.00,0.00,0,0,0.00,0.00,0,0
1508203430,s1-eth2,6120.00,250982.00,257102.00,250982,6120,90.00,95.00,185.00,95,90,0.00,0.00,0,0
1508203430,s1-eth1,246506.00,6120.00,252626.00,6120,246506,93.00,90.00,183.00,90,93,0.00,0.00,0,0
1508203430,lo,0.00,0.00,0.00,0,0,0.00,0.00,0.00,0,0,0.00,0.00,0,0
1508203430,total,252626.00,257102.00,509728.00,257102,252626,183.00,185.00,368.00,185,183,0.00,0.00,0,0
1508203431,s1,0.00,0.00,0.00,0,0,0.00,0.00,0.00,0,0,0.00,0.00,0,0
1508203431,eth0,0.00,0.00,0.00,0,0,0.00,0.00,0.00,0,0,0.00,0.00,0,0
1508203431,s1-eth2,6132.00,253944.00,260076.00,253944,6132,90.00,96.00,186.00,96,90,0.00,0.00,0,0
1508203431,s1-eth1,246506.00,6132.00,252638.00,6132,246506,93.00,90.00,183.00,90,93,0.00,0.00,0,0
1508203431,lo,0.00,0.00,0.00,0,0,0.00,0.00,0.00,0,0,0.00,0.00,0,0
1508203431,total,252638.00,260076.00,512714.00,260076,252638,183.00,186.00,369.00,186,183,0.00,0.00,0,0
1508203432,s1,0.00,0.00,0.00,0,0,0.00,0.00,0.00,0,0,0.00,0.00,0,0
1508203432,eth0,0.00,0.00,0.00,0,0,0.00,0.00,0.00,0,0,0.00,0.00,0,0
1508203432,s1-eth2,5633.00,251902.00,257535.00,251902,5633,84.00,87.00,171.00,87,84,0.00,0.00,0,0
1508203432,s1-eth1,243016.00,5526.00,248542.00,5526,243016,84.00,83.00,167.00,83,84,0.00,0.00,0,0
1508203432,lo,0.00,0.00,0.00,0,0,0.00,0.00,0.00,0,0,0.00,0.00,0,0
1508203432,total,248649.00,257428.00,506077.00,257428,248649,168.00,170.00,338.00,170,168,0.00,0.00,0,0
1508203433,s1,0.00,0.00,0.00,0,0,0.00,0.00,0.00,0,0,0.00,0.00,0,0
1508203433,eth0,0.00,0.00,0.00,0,0,0.00,0.00,0.00,0,0,0.00,0.00,0,0
1508203433,s1-eth2,5688.00,250982.00,256670.00,250982,5688,84.00,95.00,179.00,95,84,0.00,0.00,0,0
1508203433,s1-eth1,244926.00,5688.00,250614.00,5688,244926,91.00,84.00,175.00,84,91,0.00,0.00,0,0
1508203433,lo,0.00,0.00,0.00,0,0,0.00,0.00,0.00,0,0,0.00,0.00,0,0
1508203433,total,250614.00,256670.00,507284.00,256670,250614,175.00,179.00,354.00,179,175,0.00,0.00,0,0
1508203434,s1,0.00,0.00,0.00,0,0,0.00,0.00,0.00,0,0,0.00,0.00,0,0
1508203434,eth0,0.00,0.00,0.00,0,0,0.00,0.00,0.00,0,0,0.00,0.00,0,0
1508203434,s1-eth2,5622.00,253284.00,258906.00,253284,5622,85.00,86.00,171.00,86,85,0.00,0.00,0,0
1508203434,s1-eth1,244872.00,5622.00,250494.00,5622,244872,86.00,85.00,171.00,85,86,0.00,0.00,0,0
1508203434,lo,172.00,172.00,344.00,172,172,3.00,3.00,6.00,3,3,0.00,0.00,0,0
1508203434,total,250666.00,259078.00,509744.00,259078,250666,174.00,174.00,348.00,174,174,0.00,0.00,0,0
1508203435,s1,0.00,0.00,0.00,0,0,0.00,0.00,0.00,0,0,0.00,0.00,0,0
1508203435,eth0,0.00,60.00,60.00,60,0,0.00,1.00,1.00,1,0,0.00,0.00,0,0
1508203435,s1-eth2,5982.00,249270.00,255252.00,249270,5982,85.00,91.00,176.00,91,85,0.00,0.00,0,0
1508203435,s1-eth1,246308.00,5640.00,251948.00,5640,246308,90.00,84.00,174.00,84,90,0.00,0.00,0,0
1508203435,lo,0.00,0.00,0.00,0,0,0.00,0.00,0.00,0,0,0.00,0.00,0,0
1508203435,total,252290.00,254970.00,507260.00,254970,252290,175.00,176.00,351.00,176,175,0.00,0.00,0,0
1508203436,s1,0.00,0.00,0.00,0,0,0.00,0.00,0.00,0,0,0.00,0.00,0,0
1508203436,eth0,0.00,0.00,0.00,0,0,0.00,0.00,0.00,0,0,0.00,0.00,0,0
1508203436,s1-eth2,6444.00,251114.00,257558.00,251114,6444,94.00,97.00,191.00,97,94,0.00,0.00,0,0
1508203436,s1-eth1,243676.00,6444.00,250120.00,6444,243676,94.00,94.00,188.00,94,94,0.00,0.00,0,0
1508203436,lo,0.00,0.00,0.00,0,0,0.00,0.00,0.00,0,0,0.00,0.00,0,0
1508203436,total,250120.00,257558.00,507678.00,257558,250120,188.00,191.00,379.00,191,188,0.00,0.00,0,0
1508203437,s1,0.00,0.00,0.00,0,0,0.00,0.00,0.00,0,0,0.00,0.00,0,0
1508203437,eth0,0.00,0.00,0.00,0,0,0.00,0.00,0.00,0,0,0.00,0.00,0,0
1508203437,s1-eth2,5970.00,255260.00,261230.00,255260,5970,89.00,94.00,183.00,94,89,0.00,0.00,0,0
1508203437,s1-eth1,246374.00,6036.00,252410.00,6036,246374,91.00,90.00,181.00,90,91,0.00,0.00,0,0
1508203437,lo,0.00,0.00,0.00,0,0,0.00,0.00,0.00,0,0,0.00,0.00,0,0
1508203437,total,252344.00,261296.00,513640.00,261296,252344,180.00,184.00,364.00,184,180,0.00,0.00,0,0
1508203438,s1,0.00,0.00,0.00,0,0,0.00,0.00,0.00,0,0,0.00,0.00,0,0
1508203438,eth0,0.00,0.00,0.00,0,0,0.00,0.00,0.00,0,0,0.00,0.00,0,0
1508203438,s1-eth2,6198.00,255392.00,261590.00,255392,6198,91.00,96.00,187.00,96,91,0.00,0.00,0,0
1508203438,s1-eth1,246506.00,6132.00,252638.00,6132,246506,93.00,90.00,183.00,90,93,0.00,0.00,0,0
1508203438,lo,0.00,0.00,0.00,0,0,0.00,0.00,0.00,0,0,0.00,0.00,0,0
1508203438,total,252704.00,261524.00,514228.00,261524,252704,184.00,186.00,370.00,186,184,0.00,0.00,0,0
1508203439,s1,0.00,0.00,0.00,0,0,0.00,0.00,0.00,0,0,0.00,0.00,0,0
1508203439,eth0,0.00,0.00,0.00,0,0,0.00,0.00,0.00,0,0,0.00,0.00,0,0
1508203439,s1-eth2,5772.00,252166.00,257938.00,252166,5772,86.00,91.00,177.00,91,86,0.00,0.00,0,0
1508203439,s1-eth1,243280.00,5772.00,249052.00,5772,243280,88.00,86.00,174.00,86,88,0.00,0.00,0,0
1508203439,lo,172.00,172.00,344.00,172,172,3.00,3.00,6.00,3,3,0.00,0.00,0,0
1508203439,total,249224.00,258110.00,507334.00,258110,249224,177.00,180.00,357.00,180,177,0.00,0.00,0,0
1508203440,s1,0.00,0.00,0.00,0,0,0.00,0.00,0.00,0,0,0.00,0.00,0,0
1508203440,eth0,0.00,0.00,0.00,0,0,0.00,0.00,0.00,0,0,0.00,0.00,0,0
1508203440,s1-eth2,5532.47,248823.19,254355.66,249072,5538,82.92,87.91,170.83,88,83,0.00,0.00,0,0
1508203440,s1-eth1,245864.14,5598.40,251462.55,5604,246110,86.91,83.92,170.83,84,87,0.00,0.00,0,0
1508203440,lo,0.00,0.00,0.00,0,0,0.00,0.00,0.00,0,0,0.00,0.00,0,0
1508203440,total,251396.61,254421.58,505818.19,254676,251648,169.83,171.83,341.66,172,170,0.00,0.00,0,0
1508203441,s1,0.00,0.00,0.00,0,0,0.00,0.00,0.00,0,0,0.00,0.00,0,0
1508203441,eth0,0.00,0.00,0.00,0,0,0.00,0.00,0.00,0,0,0.00,0.00,0,0
1508203441,s1-eth2,5994.00,252298.00,258292.00,252298,5994,89.00,93.00,182.00,93,89,0.00,0.00,0,0
1508203441,s1-eth1,246374.00,5928.00,252302.00,5928,246374,91.00,88.00,179.00,88,91,0.00,0.00,0,0
1508203441,lo,0.00,0.00,0.00,0,0,0.00,0.00,0.00,0,0,0.00,0.00,0,0
1508203441,total,252368.00,258226.00,510594.00,258226,252368,180.00,181.00,361.00,181,180,0.00,0.00,0,0
1508203442,s1,0.00,0.00,0.00,0,0,0.00,0.00,0.00,0,0,0.00,0.00,0,0
1508203442,eth0,0.00,0.00,0.00,0,0,0.00,0.00,0.00,0,0,0.00,0.00,0,0
1508203442,s1-eth2,5352.00,246176.00,251528.00,246176,5352,80.00,88.00,168.00,88,80,0.00,0.00,0,0
1508203442,s1-eth1,243016.00,5352.00,248368.00,5352,243016,84.00,80.00,164.00,80,84,0.00,0.00,0,0
1508203442,lo,0.00,0.00,0.00,0,0,0.00,0.00,0.00,0,0,0.00,0.00,0,0
1508203442,total,248368.00,251528.00,499896.00,251528,248368,164.00,168.00,332.00,168,164,0.00,0.00,0,0
1508203443,s1,0.00,0.00,0.00,0,0,0.00,0.00,0.00,0,0,0.00,0.00,0,0
1508203443,eth0,0.00,0.00,0.00,0,0,0.00,0.00,0.00,0,0,0.00,0.00,0,0
1508203443,s1-eth2,6930.00,257344.00,264274.00,257344,6930,101.00,104.00,205.00,104,101,0.00,0.00,0,0
1508203443,s1-eth1,245628.00,6930.00,252558.00,6930,245628,102.00,101.00,203.00,101,102,0.00,0.00,0,0
1508203443,lo,296.00,296.00,592.00,296,296,3.00,3.00,6.00,3,3,0.00,0.00,0,0
1508203443,total,252854.00,264570.00,517424.00,264570,252854,206.00,208.00,414.00,208,206,0.00,0.00,0,0
1508203444,s1,0.00,0.00,0.00,0,0,0.00,0.00,0.00,0,0,0.00,0.00,0,0
1508203444,eth0,0.00,0.00,0.00,0,0,0.00,0.00,0.00,0,0,0.00,0.00,0,0
1508203444,s1-eth2,6317.68,254873.14,261190.81,255128,6324,89.91,91.91,181.82,92,90,0.00,0.00,0,0
1508203444,s1-eth1,244549.45,5976.02,250525.48,5982,244794,88.91,88.91,177.82,89,89,0.00,0.00,0,0
1508203444,lo,0.00,0.00,0.00,0,0,0.00,0.00,0.00,0,0,0.00,0.00,0,0
1508203444,total,250867.14,260849.16,511716.31,261110,251118,178.82,180.82,359.64,181,179,0.00,0.00,0,0
1508203445,s1,0.00,0.00,0.00,0,0,0.00,0.00,0.00,0,0,0.00,0.00,0,0
1508203445,eth0,0.00,0.00,0.00,0,0,0.00,0.00,0.00,0,0,0.00,0.00,0,0
1508203445,s1-eth2,5496.00,249138.00,254634.00,249138,5496,82.00,89.00,171.00,89,82,0.00,0.00,0,0
1508203445,s1-eth1,246176.00,5562.00,251738.00,5562,246176,88.00,83.00,171.00,83,88,0.00,0.00,0,0
1508203445,lo,0.00,0.00,0.00,0,0,0.00,0.00,0.00,0,0,0.00,0.00,0,0
1508203445,total,251672.00,254700.00,506372.00,254700,251672,170.00,172.00,342.00,172,170,0.00,0.00,0,0
1508203446,s1,0.00,0.00,0.00,0,0,0.00,0.00,0.00,0,0,0.00,0.00,0,0
1508203446,eth0,0.00,0.00,0.00,0,0,0.00,0.00,0.00,0,0,0.00,0.00,0,0
1508203446,s1-eth2,5706.00,256576.00,262282.00,256576,5706,85.00,92.00,177.00,92,85,0.00,0.00,0,0
1508203446,s1-eth1,246176.00,5640.00,251816.00,5640,246176,88.00,84.00,172.00,84,88,0.00,0.00,0,0
1508203446,lo,0.00,0.00,0.00,0,0,0.00,0.00,0.00,0,0,0.00,0.00,0,0
1508203446,total,251882.00,262216.00,514098.00,262216,251882,173.00,176.00,349.00,176,173,0.00,0.00,0,0
1508203447,s1,0.00,0.00,0.00,0,0,0.00,0.00,0.00,0,0,0.00,0.00,0,0
1508203447,eth0,0.00,0.00,0.00,0,0,0.00,0.00,0.00,0,0,0.00,0.00,0,0
1508203447,s1-eth2,6324.00,260132.00,266456.00,260132,6324,92.00,102.00,194.00,102,92,0.00,0.00,0,0
1508203447,s1-eth1,244150.00,6324.00,250474.00,6324,244150,97.00,92.00,189.00,92,97,0.00,0.00,0,0
1508203447,lo,172.00,172.00,344.00,172,172,3.00,3.00,6.00,3,3,0.00,0.00,0,0
1508203447,total,250646.00,266628.00,517274.00,266628,250646,192.00,197.00,389.00,197,192,0.00,0.00,0,0
1508203448,s1,0.00,0.00,0.00,0,0,0.00,0.00,0.00,0,0,0.00,0.00,0,0
1508203448,eth0,0.00,0.00,0.00,0,0,0.00,0.00,0.00,0,0,0.00,0.00,0,0
1508203448,s1-eth2,5723.00,254996.00,260719.00,254996,5723,85.00,90.00,175.00,90,85,0.00,0.00,0,0
1508203448,s1-eth1,243255.00,5616.00,248871.00,5616,243255,87.00,84.00,171.00,84,87,0.00,0.00,0,0
1508203448,lo,0.00,0.00,0.00,0,0,0.00,0.00,0.00,0,0,0.00,0.00,0,0
1508203448,total,248978.00,260612.00,509590.00,260612,248978,172.00,174.00,346.00,174,172,0.00,0.00,0,0
1508203449,s1,0.00,0.00,0.00,0,0,0.00,0.00,0.00,0,0,0.00,0.00,0,0
1508203449,eth0,0.00,0.00,0.00,0,0,0.00,0.00,0.00,0,0,0.00,0.00,0,0
1508203449,s1-eth2,6252.00,252628.00,258880.00,252628,6252,92.00,98.00,190.00,98,92,0.00,0.00,0,0
1508203449,s1-eth1,246704.00,6318.00,253022.00,6318,246704,96.00,93.00,189.00,93,96,0.00,0.00,0,0
1508203449,lo,0.00,0.00,0.00,0,0,0.00,0.00,0.00,0,0,0.00,0.00,0,0
1508203449,total,252956.00,258946.00,511902.00,258946,252956,188.00,191.00,379.00,191,188,0.00,0.00,0,0
1508203450,s1,0.00,0.00,0.00,0,0,0.00,0.00,0.00,0,0,0.00,0.00,0,0
1508203450,eth0,0.00,86.00,86.00,86,0,0.00,1.00,1.00,1,0,0.00,0.00,0,0
1508203450,s1-eth2,5514.00,254864.00,260378.00,254864,5514,83.00,88.00,171.00,88,83,0.00,0.00,0,0
1508203450,s1-eth1,245978.00,5448.00,251426.00,5448,245978,85.00,82.00,167.00,82,85,0.00,0.00,0,0
1508203450,lo,0.00,0.00,0.00,0,0,0.00,0.00,0.00,0,0,0.00,0.00,0,0
1508203450,total,251492.00,260398.00,511890.00,260398,251492,168.00,171.00,339.00,171,168,0.00,0.00,0,0
1508203451,s1,0.00,0.00,0.00,0,0,0.00,0.00,0.00,0,0,0.00,0.00,0,0
1508203451,eth0,0.00,0.00,0.00,0,0,0.00,0.00,0.00,0,0,0.00,0.00,0,0
1508203451,s1-eth2,6066.00,248086.00,254152.00,248086,6066,89.00,95.00,184.00,95,89,0.00,0.00,0,0
1508203451,s1-eth1,243478.00,6066.00,249544.00,6066,243478,91.00,89.00,180.00,89,91,0.00,0.00,0,0
1508203451,lo,0.00,0.00,0.00,0,0,0.00,0.00,0.00,0,0,0.00,0.00,0,0
1508203451,total,249544.00,254152.00,503696.00,254152,249544,180.00,184.00,364.00,184,180,0.00,0.00,0,0
1508203452,s1,0.00,0.00,0.00,0,0,0.00,0.00,0.00,0,0,0.00,0.00,0,0
1508203452,eth0,0.00,0.00,0.00,0,0,0.00,0.00,0.00,0,0,0.00,0.00,0,0
1508203452,s1-eth2,6012.00,253614.00,259626.00,253614,6012,90.00,91.00,181.00,91,90,0.00,0.00,0,0
1508203452,s1-eth1,246374.00,6012.00,252386.00,6012,246374,91.00,90.00,181.00,90,91,0.00,0.00,0,0
1508203452,lo,172.00,172.00,344.00,172,172,3.00,3.00,6.00,3,3,0.00,0.00,0,0
1508203452,total,252558.00,259798.00,512356.00,259798,252558,184.00,184.00,368.00,184,184,0.00,0.00,0,0
1508203453,s1,0.00,0.00,0.00,0,0,0.00,0.00,0.00,0,0,0.00,0.00,0,0
1508203453,eth0,0.00,0.00,0.00,0,0,0.00,0.00,0.00,0,0,0.00,0.00,0,0
1508203453,s1-eth2,5886.00,250718.00,256604.00,250718,5886,87.00,91.00,178.00,91,87,0.00,0.00,0,0
1508203453,s1-eth1,243280.00,5886.00,249166.00,5886,243280,88.00,87.00,175.00,87,88,0.00,0.00,0,0
1508203453,lo,0.00,0.00,0.00,0,0,0.00,0.00,0.00,0,0,0.00,0.00,0,0
1508203453,total,249166.00,256604.00,505770.00,256604,249166,175.00,178.00,353.00,178,175,0.00,0.00,0,0
1508203454,s1,0.00,0.00,0.00,0,0,0.00,0.00,0.00,0,0,0.00,0.00,0,0
1508203454,eth0,0.00,0.00,0.00,0,0,0.00,0.00,0.00,0,0,0.00,0.00,0,0
1508203454,s1-eth2,6167.83,252111.89,258279.73,252364,6174,90.91,93.91,184.82,94,91,0.00,0.00,0,0
1508203454,s1-eth1,246193.81,6167.83,252361.64,6174,246440,91.91,90.91,182.82,91,92,0.00,0.00,0,0
1508203454,lo,0.00,0.00,0.00,0,0,0.00,0.00,0.00,0,0,0.00,0.00,0,0
1508203454,total,252361.64,258279.73,510641.38,258538,252614,182.82,184.82,367.63,185,183,0.00,0.00,0,0
1508203455,s1,0.00,0.00,0.00,0,0,0.00,0.00,0.00,0,0,0.00,0.00,0,0
1508203455,eth0,0.00,0.00,0.00,0,0,0.00,0.00,0.00,0,0,0.00,0.00,0,0
1508203455,s1-eth2,5460.00,251968.00,257428.00,251968,5460,82.00,88.00,170.00,88,82,0.00,0.00,0,0
1508203455,s1-eth1,246044.00,5460.00,251504.00,5460,246044,86.00,82.00,168.00,82,86,0.00,0.00,0,0
1508203455,lo,0.00,0.00,0.00,0,0,0.00,0.00,0.00,0,0,0.00,0.00,0,0
1508203455,total,251504.00,257428.00,508932.00,257428,251504,168.00,170.00,338.00,170,168,0.00,0.00,0,0
1508203456,s1,0.00,0.00,0.00,0,0,0.00,0.00,0.00,0,0,0.00,0.00,0,0
1508203456,eth0,0.00,0.00,0.00,0,0,0.00,0.00,0.00,0,0,0.00,0.00,0,0
1508203456,s1-eth2,5922.00,246374.00,252296.00,246374,5922,87.00,91.00,178.00,91,87,0.00,0.00,0,0
1508203456,s1-eth1,243346.00,5922.00,249268.00,5922,243346,89.00,87.00,176.00,87,89,0.00,0.00,0,0
1508203456,lo,0.00,0.00,0.00,0,0,0.00,0.00,0.00,0,0,0.00,0.00,0,0
1508203456,total,249268.00,252296.00,501564.00,252296,249268,176.00,178.00,354.00,178,176,0.00,0.00,0,0
1508203457,s1,0.00,0.00,0.00,0,0,0.00,0.00,0.00,0,0,0.00,0.00,0,0
1508203457,eth0,0.00,0.00,0.00,0,0,0.00,0.00,0.00,0,0,0.00,0.00,0,0
1508203457,s1-eth2,5814.00,254996.00,260810.00,254996,5814,83.00,90.00,173.00,90,83,0.00,0.00,0,0
1508203457,s1-eth1,246110.00,5472.00,251582.00,5472,246110,87.00,82.00,169.00,82,87,0.00,0.00,0,0
1508203457,lo,172.00,172.00,344.00,172,172,3.00,3.00,6.00,3,3,0.00,0.00,0,0
1508203457,total,252096.00,260640.00,512736.00,260640,252096,173.00,175.00,348.00,175,173,0.00,0.00,0,0
1508203458,s1,0.00,0.00,0.00,0,0,0.00,0.00,0.00,0,0,0.00,0.00,0,0
1508203458,eth0,0.00,0.00,0.00,0,0,0.00,0.00,0.00,0,0,0.00,0.00,0,0
1508203458,s1-eth2,5460.00,251968.00,257428.00,251968,5460,82.00,88.00,170.00,88,82,0.00,0.00,0,0
1508203458,s1-eth1,243082.00,5460.00,248542.00,5460,243082,85.00,82.00,167.00,82,85,0.00,0.00,0,0
1508203458,lo,0.00,0.00,0.00,0,0,0.00,0.00,0.00,0,0,0.00,0.00,0,0
1508203458,total,248542.00,257428.00,505970.00,257428,248542,167.00,170.00,337.00,170,167,0.00,0.00,0,0
1508203459,s1,0.00,0.00,0.00,0,0,0.00,0.00,0.00,0,0,0.00,0.00,0,0
1508203459,eth0,0.00,0.00,0.00,0,0,0.00,0.00,0.00,0,0,0.00,0.00,0,0
1508203459,s1-eth2,6066.00,249402.00,255468.00,249402,6066,89.00,93.00,182.00,93,89,0.00,0.00,0,0
1508203459,s1-eth1,246440.00,6132.00,252572.00,6132,246440,92.00,90.00,182.00,90,92,0.00,0.00,0,0
1508203459,lo,0.00,0.00,0.00,0,0,0.00,0.00,0.00,0,0,0.00,0.00,0,0
1508203459,total,252506.00,255534.00,508040.00,255534,252506,181.00,183.00,364.00,183,181,0.00,0.00,0,0
1508203460,s1,0.00,0.00,0.00,0,0,0.00,0.00,0.00,0,0,0.00,0.00,0,0
1508203460,eth0,0.00,0.00,0.00,0,0,0.00,0.00,0.00,0,0,0.00,0.00,0,0
1508203460,s1-eth2,5652.35,251716.30,257368.64,251968,5658,84.92,87.91,172.83,88,85,0.00,0.00,0,0
1508203460,s1-eth1,245798.20,5586.41,251384.62,5592,246044,85.91,83.92,169.83,84,86,0.00,0.00,0,0
1508203460,lo,0.00,0.00,0.00,0,0,0.00,0.00,0.00,0,0,0.00,0.00,0,0
1508203460,total,251450.56,257302.70,508753.25,257560,251702,170.83,171.83,342.66,172,171,0.00,0.00,0,0
1508203461,s1,0.00,0.00,0.00,0,0,0.00,0.00,0.00,0,0,0.00,0.00,0,0
1508203461,eth0,0.00,0.00,0.00,0,0,0.00,0.00,0.00,0,0,0.00,0.00,0,0
1508203461,s1-eth2,5412.00,251770.00,257182.00,251770,5412,82.00,85.00,167.00,85,82,0.00,0.00,0,0
1508203461,s1-eth1,242884.00,5412.00,248296.00,5412,242884,82.00,82.00,164.00,82,82,0.00,0.00,0,0
1508203461,lo,0.00,0.00,0.00,0,0,0.00,0.00,0.00,0,0,0.00,0.00,0,0
1508203461,total,248296.00,257182.00,505478.00,257182,248296,164.00,167.00,331.00,167,164,0.00,0.00,0,0
1508203462,s1,0.00,0.00,0.00,0,0,0.00,0.00,0.00,0,0,0.00,0.00,0,0
1508203462,eth0,0.00,0.00,0.00,0,0,0.00,0.00,0.00,0,0,0.00,0.00,0,0
1508203462,s1-eth2,5346.00,241766.00,247112.00,241766,5346,79.00,87.00,166.00,87,79,0.00,0.00,0,0
1508203462,s1-eth1,245978.00,5424.00,251402.00,5424,245978,85.00,80.00,165.00,80,85,0.00,0.00,0,0
1508203462,lo,172.00,172.00,344.00,172,172,3.00,3.00,6.00,3,3,0.00,0.00,0,0
1508203462,total,251496.00,247362.00,498858.00,247362,251496,167.00,170.00,337.00,170,167,0.00,0.00,0,0
1508203463,s1,0.00,0.00,0.00,0,0,0.00,0.00,0.00,0,0,0.00,0.00,0,0
1508203463,eth0,728.00,706.00,1434.00,706,728,8.00,6.00,14.00,6,8,0.00,0.00,0,0
1508203463,s1-eth2,7628.00,251708.00,259336.00,251708,7628,106.00,106.00,212.00,106,106,0.00,0.00,0,0
1508203463,s1-eth1,243516.00,7164.00,250680.00,7164,243516,108.00,104.00,212.00,104,108,0.00,0.00,0,0
1508203463,lo,682.00,682.00,1364.00,682,682,8.00,8.00,16.00,8,8,0.00,0.00,0,0
1508203463,total,252554.00,260260.00,512814.00,260260,252554,230.00,224.00,454.00,224,230,0.00,0.00,0,0
1508203464,s1,0.00,0.00,0.00,0,0,0.00,0.00,0.00,0,0,0.00,0.00,0,0
1508203464,eth0,151.85,244.76,396.60,245,152,2.00,2.00,4.00,2,2,0.00,0.00,0,0
1508203464,s1-eth2,5930.07,259344.66,265274.72,259604,5936,87.91,93.91,181.82,94,88,0.00,0.00,0,0
1508203464,s1-eth1,247652.36,5676.32,253328.67,5682,247900,91.91,84.92,176.82,85,92,0.00,0.00,0,0
1508203464,lo,340.66,340.66,681.32,341,341,4.00,4.00,7.99,4,4,0.00,0.00,0,0
1508203464,total,254074.94,265606.41,519681.34,265872,254329,185.81,184.82,370.63,185,186,0.00,0.00,0,0
1508203465,s1,0.00,0.00,0.00,0,0,0.00,0.00,0.00,0,0,0.00,0.00,0,0
1508203465,eth0,304.00,490.00,794.00,490,304,4.00,4.00,8.00,4,4,0.00,0.00,0,0
1508203465,s1-eth2,7353.00,246242.00,253595.00,246242,7353,93.00,89.00,182.00,89,93,0.00,0.00,0,0
1508203465,s1-eth1,244969.00,5574.00,250543.00,5574,244969,97.00,83.00,180.00,83,97,0.00,0.00,0,0
1508203465,lo,682.00,682.00,1364.00,682,682,8.00,8.00,16.00,8,8,0.00,0.00,0,0
1508203465,total,253308.00,252988.00,506296.00,252988,253308,202.00,184.00,386.00,184,202,0.00,0.00,0,0
1508203466,s1,0.00,0.00,0.00,0,0,0.00,0.00,0.00,0,0,0.00,0.00,0,0
1508203466,eth0,151.85,244.76,396.60,245,152,2.00,2.00,4.00,2,2,0.00,0.00,0,0
1508203466,s1-eth2,6244.76,248823.19,255067.94,249072,6251,85.91,87.91,173.83,88,86,0.00,0.00,0,0
1508203466,s1-eth1,242524.48,5544.46,248068.94,5550,242767,89.91,82.92,172.83,83,90,0.00,0.00,0,0
1508203466,lo,340.66,340.66,681.32,341,341,4.00,4.00,7.99,4,4,0.00,0.00,0,0
1508203466,total,249261.75,254953.05,504214.81,255208,249511,181.82,176.82,358.64,177,182,0.00,0.00,0,0
1508203467,s1,0.00,0.00,0.00,0,0,0.00,0.00,0.00,0,0,0.00,0.00,0,0
1508203467,eth0,0.00,0.00,0.00,0,0,0.00,0.00,0.00,0,0,0.00,0.00,0,0
1508203467,s1-eth2,6867.00,252496.00,259363.00,252496,6867,93.00,96.00,189.00,96,93,0.00,0.00,0,0
1508203467,s1-eth1,245385.00,6198.00,251583.00,6198,245385,94.00,91.00,185.00,91,94,0.00,0.00,0,0
1508203467,lo,172.00,172.00,344.00,172,172,3.00,3.00,6.00,3,3,0.00,0.00,0,0
1508203467,total,252424.00,258866.00,511290.00,258866,252424,190.00,190.00,380.00,190,190,0.00,0.00,0,0
1508203468,s1,0.00,0.00,0.00,0,0,0.00,0.00,0.00,0,0,0.00,0.00,0,0
1508203468,eth0,60.00,60.00,120.00,60,60,1.00,1.00,2.00,1,1,0.00,0.00,0,0
1508203468,s1-eth2,5522.00,248808.00,254330.00,248808,5522,80.00,84.00,164.00,84,80,0.00,0.00,0,0
1508203468,s1-eth1,245953.00,5214.00,251167.00,5214,245953,84.00,79.00,163.00,79,84,0.00,0.00,0,0
1508203468,lo,0.00,0.00,0.00,0,0,0.00,0.00,0.00,0,0,0.00,0.00,0,0
1508203468,total,251535.00,254082.00,505617.00,254082,251535,165.00,164.00,329.00,164,165,0.00,0.00,0,0
1508203469,s1,0.00,0.00,0.00,0,0,0.00,0.00,0.00,0,0,0.00,0.00,0,0
1508203469,eth0,0.00,0.00,0.00,0,0,0.00,0.00,0.00,0,0,0.00,0.00,0,0
1508203469,s1-eth2,6259.00,249312.00,255571.00,249312,6259,89.00,92.00,181.00,92,89,0.00,0.00,0,0
1508203469,s1-eth1,243785.00,5796.00,249581.00,5796,243785,92.00,86.00,178.00,86,92,0.00,0.00,0,0
1508203469,lo,0.00,0.00,0.00,0,0,0.00,0.00,0.00,0,0,0.00,0.00,0,0
1508203469,total,250044.00,255108.00,505152.00,255108,250044,181.00,178.00,359.00,178,181,0.00,0.00,0,0
1508203470,s1,0.00,0.00,0.00,0,0,0.00,0.00,0.00,0,0,0.00,0.00,0,0
1508203470,eth0,0.00,0.00,0.00,0,0,0.00,0.00,0.00,0,0,0.00,0.00,0,0
1508203470,s1-eth2,6101.90,249218.78,255320.69,249468,6108,89.91,93.91,183.82,94,90,0.00,0.00,0,0
1508203470,s1-eth1,246601.41,6179.82,252781.22,6186,246848,93.91,90.91,184.82,91,94,0.00,0.00,0,0
1508203470,lo,0.00,0.00,0.00,0,0,0.00,0.00,0.00,0,0,0.00,0.00,0,0
1508203470,total,252703.30,255398.61,508101.91,255654,252956,183.82,184.82,368.63,185,184,0.00,0.00,0,0
1508203471,s1,0.00,0.00,0.00,0,0,0.00,0.00,0.00,0,0,0.00,0.00,0,0
1508203471,eth0,0.00,0.00,0.00,0,0,0.00,0.00,0.00,0,0,0.00,0.00,0,0
1508203471,s1-eth2,4986.00,209580.00,214566.00,209580,4986,73.00,82.00,155.00,82,73,0.00,0.00,0,0
1508203471,s1-eth1,193256.00,4908.00,198164.00,4908,193256,76.00,72.00,148.00,72,76,0.00,0.00,0,0
1508203471,lo,0.00,0.00,0.00,0,0,0.00,0.00,0.00,0,0,0.00,0.00,0,0
1508203471,total,198242.00,214488.00,412730.00,214488,198242,149.00,154.00,303.00,154,149,0.00,0.00,0,0
1508203472,s1,0.00,0.00,0.00,0,0,0.00,0.00,0.00,0,0,0.00,0.00,0,0
1508203472,eth0,0.00,0.00,0.00,0,0,0.00,0.00,0.00,0,0,0.00,0.00,0,0
1508203472,s1-eth2,5123.00,257694.00,262817.00,257694,5123,77.00,87.00,164.00,87,77,0.00,0.00,0,0
1508203472,s1-eth1,245953.00,5016.00,250969.00,5016,245953,84.00,76.00,160.00,76,84,0.00,0.00,0,0
1508203472,lo,172.00,172.00,344.00,172,172,3.00,3.00,6.00,3,3,0.00,0.00,0,0
1508203472,total,251248.00,262882.00,514130.00,262882,251248,164.00,166.00,330.00,166,164,0.00,0.00,0,0
1508203473,s1,0.00,0.00,0.00,0,0,0.00,0.00,0.00,0,0,0.00,0.00,0,0
1508203473,eth0,0.00,0.00,0.00,0,0,0.00,0.00,0.00,0,0,0.00,0.00,0,0
1508203473,s1-eth2,5314.69,257568.44,262883.12,257826,5320,79.92,88.91,168.83,89,80,0.00,0.00,0,0
1508203473,s1-eth1,242711.30,5244.76,247956.05,5250,242954,82.92,78.92,161.84,79,83,0.00,0.00,0,0
1508203473,lo,0.00,0.00,0.00,0,0,0.00,0.00,0.00,0,0,0.00,0.00,0,0
1508203473,total,248025.98,262813.19,510839.19,263076,248274,162.84,167.83,330.67,168,163,0.00,0.00,0,0
1508203474,s1,0.00,0.00,0.00,0,0,0.00,0.00,0.00,0,0,0.00,0.00,0,0
1508203474,eth0,0.00,0.00,0.00,0,0,0.00,0.00,0.00,0,0,0.00,0.00,0,0
1508203474,s1-eth2,7524.00,238544.00,246068.00,238544,7524,100.00,104.00,204.00,104,100,0.00,0.00,0,0
1508203474,s1-eth1,247364.00,7260.00,254624.00,7260,247364,106.00,100.00,206.00,100,106,0.00,0.00,0,0
1508203474,lo,0.00,0.00,0.00,0,0,0.00,0.00,0.00,0,0,0.00,0.00,0,0
1508203474,total,254888.00,245804.00,500692.00,245804,254888,206.00,204.00,410.00,204,206,0.00,0.00,0,0
1508203475,s1,0.00,0.00,0.00,0,0,0.00,0.00,0.00,0,0,0.00,0.00,0,0
1508203475,eth0,0.00,0.00,0.00,0,0,0.00,0.00,0.00,0,0,0.00,0.00,0,0
1508203475,s1-eth2,6078.00,249468.00,255546.00,249468,6078,89.00,94.00,183.00,94,89,0.00,0.00,0,0
1508203475,s1-eth1,246638.00,6000.00,252638.00,6000,246638,95.00,88.00,183.00,88,95,0.00,0.00,0,0
1508203475,lo,0.00,0.00,0.00,0,0,0.00,0.00,0.00,0,0,0.00,0.00,0,0
1508203475,total,252716.00,255468.00,508184.00,255468,252716,184.00,182.00,366.00,182,184,0.00,0.00,0,0
1508203476,s1,0.00,0.00,0.00,0,0,0.00,0.00,0.00,0,0,0.00,0.00,0,0
1508203476,eth0,0.00,0.00,0.00,0,0,0.00,0.00,0.00,0,0,0.00,0.00,0,0
1508203476,s1-eth2,5646.00,254996.00,260642.00,254996,5646,85.00,90.00,175.00,90,85,0.00,0.00,0,0
1508203476,s1-eth1,243148.00,5646.00,248794.00,5646,243148,86.00,85.00,171.00,85,86,0.00,0.00,0,0
1508203476,lo,0.00,0.00,0.00,0,0,0.00,0.00,0.00,0,0,0.00,0.00,0,0
1508203476,total,248794.00,260642.00,509436.00,260642,248794,171.00,175.00,346.00,175,171,0.00,0.00,0,0
1508203477,s1,0.00,0.00,0.00,0,0,0.00,0.00,0.00,0,0,0.00,0.00,0,0
1508203477,eth0,0.00,0.00,0.00,0,0,0.00,0.00,0.00,0,0,0.00,0.00,0,0
1508203477,s1-eth2,4429.57,173904.09,178333.67,174078,4434,64.94,66.93,131.87,67,65,0.00,0.00,0,0
1508203477,s1-eth1,183122.88,4429.57,187552.45,4434,183306,70.93,64.94,135.86,65,71,0.00,0.00,0,0
1508203477,lo,171.83,171.83,343.66,172,172,3.00,3.00,5.99,3,3,0.00,0.00,0,0
1508203477,total,187724.28,178505.50,366229.78,178684,187912,138.86,134.87,273.73,135,139,0.00,0.00,0,0
1508203478,s1,0.00,0.00,0.00,0,0,0.00,0.00,0.00,0,0,0.00,0.00,0,0
1508203478,eth0,0.00,0.00,0.00,0,0,0.00,0.00,0.00,0,0,0.00,0.00,0,0
1508203478,s1-eth2,0.00,0.00,0.00,0,0,0.00,0.00,0.00,0,0,0.00,0.00,0,0
1508203478,s1-eth1,0.00,0.00,0.00,0,0,0.00,0.00,0.00,0,0,0.00,0.00,0,0
1508203478,lo,0.00,0.00,0.00,0,0,0.00,0.00,0.00,0,0,0.00,0.00,0,0
1508203478,total,0.00,0.00,0.00,0,0,0.00,0.00,0.00,0,0,0.00,0.00,0,0
1508203479,s1,0.00,0.00,0.00,0,0,0.00,0.00,0.00,0,0,0.00,0.00,0,0
1508203479,eth0,0.00,0.00,0.00,0,0,0.00,0.00,0.00,0,0,0.00,0.00,0,0
1508203479,s1-eth2,0.00,0.00,0.00,0,0,0.00,0.00,0.00,0,0,0.00,0.00,0,0
1508203479,s1-eth1,0.00,0.00,0.00,0,0,0.00,0.00,0.00,0,0,0.00,0.00,0,0
1508203479,lo,0.00,0.00,0.00,0,0,0.00,0.00,0.00,0,0,0.00,0.00,0,0
1508203479,total,0.00,0.00,0.00,0,0,0.00,0.00,0.00,0,0,0.00,0.00,0,0
1508203480,s1,0.00,0.00,0.00,0,0,0.00,0.00,0.00,0,0,0.00,0.00,0,0
1508203480,eth0,0.00,86.00,86.00,86,0,0.00,1.00,1.00,1,0,0.00,0.00,0,0
1508203480,s1-eth2,107.00,0.00,107.00,0,107,1.00,0.00,1.00,0,1,0.00,0.00,0,0
1508203480,s1-eth1,107.00,0.00,107.00,0,107,1.00,0.00,1.00,0,1,0.00,0.00,0,0
1508203480,lo,0.00,0.00,0.00,0,0,0.00,0.00,0.00,0,0,0.00,0.00,0,0
1508203480,total,214.00,86.00,300.00,86,214,2.00,1.00,3.00,1,2,0.00,0.00,0,0
1508203481,s1,0.00,0.00,0.00,0,0,0.00,0.00,0.00,0,0,0.00,0.00,0,0
1508203481,eth0,0.00,0.00,0.00,0,0,0.00,0.00,0.00,0,0,0.00,0.00,0,0
1508203481,s1-eth2,0.00,0.00,0.00,0,0,0.00,0.00,0.00,0,0,0.00,0.00,0,0
1508203481,s1-et