1508120677,eth0,0.00,0.00,0.00,0,0,0.00,0.00,0.00,0,0,0.00,0.00,0,0
1508120677,s2,0.00,0.00,0.00,0,0,0.00,0.00,0.00,0,0,0.00,0.00,0,0
1508120677,s2-eth2,0.00,0.00,0.00,0,0,0.00,0.00,0.00,0,0,0.00,0.00,0,0
1508120677,s2-eth1,0.00,0.00,0.00,0,0,0.00,0.00,0.00,0,0,0.00,0.00,0,0
1508120677,lo,0.00,0.00,0.00,0,0,0.00,0.00,0.00,0,0,0.00,0.00,0,0
1508120677,total,0.00,0.00,0.00,0,0,0.00,0.00,0.00,0,0,0.00,0.00,0,0
1508120678,eth0,152.00,577.00,729.00,577,152,2.00,4.00,6.00,4,2,0.00,0.00,0,0
1508120678,s2,250.00,90.00,340.00,90,250,3.00,1.00,4.00,1,3,0.00,0.00,0,0
1508120678,s2-eth2,8659.00,233280.00,241939.00,233280,8659,110.00,112.00,222.00,112,110,0.00,0.00,0,0
1508120678,s2-eth1,247141.00,7698.00,254839.00,7698,247141,117.00,103.00,220.00,103,117,0.00,0.00,0,0
1508120678,lo,1473.00,1473.00,2946.00,1473,1473,16.00,16.00,32.00,16,16,0.00,0.00,0,0
1508120678,total,257675.00,243118.00,500793.00,243118,257675,248.00,236.00,484.00,236,248,0.00,0.00,0,0
1508120679,eth0,151.85,244.76,396.60,245,152,2.00,2.00,4.00,2,2,0.00,0.00,0,0
1508120679,s2,0.00,0.00,0.00,0,0,0.00,0.00,0.00,0,0,0.00,0.00,0,0
1508120679,s2-eth2,8286.71,216343.66,224630.38,216560,8295,106.89,99.90,206.79,100,107,0.00,0.00,0,0
1508120679,s2-eth1,228848.16,7618.38,236466.55,7626,229077,105.89,104.90,210.79,105,106,0.00,0.00,0,0
1508120679,lo,340.66,340.66,681.32,341,341,4.00,4.00,7.99,4,4,0.00,0.00,0,0
1508120679,total,237627.38,224547.45,462174.84,224772,237865,218.78,210.79,429.57,211,219,0.00,0.00,0,0
1508120680,eth0,0.00,0.00,0.00,0,0,0.00,0.00,0.00,0,0,0.00,0.00,0,0
1508120680,s2,0.00,0.00,0.00,0,0,0.00,0.00,0.00,0,0,0.00,0.00,0,0
1508120680,s2-eth2,5486.51,138749.25,144235.77,138888,5492,72.93,63.94,136.86,64,73,0.00,0.00,0,0
1508120680,s2-eth1,143792.22,5112.89,148905.09,5118,143936,70.93,70.93,141.86,71,71,0.00,0.00,0,0
1508120680,lo,0.00,0.00,0.00,0,0,0.00,0.00,0.00,0,0,0.00,0.00,0,0
1508120680,total,149278.72,143862.14,293140.88,144006,149428,143.86,134.87,278.72,135,144,0.00,0.00,0,0
1508120681,eth0,0.00,293.71,293.71,294,0,0.00,2.00,2.00,2,0,0.00,0.00,0,0
1508120681,s2,0.00,139.86,139.86,140,0,0.00,2.00,2.00,2,0,0.00,0.00,0,0
1508120681,s2-eth2,3577.42,105808.20,109385.62,105914,3581,47.95,46.95,94.91,47,48,0.00,0.00,0,0
1508120681,s2-eth1,98906.09,3180.82,102086.91,3184,99005,47.95,45.95,93.91,46,48,0.00,0.00,0,0
1508120681,lo,535.46,535.46,1070.93,536,536,5.99,5.99,11.99,6,6,0.00,0.00,0,0
1508120681,total,103018.98,109958.05,212977.03,110068,103122,101.90,102.90,204.80,103,102,0.00,0.00,0,0
1508120682,eth0,0.00,0.00,0.00,0,0,0.00,0.00,0.00,0,0,0.00,0.00,0,0
1508120682,s2,70.00,0.00,70.00,0,70,1.00,0.00,1.00,0,1,0.00,0.00,0,0
1508120682,s2-eth2,2050.00,94784.00,96834.00,94784,2050,31.00,32.00,63.00,32,31,0.00,0.00,0,0
1508120682,s2-eth1,100778.00,1980.00,102758.00,1980,100778,35.00,30.00,65.00,30,35,0.00,0.00,0,0
1508120682,lo,268.00,268.00,536.00,268,268,3.00,3.00,6.00,3,3,0.00,0.00,0,0
1508120682,total,103166.00,97032.00,200198.00,97032,103166,70.00,65.00,135.00,65,70,0.00,0.00,0,0
1508120683,eth0,0.00,0.00,0.00,0,0,0.00,0.00,0.00,0,0,0.00,0.00,0,0
1508120683,s2,0.00,0.00,0.00,0,0,0.00,0.00,0.00,0,0,0.00,0.00,0,0
1508120683,s2-eth2,2574.00,121442.00,124016.00,121442,2574,39.00,41.00,80.00,41,39,0.00,0.00,0,0
1508120683,s2-eth1,109594.00,2574.00,112168.00,2574,109594,37.00,39.00,76.00,39,37,0.00,0.00,0,0
1508120683,lo,0.00,0.00,0.00,0,0,0.00,0.00,0.00,0,0,0.00,0.00,0,0
1508120683,total,112168.00,124016.00,236184.00,124016,112168,76.00,80.00,156.00,80,76,0.00,0.00,0,0
1508120684,eth0,0.00,180.00,180.00,180,0,0.00,3.00,3.00,3,0,0.00,0.00,0,0
1508120684,s2,0.00,0.00,0.00,0,0,0.00,0.00,0.00,0,0,0.00,0.00,0,0
1508120684,s2-eth2,2471.00,80502.00,82973.00,80502,2471,35.00,35.00,70.00,35,35,0.00,0.00,0,0
1508120684,s2-eth1,89837.00,2364.00,92201.00,2364,89837,40.00,34.00,74.00,34,40,0.00,0.00,0,0
1508120684,lo,0.00,0.00,0.00,0,0,0.00,0.00,0.00,0,0,0.00,0.00,0,0
1508120684,total,92308.00,83046.00,175354.00,83046,92308,75.00,72.00,147.00,72,75,0.00,0.00,0,0
1508120685,eth0,0.00,118.00,118.00,118,0,0.00,1.00,1.00,1,0,0.00,0.00,0,0
1508120685,s2,0.00,140.00,140.00,140,0,0.00,2.00,2.00,2,0,0.00,0.00,0,0
1508120685,s2-eth2,1838.00,74252.00,76090.00,74252,1838,27.00,28.00,55.00,28,27,0.00,0.00,0,0
1508120685,s2-eth1,59512.00,1768.00,61280.00,1768,59512,24.00,26.00,50.00,26,24,0.00,0.00,0,0
1508120685,lo,536.00,536.00,1072.00,536,536,6.00,6.00,12.00,6,6,0.00,0.00,0,0
1508120685,total,61886.00,76814.00,138700.00,76814,61886,57.00,63.00,120.00,63,57,0.00,0.00,0,0
1508120686,eth0,0.00,0.00,0.00,0,0,0.00,0.00,0.00,0,0,0.00,0.00,0,0
1508120686,s2,70.00,0.00,70.00,0,70,1.00,0.00,1.00,0,1,0.00,0.00,0,0
1508120686,s2-eth2,1922.00,49302.00,51224.00,49302,1922,23.00,23.00,46.00,23,23,0.00,0.00,0,0
1508120686,s2-eth1,53782.00,1510.00,55292.00,1510,53782,25.00,21.00,46.00,21,25,0.00,0.00,0,0
1508120686,lo,268.00,268.00,536.00,268,268,3.00,3.00,6.00,3,3,0.00,0.00,0,0
1508120686,total,56042.00,51080.00,107122.00,51080,56042,52.00,47.00,99.00,47,52,0.00,0.00,0,0
1508120687,eth0,0.00,0.00,0.00,0,0,0.00,0.00,0.00,0,0,0.00,0.00,0,0
1508120687,s2,0.00,0.00,0.00,0,0,0.00,0.00,0.00,0,0,0.00,0.00,0,0
1508120687,s2-eth2,1452.00,68126.00,69578.00,68126,1452,22.00,23.00,45.00,23,22,0.00,0.00,0,0
1508120687,s2-eth1,56278.00,1452.00,57730.00,1452,56278,19.00,22.00,41.00,22,19,0.00,0.00,0,0
1508120687,lo,0.00,0.00,0.00,0,0,0.00,0.00,0.00,0,0,0.00,0.00,0,0
1508120687,total,57730.00,69578.00,127308.00,69578,57730,41.00,45.00,86.00,45,41,0.00,0.00,0,0
1508120688,eth0,0.00,0.00,0.00,0,0,0.00,0.00,0.00,0,0,0.00,0.00,0,0
1508120688,s2,0.00,0.00,0.00,0,0,0.00,0.00,0.00,0,0,0.00,0.00,0,0
1508120688,s2-eth2,1434.00,56476.00,57910.00,56476,1434,21.00,22.00,43.00,22,21,0.00,0.00,0,0
1508120688,s2-eth1,62400.00,1434.00,63834.00,1434,62400,24.00,21.00,45.00,21,24,0.00,0.00,0,0
1508120688,lo,0.00,0.00,0.00,0,0,0.00,0.00,0.00,0,0,0.00,0.00,0,0
1508120688,total,63834.00,57910.00,121744.00,57910,63834,45.00,43.00,88.00,43,45,0.00,0.00,0,0
1508120689,eth0,0.00,0.00,0.00,0,0,0.00,0.00,0.00,0,0,0.00,0.00,0,0
1508120689,s2,0.00,0.00,0.00,0,0,0.00,0.00,0.00,0,0,0.00,0.00,0,0
1508120689,s2-eth2,1348.65,44781.22,46129.87,44826,1350,18.98,20.98,39.96,21,19,0.00,0.00,0,0
1508120689,s2-eth1,35838.16,1348.65,37186.81,1350,35874,16.98,18.98,35.96,19,17,0.00,0.00,0,0
1508120689,lo,0.00,0.00,0.00,0,0,0.00,0.00,0.00,0,0,0.00,0.00,0,0
1508120689,total,37186.81,46129.87,83316.69,46176,37224,35.96,39.96,75.92,40,36,0.00,0.00,0,0
1508120690,eth0,0.00,331.67,331.67,332,0,0.00,2.00,2.00,2,0,0.00,0.00,0,0
1508120690,s2,0.00,0.00,0.00,0,0,0.00,0.00,0.00,0,0,0.00,0.00,0,0
1508120690,s2-eth2,959.04,32747.25,33706.29,32780,960,13.99,13.99,27.97,14,14,0.00,0.00,0,0
1508120690,s2-eth1,35772.23,959.04,36731.27,960,35808,15.98,13.99,29.97,14,16,0.00,0.00,0,0
1508120690,lo,171.83,171.83,343.66,172,172,3.00,3.00,5.99,3,3,0.00,0.00,0,0
1508120690,total,36903.10,34209.79,71112.89,34244,36940,32.97,32.97,65.93,33,33,0.00,0.00,0,0
1508120691,eth0,0.00,0.00,0.00,0,0,0.00,0.00,0.00,0,0,0.00,0.00,0,0
1508120691,s2,0.00,0.00,0.00,0,0,0.00,0.00,0.00,0,0,0.00,0.00,0,0
1508120691,s2-eth2,792.00,41468.00,42260.00,41468,792,12.00,14.00,26.00,14,12,0.00,0.00,0,0
1508120691,s2-eth1,32924.00,792.00,33716.00,792,32924,12.00,12.00,24.00,12,12,0.00,0.00,0,0
1508120691,lo,0.00,0.00,0.00,0,0,0.00,0.00,0.00,0,0,0.00,0.00,0,0
1508120691,total,33716.00,42260.00,75976.00,42260,33716,24.00,26.00,50.00,26,24,0.00,0.00,0,0
1508120692,eth0,0.00,120.00,120.00,120,0,0.00,2.00,2.00,2,0,0.00,0.00,0,0
1508120692,s2,0.00,0.00,0.00,0,0,0.00,0.00,0.00,0,0,0.00,0.00,0,0
1508120692,s2-eth2,1097.00,50354.00,51451.00,50354,1097,16.00,17.00,33.00,17,16,0.00,0.00,0,0
1508120692,s2-eth1,59347.00,990.00,60337.00,990,59347,21.00,15.00,36.00,15,21,0.00,0.00,0,0
1508120692,lo,0.00,0.00,0.00,0,0,0.00,0.00,0.00,0,0,0.00,0.00,0,0
1508120692,total,60444.00,51464.00,111908.00,51464,60444,37.00,34.00,71.00,34,37,0.00,0.00,0,0
1508120693,eth0,0.00,0.00,0.00,0,0,0.00,0.00,0.00,0,0,0.00,0.00,0,0
1508120693,s2,0.00,0.00,0.00,0,0,0.00,0.00,0.00,0,0,0.00,0.00,0,0
1508120693,s2-eth2,1584.00,79974.00,81558.00,79974,1584,24.00,27.00,51.00,27,24,0.00,0.00,0,0
1508120693,s2-eth1,65164.00,1584.00,66748.00,1584,65164,22.00,24.00,46.00,24,22,0.00,0.00,0,0
1508120693,lo,0.00,0.00,0.00,0,0,0.00,0.00,0.00,0,0,0.00,0.00,0,0
1508120693,total,66748.00,81558.00,148306.00,81558,66748,46.00,51.00,97.00,51,46,0.00,0.00,0,0
1508120694,eth0,0.00,1464.00,1464.00,1464,0,0.00,4.00,4.00,4,0,0.00,0.00,0,0
1508120694,s2,0.00,0.00,0.00,0,0,0.00,0.00,0.00,0,0,0.00,0.00,0,0
1508120694,s2-eth2,2442.00,121442.00,123884.00,121442,2442,37.00,41.00,78.00,41,37,0.00,0.00,0,0
1508120694,s2-eth1,124404.00,2442.00,126846.00,2442,124404,42.00,37.00,79.00,37,42,0.00,0.00,0,0
1508120694,lo,0.00,0.00,0.00,0,0,0.00,0.00,0.00,0,0,0.00,0.00,0,0
1508120694,total,126846.00,125348.00,252194.00,125348,126846,79.00,82.00,161.00,82,79,0.00,0.00,0,0
1508120695,eth0,0.00,0.00,0.00,0,0,0.00,0.00,0.00,0,0,0.00,0.00,0,0
1508120695,s2,0.00,0.00,0.00,0,0,0.00,0.00,0.00,0,0,0.00,0.00,0,0
1508120695,s2-eth2,3894.00,163108.00,167002.00,163108,3894,57.00,58.00,115.00,58,57,0.00,0.00,0,0
1508120695,s2-eth1,157184.00,3894.00,161078.00,3894,157184,56.00,57.00,113.00,57,56,0.00,0.00,0,0
1508120695,lo,172.00,172.00,344.00,172,172,3.00,3.00,6.00,3,3,0.00,0.00,0,0
1508120695,total,161250.00,167174.00,328424.00,167174,161250,116.00,118.00,234.00,118,116,0.00,0.00,0,0
1508120696,eth0,0.00,0.00,0.00,0,0,0.00,0.00,0.00,0,0,0.00,0.00,0,0
1508120696,s2,0.00,0.00,0.00,0,0,0.00,0.00,0.00,0,0,0.00,0.00,0,0
1508120696,s2-eth2,4422.00,177918.00,182340.00,177918,4422,61.00,63.00,124.00,63,61,0.00,0.00,0,0
1508120696,s2-eth1,171994.00,4080.00,176074.00,4080,171994,61.00,60.00,121.00,60,61,0.00,0.00,0,0
1508120696,lo,0.00,0.00,0.00,0,0,0.00,0.00,0.00,0,0,0.00,0.00,0,0
1508120696,total,176416.00,181998.00,358414.00,181998,176416,122.00,123.00,245.00,123,122,0.00,0.00,0,0
1508120697,eth0,0.00,85.91,85.91,86,0,0.00,1.00,1.00,1,0,0.00,0.00,0,0
1508120697,s2,0.00,0.00,0.00,0,0,0.00,0.00,0.00,0,0,0.00,0.00,0,0
1508120697,s2-eth2,3194.81,121782.22,124977.02,121904,3198,46.95,47.95,94.91,48,47,0.00,0.00,0,0
1508120697,s2-eth1,130659.34,3194.81,133854.16,3198,130790,50.95,46.95,97.90,47,51,0.00,0.00,0,0
1508120697,lo,0.00,0.00,0.00,0,0,0.00,0.00,0.00,0,0,0.00,0.00,0,0
1508120697,total,133854.16,125062.94,258917.09,125188,133988,97.90,95.90,193.81,96,98,0.00,0.00,0,0
1508120698,eth0,0.00,0.00,0.00,0,0,0.00,0.00,0.00,0,0,0.00,0.00,0,0
1508120698,s2,0.00,0.00,0.00,0,0,0.00,0.00,0.00,0,0,0.00,0.00,0,0
1508120698,s2-eth2,3152.00,98472.00,101624.00,98472,3152,44.00,44.00,88.00,44,44,0.00,0.00,0,0
1508120698,s2-eth1,89520.00,3152.00,92672.00,3152,89520,40.00,44.00,84.00,44,40,0.00,0.00,0,0
1508120698,lo,0.00,0.00,0.00,0,0,0.00,0.00,0.00,0,0,0.00,0.00,0,0
1508120698,total,92672.00,101624.00,194296.00,101624,92672,84.00,88.00,172.00,88,84,0.00,0.00,0,0
1508120699,eth0,0.00,120.00,120.00,120,0,0.00,2.00,2.00,2,0,0.00,0.00,0,0
1508120699,s2,0.00,0.00,0.00,0,0,0.00,0.00,0.00,0,0,0.00,0.00,0,0
1508120699,s2-eth2,1122.00,56278.00,57400.00,56278,1122,17.00,19.00,36.00,19,17,0.00,0.00,0,0
1508120699,s2-eth1,65164.00,1122.00,66286.00,1122,65164,22.00,17.00,39.00,17,22,0.00,0.00,0,0
1508120699,lo,0.00,0.00,0.00,0,0,0.00,0.00,0.00,0,0,0.00,0.00,0,0
1508120699,total,66286.00,57520.00,123806.00,57520,66286,39.00,38.00,77.00,38,39,0.00,0.00,0,0
1508120700,eth0,0.00,0.00,0.00,0,0,0.00,0.00,0.00,0,0,0.00,0.00,0,0
1508120700,s2,0.00,0.00,0.00,0,0,0.00,0.00,0.00,0,0,0.00,0.00,0,0
1508120700,s2-eth2,1794.00,84450.00,86244.00,84450,1794,27.00,29.00,56.00,29,27,0.00,0.00,0,0
1508120700,s2-eth1,71088.00,1794.00,72882.00,1794,71088,24.00,27.00,51.00,27,24,0.00,0.00,0,0
1508120700,lo,172.00,172.00,344.00,172,172,3.00,3.00,6.00,3,3,0.00,0.00,0,0
1508120700,total,73054.00,86416.00,159470.00,86416,73054,54.00,59.00,113.00,59,54,0.00,0.00,0,0
1508120701,eth0,0.00,0.00,0.00,0,0,0.00,0.00,0.00,0,0,0.00,0.00,0,0
1508120701,s2,0.00,0.00,0.00,0,0,0.00,0.00,0.00,0,0,0.00,0.00,0,0
1508120701,s2-eth2,1944.00,70102.00,72046.00,70102,1944,28.00,31.00,59.00,31,28,0.00,0.00,0,0
1508120701,s2-eth1,77540.00,2076.00,79616.00,2076,77540,34.00,30.00,64.00,30,34,0.00,0.00,0,0
1508120701,lo,0.00,0.00,0.00,0,0,0.00,0.00,0.00,0,0,0.00,0.00,0,0
1508120701,total,79484.00,72178.00,151662.00,72178,79484,62.00,61.00,123.00,61,62,0.00,0.00,0,0
1508120702,eth0,0.00,0.00,0.00,0,0,0.00,0.00,0.00,0,0,0.00,0.00,0,0
1508120702,s2,0.00,0.00,0.00,0,0,0.00,0.00,0.00,0,0,0.00,0.00,0,0
1508120702,s2-eth2,2244.00,100708.00,102952.00,100708,2244,34.00,34.00,68.00,34,34,0.00,0.00,0,0
1508120702,s2-eth1,88860.00,2112.00,90972.00,2112,88860,30.00,32.00,62.00,32,30,0.00,0.00,0,0
1508120702,lo,0.00,0.00,0.00,0,0,0.00,0.00,0.00,0,0,0.00,0.00,0,0
1508120702,total,91104.00,102820.00,193924.00,102820,91104,64.00,66.00,130.00,66,64,0.00,0.00,0,0
1508120703,eth0,0.00,0.00,0.00,0,0,0.00,0.00,0.00,0,0,0.00,0.00,0,0
1508120703,s2,0.00,0.00,0.00,0,0,0.00,0.00,0.00,0,0,0.00,0.00,0,0
1508120703,s2-eth2,1848.00,88860.00,90708.00,88860,1848,28.00,30.00,58.00,30,28,0.00,0.00,0,0
1508120703,s2-eth1,100708.00,1848.00,102556.00,1848,100708,34.00,28.00,62.00,28,34,0.00,0.00,0,0
1508120703,lo,0.00,0.00,0.00,0,0,0.00,0.00,0.00,0,0,0.00,0.00,0,0
1508120703,total,102556.00,90708.00,193264.00,90708,102556,62.00,58.00,120.00,58,62,0.00,0.00,0,0
1508120704,eth0,0.00,0.00,0.00,0,0,0.00,0.00,0.00,0,0,0.00,0.00,0,0
1508120704,s2,0.00,0.00,0.00,0,0,0.00,0.00,0.00,0,0,0.00,0.00,0,0
1508120704,s2-eth2,2574.00,118480.00,121054.00,118480,2574,39.00,40.00,79.00,40,39,0.00,0.00,0,0
1508120704,s2-eth1,103670.00,2574.00,106244.00,2574,103670,35.00,39.00,74.00,39,35,0.00,0.00,0,0
1508120704,lo,0.00,0.00,0.00,0,0,0.00,0.00,0.00,0,0,0.00,0.00,0,0
1508120704,total,106244.00,121054.00,227298.00,121054,106244,74.00,79.00,153.00,79,74,0.00,0.00,0,0
1508120705,eth0,0.00,0.00,0.00,0,0,0.00,0.00,0.00,0,0,0.00,0.00,0,0
1508120705,s2,0.00,0.00,0.00,0,0,0.00,0.00,0.00,0,0,0.00,0.00,0,0
1508120705,s2-eth2,2448.00,98076.00,100524.00,98076,2448,36.00,38.00,74.00,38,36,0.00,0.00,0,0
1508120705,s2-eth1,109924.00,2448.00,112372.00,2448,109924,42.00,36.00,78.00,36,42,0.00,0.00,0,0
1508120705,lo,172.00,172.00,344.00,172,172,3.00,3.00,6.00,3,3,0.00,0.00,0,0
1508120705,total,112544.00,100696.00,213240.00,100696,112544,81.00,77.00,158.00,77,81,0.00,0.00,0,0
1508120706,eth0,0.00,180.00,180.00,180,0,0.00,3.00,3.00,3,0,0.00,0.00,0,0
1508120706,s2,0.00,0.00,0.00,0,0,0.00,0.00,0.00,0,0,0.00,0.00,0,0
1508120706,s2-eth2,2772.00,124404.00,127176.00,124404,2772,42.00,42.00,84.00,42,42,0.00,0.00,0,0
1508120706,s2-eth1,109594.00,2772.00,112366.00,2772,109594,37.00,42.00,79.00,42,37,0.00,0.00,0,0
1508120706,lo,0.00,0.00,0.00,0,0,0.00,0.00,0.00,0,0,0.00,0.00,0,0
1508120706,total,112366.00,127356.00,239722.00,127356,112366,79.00,87.00,166.00,87,79,0.00,0.00,0,0
1508120707,eth0,0.00,0.00,0.00,0,0,0.00,0.00,0.00,0,0,0.00,0.00,0,0
1508120707,s2,0.00,0.00,0.00,0,0,0.00,0.00,0.00,0,0,0.00,0.00,0,0
1508120707,s2-eth2,2718.00,109594.00,112312.00,109594,2718,37.00,37.00,74.00,37,37,0.00,0.00,0,0
1508120707,s2-eth1,121784.00,2376.00,124160.00,2376,121784,42.00,36.00,78.00,36,42,0.00,0.00,0,0
1508120707,lo,0.00,0.00,0.00,0,0,0.00,0.00,0.00,0,0,0.00,0.00,0,0
1508120707,total,124502.00,111970.00,236472.00,111970,124502,79.00,73.00,152.00,73,79,0.00,0.00,0,0
1508120708,eth0,0.00,0.00,0.00,0,0,0.00,0.00,0.00,0,0,0.00,0.00,0,0
1508120708,s2,0.00,0.00,0.00,0,0,0.00,0.00,0.00,0,0,0.00,0.00,0,0
1508120708,s2-eth2,3143.00,139214.00,142357.00,139214,3143,47.00,47.00,94.00,47,47,0.00,0.00,0,0
1508120708,s2-eth1,124511.00,3036.00,127547.00,3036,124511,43.00,46.00,89.00,46,43,0.00,0.00,0,0
1508120708,lo,0.00,0.00,0.00,0,0,0.00,0.00,0.00,0,0,0.00,0.00,0,0
1508120708,total,127654.00,142250.00,269904.00,142250,127654,90.00,93.00,183.00,93,90,0.00,0.00,0,0
1508120709,eth0,0.00,0.00,0.00,0,0,0.00,0.00,0.00,0,0,0.00,0.00,0,0
1508120709,s2,0.00,0.00,0.00,0,0,0.00,0.00,0.00,0,0,0.00,0.00,0,0
1508120709,s2-eth2,3300.00,113282.00,116582.00,113282,3300,46.00,49.00,95.00,49,46,0.00,0.00,0,0
1508120709,s2-eth1,122102.00,3300.00,125402.00,3300,122102,51.00,46.00,97.00,46,51,0.00,0.00,0,0
1508120709,lo,0.00,0.00,0.00,0,0,0.00,0.00,0.00,0,0,0.00,0.00,0,0
1508120709,total,125402.00,116582.00,241984.00,116582,125402,97.00,95.00,192.00,95,97,0.00,0.00,0,0
1508120710,eth0,0.00,0.00,0.00,0,0,0.00,0.00,0.00,0,0,0.00,0.00,0,0
1508120710,s2,0.00,0.00,0.00,0,0,0.00,0.00,0.00,0,0,0.00,0.00,0,0
1508120710,s2-eth2,2544.00,99392.00,101936.00,99392,2544,38.00,36.00,74.00,36,38,0.00,0.00,0,0
1508120710,s2-eth1,92020.00,2544.00,94564.00,2544,92020,34.00,38.00,72.00,38,34,0.00,0.00,0,0
1508120710,lo,172.00,172.00,344.00,172,172,3.00,3.00,6.00,3,3,0.00,0.00,0,0
1508120710,total,94736.00,102108.00,196844.00,102108,94736,75.00,77.00,152.00,77,75,0.00,0.00,0,0
1508120711,eth0,0.00,0.00,0.00,0,0,0.00,0.00,0.00,0,0,0.00,0.00,0,0
1508120711,s2,0.00,0.00,0.00,0,0,0.00,0.00,0.00,0,0,0.00,0.00,0,0
1508120711,s2-eth2,2178.00,100708.00,102886.00,100708,2178,33.00,34.00,67.00,34,33,0.00,0.00,0,0
1508120711,s2-eth1,103670.00,2178.00,105848.00,2178,103670,35.00,33.00,68.00,33,35,0.00,0.00,0,0
1508120711,lo,0.00,0.00,0.00,0,0,0.00,0.00,0.00,0,0,0.00,0.00,0,0
1508120711,total,105848.00,102886.00,208734.00,102886,105848,68.00,67.00,135.00,67,68,0.00,0.00,0,0
1508120712,eth0,0.00,0.00,0.00,0,0,0.00,0.00,0.00,0,0,0.00,0.00,0,0
1508120712,s2,0.00,0.00,0.00,0,0,0.00,0.00,0.00,0,0,0.00,0.00,0,0
1508120712,s2-eth2,2454.00,83398.00,85852.00,83398,2454,35.00,35.00,70.00,35,35,0.00,0.00,0,0
1508120712,s2-eth1,74512.00,2454.00,76966.00,2454,74512,32.00,35.00,67.00,35,32,0.00,0.00,0,0
1508120712,lo,0.00,0.00,0.00,0,0,0.00,0.00,0.00,0,0,0.00,0.00,0,0
1508120712,total,76966.00,85852.00,162818.00,85852,76966,67.00,70.00,137.00,70,67,0.00,0.00,0,0
1508120713,eth0,0.00,180.00,180.00,180,0,0.00,3.00,3.00,3,0,0.00,0.00,0,0
1508120713,s2,0.00,0.00,0.00,0,0,0.00,0.00,0.00,0,0,0.00,0.00,0,0
1508120713,s2-eth2,1500.00,59438.00,60938.00,59438,1500,22.00,23.00,45.00,23,22,0.00,0.00,0,0
1508120713,s2-eth1,59438.00,1500.00,60938.00,1500,59438,23.00,22.00,45.00,22,23,0.00,0.00,0,0
1508120713,lo,0.00,0.00,0.00,0,0,0.00,0.00,0.00,0,0,0.00,0.00,0,0
1508120713,total,60938.00,61118.00,122056.00,61118,60938,45.00,48.00,93.00,48,45,0.00,0.00,0,0
1508120714,eth0,0.00,167.00,167.00,167,0,0.00,1.00,1.00,1,0,0.00,0.00,0,0
1508120714,s2,0.00,0.00,0.00,0,0,0.00,0.00,0.00,0,0,0.00,0.00,0,0
1508120714,s2-eth2,1482.00,52198.00,53680.00,52198,1482,21.00,23.00,44.00,23,21,0.00,0.00,0,0
1508120714,s2-eth1,53646.00,1482.00,55128.00,1482,53646,23.00,21.00,44.00,21,23,0.00,0.00,0,0
1508120714,lo,0.00,0.00,0.00,0,0,0.00,0.00,0.00,0,0,0.00,0.00,0,0
1508120714,total,55128.00,53847.00,108975.00,53847,55128,44.00,45.00,89.00,45,44,0.00,0.00,0,0
1508120715,eth0,0.00,147.00,147.00,147,0,0.00,1.00,1.00,1,0,0.00,0.00,0,0
1508120715,s2,0.00,0.00,0.00,0,0,0.00,0.00,0.00,0,0,0.00,0.00,0,0
1508120715,s2-eth2,1056.00,47392.00,48448.00,47392,1056,16.00,16.00,32.00,16,16,0.00,0.00,0,0
1508120715,s2-eth1,38506.00,1056.00,39562.00,1056,38506,13.00,16.00,29.00,16,13,0.00,0.00,0,0
1508120715,lo,172.00,172.00,344.00,172,172,3.00,3.00,6.00,3,3,0.00,0.00,0,0
1508120715,total,39734.00,48767.00,88501.00,48767,39734,32.00,36.00,68.00,36,32,0.00,0.00,0,0
1508120716,eth0,0.00,60.00,60.00,60,0,0.00,1.00,1.00,1,0,0.00,0.00,0,0
1508120716,s2,0.00,0.00,0.00,0,0,0.00,0.00,0.00,0,0,0.00,0.00,0,0
1508120716,s2-eth2,1188.00,56278.00,57466.00,56278,1188,18.00,19.00,37.00,19,18,0.00,0.00,0,0
1508120716,s2-eth1,65164.00,1188.00,66352.00,1188,65164,22.00,18.00,40.00,18,22,0.00,0.00,0,0
1508120716,lo,0.00,0.00,0.00,0,0,0.00,0.00,0.00,0,0,0.00,0.00,0,0
1508120716,total,66352.00,57526.00,123878.00,57526,66352,40.00,38.00,78.00,38,40,0.00,0.00,0,0
1508120717,eth0,0.00,0.00,0.00,0,0,0.00,0.00,0.00,0,0,0.00,0.00,0,0
1508120717,s2,0.00,0.00,0.00,0,0,0.00,0.00,0.00,0,0,0.00,0.00,0,0
1508120717,s2-eth2,1744.26,62469.53,64213.79,62532,1746,24.98,25.97,50.95,26,25,0.00,0.00,0,0
1508120717,s2-eth1,49120.88,1744.26,50865.14,1746,49170,20.98,24.98,45.95,25,21,0.00,0.00,0,0
1508120717,lo,0.00,0.00,0.00,0,0,0.00,0.00,0.00,0,0,0.00,0.00,0,0
1508120717,total,50865.14,64213.79,115078.92,64278,50916,45.95,50.95,96.90,51,46,0.00,0.00,0,0
1508120718,eth0,0.00,314.00,314.00,314,0,0.00,2.00,2.00,2,0,0.00,0.00,0,0
1508120718,s2,0.00,0.00,0.00,0,0,0.00,0.00,0.00,0,0,0.00,0.00,0,0
1508120718,s2-eth2,1122.00,53316.00,54438.00,53316,1122,17.00,18.00,35.00,18,17,0.00,0.00,0,0
1508120718,s2-eth1,60754.00,1122.00,61876.00,1122,60754,21.00,17.00,38.00,17,21,0.00,0.00,0,0
1508120718,lo,0.00,0.00,0.00,0,0,0.00,0.00,0.00,0,0,0.00,0.00,0,0
1508120718,total,61876.00,54752.00,116628.00,54752,61876,38.00,37.00,75.00,37,38,0.00,0.00,0,0
1508120719,eth0,0.00,0.00,0.00,0,0,0.00,0.00,0.00,0,0,0.00,0.00,0,0
1508120719,s2,0.00,0.00,0.00,0,0,0.00,0.00,0.00,0,0,0.00,0.00,0,0
1508120719,s2-eth2,1698.00,56410.00,58108.00,56410,1698,21.00,21.00,42.00,21,21,0.00,0.00,0,0
1508120719,s2-eth1,44904.00,1356.00,46260.00,1356,44904,18.00,20.00,38.00,20,18,0.00,0.00,0,0
1508120719,lo,0.00,0.00,0.00,0,0,0.00,0.00,0.00,0,0,0.00,0.00,0,0
1508120719,total,46602.00,57766.00,104368.00,57766,46602,39.00,41.00,80.00,41,39,0.00,0.00,0,0
1508120720,eth0,0.00,180.00,180.00,180,0,0.00,3.00,3.00,3,0,0.00,0.00,0,0
1508120720,s2,0.00,0.00,0.00,0,0,0.00,0.00,0.00,0,0,0.00,0.00,0,0
1508120720,s2-eth2,1122.00,53316.00,54438.00,53316,1122,17.00,18.00,35.00,18,17,0.00,0.00,0,0
1508120720,s2-eth1,62202.00,1122.00,63324.00,1122,62202,21.00,17.00,38.00,17,21,0.00,0.00,0,0
1508120720,lo,172.00,172.00,344.00,172,172,3.00,3.00,6.00,3,3,0.00,0.00,0,0
1508120720,total,63496.00,54790.00,118286.00,54790,63496,41.00,41.00,82.00,41,41,0.00,0.00,0,0
1508120721,eth0,0.00,0.00,0.00,0,0,0.00,0.00,0.00,0,0,0.00,0.00,0,0
1508120721,s2,0.00,0.00,0.00,0,0,0.00,0.00,0.00,0,0,0.00,0.00,0,0
1508120721,s2-eth2,1516.48,71016.98,72533.47,71088,1518,22.98,23.98,46.95,24,23,0.00,0.00,0,0
1508120721,s2-eth1,59180.82,1516.48,60697.30,1518,59240,19.98,22.98,42.96,23,20,0.00,0.00,0,0
1508120721,lo,0.00,0.00,0.00,0,0,0.00,0.00,0.00,0,0,0.00,0.00,0,0
1508120721,total,60697.30,72533.47,133230.77,72606,60758,42.96,46.95,89.91,47,43,0.00,0.00,0,0
1508120722,eth0,0.00,0.00,0.00,0,0,0.00,0.00,0.00,0,0,0.00,0.00,0,0
1508120722,s2,0.00,0.00,0.00,0,0,0.00,0.00,0.00,0,0,0.00,0.00,0,0
1508120722,s2-eth2,1650.00,77012.00,78662.00,77012,1650,25.00,26.00,51.00,26,25,0.00,0.00,0,0
1508120722,s2-eth1,88860.00,1650.00,90510.00,1650,88860,30.00,25.00,55.00,25,30,0.00,0.00,0,0
1508120722,lo,0.00,0.00,0.00,0,0,0.00,0.00,0.00,0,0,0.00,0.00,0,0
1508120722,total,90510.00,78662.00,169172.00,78662,90510,55.00,51.00,106.00,51,55,0.00,0.00,0,0
1508120723,eth0,0.00,0.00,0.00,0,0,0.00,0.00,0.00,0,0,0.00,0.00,0,0
1508120723,s2,0.00,0.00,0.00,0,0,0.00,0.00,0.00,0,0,0.00,0.00,0,0
1508120723,s2-eth2,2442.00,118480.00,120922.00,118480,2442,37.00,40.00,77.00,40,37,0.00,0.00,0,0
1508120723,s2-eth1,100708.00,2442.00,103150.00,2442,100708,34.00,37.00,71.00,37,34,0.00,0.00,0,0
1508120723,lo,0.00,0.00,0.00,0,0,0.00,0.00,0.00,0,0,0.00,0.00,0,0
1508120723,total,103150.00,120922.00,224072.00,120922,103150,71.00,77.00,148.00,77,71,0.00,0.00,0,0
1508120724,eth0,727.27,705.29,1432.57,706,728,7.99,5.99,13.99,6,8,0.00,0.00,0,0
1508120724,s2,0.00,0.00,0.00,0,0,0.00,0.00,0.00,0,0,0.00,0.00,0,0
1508120724,s2-eth2,4439.56,192379.62,196819.19,192572,4444,61.94,65.93,127.87,66,62,0.00,0.00,0,0
1508120724,s2-eth1,190059.94,3800.20,193860.14,3804,190250,68.93,57.94,126.87,58,69,0.00,0.00,0,0
1508120724,lo,977.02,977.02,1954.05,978,978,10.99,10.99,21.98,11,11,0.00,0.00,0,0
1508120724,total,196203.80,197862.14,394065.94,198060,196400,149.85,140.86,290.71,141,150,0.00,0.00,0,0
1508120725,eth0,304.00,245.00,549.00,245,304,4.00,2.00,6.00,2,4,0.00,0.00,0,0
1508120725,s2,0.00,0.00,0.00,0,0,0.00,0.00,0.00,0,0,0.00,0.00,0,0
1508120725,s2-eth2,5662.00,272504.00,278166.00,272504,5662,85.00,92.00,177.00,92,85,0.00,0.00,0,0
1508120725,s2-eth1,244318.00,5478.00,249796.00,5478,244318,91.00,83.00,174.00,83,91,0.00,0.00,0,0
1508120725,lo,465.00,465.00,930.00,465,465,6.00,6.00,12.00,6,6,0.00,0.00,0,0
1508120725,total,250749.00,278692.00,529441.00,278692,250749,186.00,183.00,369.00,183,186,0.00,0.00,0,0
1508120726,eth0,152.00,245.00,397.00,245,152,2.00,2.00,4.00,2,2,0.00,0.00,0,0
1508120726,s2,0.00,0.00,0.00,0,0,0.00,0.00,0.00,0,0,0.00,0.00,0,0
1508120726,s2-eth2,8342.00,241044.00,249386.00,241044,8342,97.00,98.00,195.00,98,97,0.00,0.00,0,0
1508120726,s2-eth1,245052.00,6078.00,251130.00,6078,245052,103.00,87.00,190.00,87,103,0.00,0.00,0,0
1508120726,lo,341.00,341.00,682.00,341,341,4.00,4.00,8.00,4,4,0.00,0.00,0,0
1508120726,total,253887.00,247708.00,501595.00,247708,253887,206.00,191.00,397.00,191,206,0.00,0.00,0,0
1508120727,eth0,0.00,684.00,684.00,684,0,0.00,7.00,7.00,7,0,0.00,0.00,0,0
1508120727,s2,0.00,0.00,0.00,0,0,0.00,0.00,0.00,0,0,0.00,0.00,0,0
1508120727,s2-eth2,5786.00,254732.00,260518.00,254732,5786,84.00,86.00,170.00,86,84,0.00,0.00,0,0
1508120727,s2-eth1,243553.00,5412.00,248965.00,5412,243553,84.00,82.00,166.00,82,84,0.00,0.00,0,0
1508120727,lo,217.00,217.00,434.00,217,217,2.00,2.00,4.00,2,2,0.00,0.00,0,0
1508120727,total,249556.00,261045.00,510601.00,261045,249556,170.00,177.00,347.00,177,170,0.00,0.00,0,0
1508120728,eth0,0.00,332.00,332.00,332,0,0.00,2.00,2.00,2,0,0.00,0.00,0,0
1508120728,s2,0.00,0.00,0.00,0,0,0.00,0.00,0.00,0,0,0.00,0.00,0,0
1508120728,s2-eth2,5739.00,248808.00,254547.00,248808,5739,83.00,84.00,167.00,84,83,0.00,0.00,0,0
1508120728,s2-eth1,245953.00,5478.00,251431.00,5478,245953,84.00,83.00,167.00,83,84,0.00,0.00,0,0
1508120728,lo,0.00,0.00,0.00,0,0,0.00,0.00,0.00,0,0,0.00,0.00,0,0
1508120728,total,251692.00,254618.00,506310.00,254618,251692,167.00,169.00,336.00,169,167,0.00,0.00,0,0
1508120729,eth0,60.00,392.00,452.00,392,60,1.00,3.00,4.00,3,1,0.00,0.00,0,0
1508120729,s2,0.00,0.00,0.00,0,0,0.00,0.00,0.00,0,0,0.00,0.00,0,0
1508120729,s2-eth2,5856.00,245846.00,251702.00,245846,5856,85.00,83.00,168.00,83,85,0.00,0.00,0,0
1508120729,s2-eth1,243548.00,5346.00,248894.00,5346,243548,85.00,81.00,166.00,81,85,0.00,0.00,0,0
1508120729,lo,172.00,172.00,344.00,172,172,3.00,3.00,6.00,3,3,0.00,0.00,0,0
1508120729,total,249636.00,251756.00,501392.00,251756,249636,174.00,170.00,344.00,170,174,0.00,0.00,0,0
1508120730,eth0,0.00,0.00,0.00,0,0,0.00,0.00,0.00,0,0,0.00,0.00,0,0
1508120730,s2,0.00,0.00,0.00,0,0,0.00,0.00,0.00,0,0,0.00,0.00,0,0
1508120730,s2-eth2,6459.00,226234.00,232693.00,226234,6459,89.00,93.00,182.00,93,89,0.00,0.00,0,0
1508120730,s2-eth1,247310.00,6132.00,253442.00,6132,247310,101.00,88.00,189.00,88,101,0.00,0.00,0,0
1508120730,lo,0.00,0.00,0.00,0,0,0.00,0.00,0.00,0,0,0.00,0.00,0,0
1508120730,total,253769.00,232366.00,486135.00,232366,253769,190.00,181.00,371.00,181,190,0.00,0.00,0,0
1508120731,eth0,0.00,0.00,0.00,0,0,0.00,0.00,0.00,0,0,0.00,0.00,0,0
1508120731,s2,0.00,0.00,0.00,0,0,0.00,0.00,0.00,0,0,0.00,0.00,0,0
1508120731,s2-eth2,6672.00,223140.00,229812.00,223140,6672,94.00,90.00,184.00,90,94,0.00,0.00,0,0
1508120731,s2-eth1,239398.00,6672.00,246070.00,6672,239398,95.00,94.00,189.00,94,95,0.00,0.00,0,0
1508120731,lo,0.00,0.00,0.00,0,0,0.00,0.00,0.00,0,0,0.00,0.00,0,0
1508120731,total,246070.00,229812.00,475882.00,229812,246070,189.00,184.00,373.00,184,189,0.00,0.00,0,0
1508120732,eth0,0.00,0.00,0.00,0,0,0.00,0.00,0.00,0,0,0.00,0.00,0,0
1508120732,s2,0.00,0.00,0.00,0,0,0.00,0.00,0.00,0,0,0.00,0.00,0,0
1508120732,s2-eth2,4566.00,179630.00,184196.00,179630,4566,67.00,67.00,134.00,67,67,0.00,0.00,0,0
1508120732,s2-eth1,176775.00,4566.00,181341.00,4566,176775,67.00,67.00,134.00,67,67,0.00,0.00,0,0
1508120732,lo,0.00,0.00,0.00,0,0,0.00,0.00,0.00,0,0,0.00,0.00,0,0
1508120732,total,181341.00,184196.00,365537.00,184196,181341,134.00,134.00,268.00,134,134,0.00,0.00,0,0
1508120733,eth0,0.00,0.00,0.00,0,0,0.00,0.00,0.00,0,0,0.00,0.00,0,0
1508120733,s2,0.00,0.00,0.00,0,0,0.00,0.00,0.00,0,0,0.00,0.00,0,0
1508120733,s2-eth2,4540.46,163011.00,167551.45,163174,4545,61.94,58.94,120.88,59,62,0.00,0.00,0,0
1508120733,s2-eth1,168999.00,4021.98,173020.98,4026,169168,61.94,58.94,120.88,59,62,0.00,0.00,0,0
1508120733,lo,0.00,0.00,0.00,0,0,0.00,0.00,0.00,0,0,0.00,0.00,0,0
1508120733,total,173539.47,167032.97,340572.44,167200,173713,123.88,117.88,241.76,118,124,0.00,0.00,0,0
1508120734,eth0,0.00,180.00,180.00,180,0,0.00,3.00,3.00,3,0,0.00,0.00,0,0
1508120734,s2,0.00,0.00,0.00,0,0,0.00,0.00,0.00,0,0,0.00,0.00,0,0
1508120734,s2-eth2,3894.00,186606.00,190500.00,186606,3894,59.00,63.00,122.00,63,59,0.00,0.00,0,0
1508120734,s2-eth1,177720.00,3894.00,181614.00,3894,177720,60.00,59.00,119.00,59,60,0.00,0.00,0,0
1508120734,lo,172.00,172.00,344.00,172,172,3.00,3.00,6.00,3,3,0.00,0.00,0,0
1508120734,total,181786.00,190852.00,372638.00,190852,181786,122.00,128.00,250.00,128,122,0.00,0.00,0,0
1508120735,eth0,0.00,0.00,0.00,0,0,0.00,0.00,0.00,0,0,0.00,0.00,0,0
1508120735,s2,0.00,0.00,0.00,0,0,0.00,0.00,0.00,0,0,0.00,0.00,0,0
1508120735,s2-eth2,3956.04,160051.95,164008.00,160212,3960,57.94,57.94,115.88,58,58,0.00,0.00,0,0
1508120735,s2-eth1,165970.03,4021.98,169992.02,4026,166136,59.94,58.94,118.88,59,60,0.00,0.00,0,0
1508120735,lo,0.00,0.00,0.00,0,0,0.00,0.00,0.00,0,0,0.00,0.00,0,0
1508120735,total,169926.08,164073.94,334000.00,164238,170096,117.88,116.88,234.77,117,118,0.00,0.00,0,0
1508120736,eth0,0.00,0.00,0.00,0,0,0.00,0.00,0.00,0,0,0.00,0.00,0,0
1508120736,s2,0.00,0.00,0.00,0,0,0.00,0.00,0.00,0,0,0.00,0.00,0,0
1508120736,s2-eth2,3828.00,183644.00,187472.00,183644,3828,58.00,62.00,120.00,62,58,0.00,0.00,0,0
1508120736,s2-eth1,183644.00,3762.00,187406.00,3762,183644,62.00,57.00,119.00,57,62,0.00,0.00,0,0
1508120736,lo,0.00,0.00,0.00,0,0,0.00,0.00,0.00,0,0,0.00,0.00,0,0
1508120736,total,187472.00,187406.00,374878.00,187406,187472,120.00,119.00,239.00,119,120,0.00,0.00,0,0
1508120737,eth0,0.00,0.00,0.00,0,0,0.00,0.00,0.00,0,0,0.00,0.00,0,0
1508120737,s2,0.00,0.00,0.00,0,0,0.00,0.00,0.00,0,0,0.00,0.00,0,0
1508120737,s2-eth2,4351.65,174847.16,179198.81,175022,4356,63.94,62.94,126.87,63,64,0.00,0.00,0,0
1508120737,s2-eth1,163352.66,4351.65,167704.30,4356,163516,59.94,63.94,123.88,64,60,0.00,0.00,0,0
1508120737,lo,0.00,0.00,0.00,0,0,0.00,0.00,0.00,0,0,0.00,0.00,0,0
1508120737,total,167704.30,179198.81,346903.09,179378,167872,123.88,126.87,250.75,127,124,0.00,0.00,0,0
1508120738,eth0,0.00,0.00,0.00,0,0,0.00,0.00,0.00,0,0,0.00,0.00,0,0
1508120738,s2,0.00,0.00,0.00,0,0,0.00,0.00,0.00,0,0,0.00,0.00,0,0
1508120738,s2-eth2,3218.78,130461.54,133680.33,130592,3222,46.95,47.95,94.91,48,47,0.00,0.00,0,0
1508120738,s2-eth1,139338.67,3218.78,142557.45,3222,139478,50.95,46.95,97.90,47,51,0.00,0.00,0,0
1508120738,lo,0.00,0.00,0.00,0,0,0.00,0.00,0.00,0,0,0.00,0.00,0,0
1508120738,total,142557.45,133680.33,276237.78,133814,142700,97.90,94.91,192.81,95,98,0.00,0.00,0,0
1508120739,eth0,0.00,0.00,0.00,0,0,0.00,0.00,0.00,0,0,0.00,0.00,0,0
1508120739,s2,0.00,0.00,0.00,0,0,0.00,0.00,0.00,0,0,0.00,0.00,0,0
1508120739,s2-eth2,2919.08,121518.48,124437.56,121640,2922,42.96,43.96,86.91,44,43,0.00,0.00,0,0
1508120739,s2-eth1,112641.36,2919.08,115560.45,2922,112754,40.96,42.96,83.92,43,41,0.00,0.00,0,0
1508120739,lo,171.83,171.83,343.66,172,172,3.00,3.00,5.99,3,3,0.00,0.00,0,0
1508120739,total,115732.27,124609.39,240341.67,124734,115848,86.91,89.91,176.82,90,87,0.00,0.00,0,0
1508120740,eth0,0.00,0.00,0.00,0,0,0.00,0.00,0.00,0,0,0.00,0.00,0,0
1508120740,s2,0.00,0.00,0.00,0,0,0.00,0.00,0.00,0,0,0.00,0.00,0,0
1508120740,s2-eth2,2592.00,109792.00,112384.00,109792,2592,38.00,40.00,78.00,40,38,0.00,0.00,0,0
1508120740,s2-eth1,112861.00,2592.00,115453.00,2592,112861,42.00,38.00,80.00,38,42,0.00,0.00,0,0
1508120740,lo,0.00,0.00,0.00,0,0,0.00,0.00,0.00,0,0,0.00,0.00,0,0
1508120740,total,115453.00,112384.00,227837.00,112384,115453,80.00,78.00,158.00,78,80,0.00,0.00,0,0
1508120741,eth0,0.00,179.82,179.82,180,0,0.00,3.00,3.00,3,0,0.00,0.00,0,0
1508120741,s2,0.00,0.00,0.00,0,0,0.00,0.00,0.00,0,0,0.00,0.00,0,0
1508120741,s2-eth2,2414.59,86815.19,89229.77,86902,2417,35.96,30.97,66.93,31,36,0.00,0.00,0,0
1508120741,s2-eth1,92733.27,2307.69,95040.96,2310,92826,32.97,34.97,67.93,35,33,0.00,0.00,0,0
1508120741,lo,0.00,0.00,0.00,0,0,0.00,0.00,0.00,0,0,0.00,0.00,0,0
1508120741,total,95147.85,89302.70,184450.55,89392,95243,68.93,68.93,137.86,69,69,0.00,0.00,0,0
1508120742,eth0,0.00,0.00,0.00,0,0,0.00,0.00,0.00,0,0,0.00,0.00,0,0
1508120742,s2,0.00,0.00,0.00,0,0,0.00,0.00,0.00,0,0,0.00,0.00,0,0
1508120742,s2-eth2,0.00,0.00,0.00,0,0,0.00,0.00,0.00,0,0,0.00,0.00,0,0
1508120742,s2-eth1,0.00,0.00,0.00,0,0,0.00,0.00,0.00,0,0,0.00,0.00,0,0
1508120742,lo,0.00,0.00,0.00,0,0,0.00,0.00,0.00,0,0,0.00,0.00,0,0
1508120742,total,0.00,0.00,0.00,0,0,0.00,0.00,0.00,0,0,0.00,0.00,0,0
1508120743,eth0,0.00,0.00,0.00,0,0,0.00,0.00,0.00,0,0,0.00,0.00,0,0
1508120743,s2,0.00,0.0