1503786033,s1,0.00,0.00,0.00,0,0,0.00,0.00,0.00,0,0,0.00,0.00,0,0
1503786033,eth0,0.00,0.00,0.00,0,0,0.00,0.00,0.00,0,0,0.00,0.00,0,0
1503786033,eth1,0.00,0.00,0.00,0,0,0.00,0.00,0.00,0,0,0.00,0.00,0,0
1503786033,s2,0.00,0.00,0.00,0,0,0.00,0.00,0.00,0,0,0.00,0.00,0,0
1503786033,s1-eth2,0.00,0.00,0.00,0,0,0.00,0.00,0.00,0,0,0.00,0.00,0,0
1503786033,s1-eth1,0.00,0.00,0.00,0,0,0.00,0.00,0.00,0,0,0.00,0.00,0,0
1503786033,s3,0.00,0.00,0.00,0,0,0.00,0.00,0.00,0,0,0.00,0.00,0,0
1503786033,s2-eth2,0.00,0.00,0.00,0,0,0.00,0.00,0.00,0,0,0.00,0.00,0,0
1503786033,s2-eth1,0.00,0.00,0.00,0,0,0.00,0.00,0.00,0,0,0.00,0.00,0,0
1503786033,lo,0.00,0.00,0.00,0,0,0.00,0.00,0.00,0,0,0.00,0.00,0,0
1503786033,s3-eth2,0.00,0.00,0.00,0,0,0.00,0.00,0.00,0,0,0.00,0.00,0,0
1503786033,s3-eth1,0.00,0.00,0.00,0,0,0.00,0.00,0.00,0,0,0.00,0.00,0,0
1503786033,total,0.00,0.00,0.00,0,0,0.00,0.00,0.00,0,0,0.00,0.00,0,0
1503786034,s1,90.00,3412.00,3502.00,3412,90,1.00,19.00,20.00,19,1,0.00,0.00,0,0
1503786034,eth0,0.00,0.00,0.00,0,0,0.00,0.00,0.00,0,0,0.00,0.00,0,0
1503786034,eth1,0.00,120.00,120.00,120,0,0.00,2.00,2.00,2,0,0.00,0.00,0,0
1503786034,s2,250.00,2455.00,2705.00,2455,250,3.00,14.00,17.00,14,3,0.00,0.00,0,0
1503786034,s1-eth2,148807.00,6054780.00,6203587.00,6054780,148807,2004.00,4015.00,6019.00,4015,2004,0.00,0.00,0,0
1503786034,s1-eth1,6054402.00,147942.00,6202344.00,147942,6054402,4019.00,1999.00,6018.00,1999,4019,0.00,0.00,0,0
1503786034,s3,250.00,2545.00,2795.00,2545,250,3.00,15.00,18.00,15,3,0.00,0.00,0,0
1503786034,s2-eth2,150233.00,6051518.00,6201751.00,6051518,150233,2011.00,4005.00,6016.00,4005,2011,0.00,0.00,0,0
1503786034,s2-eth1,6054780.00,148807.00,6203587.00,148807,6054780,4015.00,2004.00,6019.00,2004,4015,0.00,0.00,0,0
1503786034,lo,15432.00,15432.00,30864.00,15432,15432,144.00,144.00,288.00,144,144,0.00,0.00,0,0
1503786034,s3-eth2,152028.00,6051548.00,6203576.00,6051548,152028,2021.00,3998.00,6019.00,3998,2021,0.00,0.00,0,0
1503786034,s3-eth1,6051518.00,150233.00,6201751.00,150233,6051518,4005.00,2011.00,6016.00,2011,4005,0.00,0.00,0,0
1503786034,total,18627790.00,18628792.00,37256584.00,18628792,18627790,18226.00,18226.00,36452.00,18226,18226,0.00,0.00,0,0
1503786035,s1,0.00,1353.00,1353.00,1353,0,0.00,5.00,5.00,5,0,0.00,0.00,0,0
1503786035,eth0,0.00,0.00,0.00,0,0,0.00,0.00,0.00,0,0,0.00,0.00,0,0
1503786035,eth1,0.00,0.00,0.00,0,0,0.00,0.00,0.00,0,0,0.00,0.00,0,0
1503786035,s2,0.00,1695.00,1695.00,1695,0,0.00,6.00,6.00,6,0,0.00,0.00,0,0
1503786035,s1-eth2,150371.00,6122455.00,6272826.00,6122455,150371,2025.00,4048.00,6073.00,4048,2025,0.00,0.00,0,0
1503786035,s1-eth1,6126152.00,149776.00,6275928.00,149776,6126152,4052.00,2024.00,6076.00,2024,4052,0.00,0.00,0,0
1503786035,s3,0.00,1605.00,1605.00,1605,0,0.00,5.00,5.00,5,0,0.00,0.00,0,0
1503786035,s2-eth2,151381.00,6123642.00,6275023.00,6123642,151381,2029.00,4048.00,6077.00,4048,2029,0.00,0.00,0,0
1503786035,s2-eth1,6122455.00,150371.00,6272826.00,150371,6122455,4048.00,2025.00,6073.00,2025,4048,0.00,0.00,0,0
1503786035,lo,5216.00,5216.00,10432.00,5216,5216,49.00,49.00,98.00,49,49,0.00,0.00,0,0
1503786035,s3-eth2,152098.00,6122616.00,6274714.00,6122616,152098,2032.00,4044.00,6076.00,4044,2032,0.00,0.00,0,0
1503786035,s3-eth1,6123642.00,151381.00,6275023.00,151381,6123642,4048.00,2029.00,6077.00,2029,4048,0.00,0.00,0,0
1503786035,total,18831316.00,18830110.00,37661424.00,18830110,18831315,18283.00,18283.00,36566.00,18283,18283,0.00,0.00,0,0
1503786036,s1,0.00,214.00,214.00,214,0,0.00,2.00,2.00,2,0,0.00,0.00,0,0
1503786036,eth0,0.00,0.00,0.00,0,0,0.00,0.00,0.00,0,0,0.00,0.00,0,0
1503786036,eth1,0.00,0.00,0.00,0,0,0.00,0.00,0.00,0,0,0.00,0.00,0,0
1503786036,s2,0.00,481.00,481.00,481,0,0.00,3.00,3.00,3,0,0.00,0.00,0,0
1503786036,s1-eth2,150594.00,6153110.00,6303704.00,6153110,150594,2032.00,4066.00,6098.00,4066,2032,0.00,0.00,0,0
1503786036,s1-eth1,6151703.00,150146.00,6301849.00,150146,6151703,4066.00,2029.00,6095.00,2029,4066,0.00,0.00,0,0
1503786036,s3,0.00,481.00,481.00,481,0,0.00,3.00,3.00,3,0,0.00,0.00,0,0
1503786036,s2-eth2,150701.00,6151489.00,6302190.00,6151489,150701,2033.00,4064.00,6097.00,4064,2033,0.00,0.00,0,0
1503786036,s2-eth1,6153110.00,150594.00,6303704.00,150594,6153110,4066.00,2032.00,6098.00,2032,4066,0.00,0.00,0,0
1503786036,lo,2482.00,2482.00,4964.00,2482,2482,24.00,24.00,48.00,24,24,0.00,0.00,0,0
1503786036,s3-eth2,151028.00,6149868.00,6300896.00,6149868,151028,2034.00,4062.00,6096.00,4062,2034,0.00,0.00,0,0
1503786036,s3-eth1,6151489.00,150701.00,6302190.00,150701,6151489,4064.00,2033.00,6097.00,2033,4064,0.00,0.00,0,0
1503786036,total,18911108.00,18909566.00,37820672.00,18909566,18911107,18319.00,18318.00,36637.00,18318,18319,0.00,0.00,0,0
1503786037,s1,70.00,1468.00,1538.00,1468,70,1.00,8.00,9.00,8,1,0.00,0.00,0,0
1503786037,eth0,0.00,0.00,0.00,0,0,0.00,0.00,0.00,0,0,0.00,0.00,0,0
1503786037,eth1,0.00,0.00,0.00,0,0,0.00,0.00,0.00,0,0,0.00,0.00,0,0
1503786037,s2,0.00,1271.00,1271.00,1271,0,0.00,8.00,8.00,8,0,0.00,0.00,0,0
1503786037,s1-eth2,148463.00,6052856.00,6201319.00,6052856,148463,2003.00,4004.00,6007.00,4004,2003,0.00,0.00,0,0
1503786037,s1-eth1,6056291.00,148070.00,6204361.00,148070,6056291,4009.00,2001.00,6010.00,2001,4009,0.00,0.00,0,0
1503786037,s3,0.00,1271.00,1271.00,1271,0,0.00,8.00,8.00,8,0,0.00,0.00,0,0
1503786037,s2-eth2,149275.00,6053706.00,6202981.00,6053706,149275,2008.00,4002.00,6010.00,4002,2008,0.00,0.00,0,0
1503786037,s2-eth1,6052856.00,148463.00,6201319.00,148463,6052856,4004.00,2003.00,6007.00,2003,4004,0.00,0.00,0,0
1503786037,lo,7280.00,7280.00,14560.00,7280,7280,75.00,75.00,150.00,75,75,0.00,0.00,0,0
1503786037,s3-eth2,149723.00,6056070.00,6205793.00,6056070,149723,2011.00,4001.00,6012.00,4001,2011,0.00,0.00,0,0
1503786037,s3-eth1,6053706.00,149275.00,6202981.00,149275,6053706,4002.00,2008.00,6010.00,2008,4002,0.00,0.00,0,0
1503786037,total,18617664.00,18619730.00,37237392.00,18619730,18617664,18113.00,18118.00,36231.00,18118,18113,0.00,0.00,0,0
1503786038,s1,0.00,140.00,140.00,140,0,0.00,2.00,2.00,2,0,0.00,0.00,0,0
1503786038,eth0,0.00,0.00,0.00,0,0,0.00,0.00,0.00,0,0,0.00,0.00,0,0
1503786038,eth1,0.00,0.00,0.00,0,0,0.00,0.00,0.00,0,0,0.00,0.00,0,0
1503786038,s2,70.00,70.00,140.00,70,70,1.00,1.00,2.00,1,1,0.00,0.00,0,0
1503786038,s1-eth2,151034.00,6181802.00,6332836.00,6181802,151034,2041.00,4085.00,6126.00,4085,2041,0.00,0.00,0,0
1503786038,s1-eth1,6179101.00,151034.00,6330135.00,151034,6179101,4084.00,2041.00,6125.00,2041,4084,0.00,0.00,0,0
1503786038,s3,70.00,70.00,140.00,70,70,1.00,1.00,2.00,1,1,0.00,0.00,0,0
1503786038,s2-eth2,150956.00,6178704.00,6329660.00,6178704,150956,2040.00,4082.00,6122.00,4082,2040,0.00,0.00,0,0
1503786038,s2-eth1,6181802.00,151034.00,6332836.00,151034,6181802,4085.00,2041.00,6126.00,2041,4085,0.00,0.00,0,0
1503786038,lo,1608.00,1608.00,3216.00,1608,1608,18.00,18.00,36.00,18,18,0.00,0.00,0,0
1503786038,s3-eth2,151279.00,6177120.00,6328399.00,6177120,151279,2041.00,4080.00,6121.00,4080,2041,0.00,0.00,0,0
1503786038,s3-eth1,6178704.00,150956.00,6329660.00,150956,6178704,4082.00,2040.00,6122.00,2040,4082,0.00,0.00,0,0
1503786038,total,18994624.00,18992538.00,37987160.00,18992538,18994624,18393.00,18391.00,36784.00,18391,18393,0.00,0.00,0,0
1503786039,s1,0.00,0.00,0.00,0,0,0.00,0.00,0.00,0,0,0.00,0.00,0,0
1503786039,eth0,0.00,0.00,0.00,0,0,0.00,0.00,0.00,0,0,0.00,0.00,0,0
1503786039,eth1,0.00,0.00,0.00,0,0,0.00,0.00,0.00,0,0,0.00,0.00,0,0
1503786039,s2,0.00,0.00,0.00,0,0,0.00,0.00,0.00,0,0,0.00,0.00,0,0
1503786039,s1-eth2,151700.00,6202858.00,6354558.00,6202858,151700,2050.00,4097.00,6147.00,4097,2050,0.00,0.00,0,0
1503786039,s1-eth1,6202858.00,151626.00,6354484.00,151626,6202858,4097.00,2049.00,6146.00,2049,4097,0.00,0.00,0,0
1503786039,s3,0.00,0.00,0.00,0,0,0.00,0.00,0.00,0,0,0.00,0.00,0,0
1503786039,s2-eth2,151700.00,6202858.00,6354558.00,6202858,151700,2050.00,4097.00,6147.00,4097,2050,0.00,0.00,0,0
1503786039,s2-eth1,6202858.00,151700.00,6354558.00,151700,6202858,4097.00,2050.00,6147.00,2050,4097,0.00,0.00,0,0
1503786039,lo,0.00,0.00,0.00,0,0,0.00,0.00,0.00,0,0,0.00,0.00,0,0
1503786039,s3-eth2,151700.00,6204372.00,6356072.00,6204372,151700,2050.00,4098.00,6148.00,4098,2050,0.00,0.00,0,0
1503786039,s3-eth1,6202858.00,151700.00,6354558.00,151700,6202858,4097.00,2050.00,6147.00,2050,4097,0.00,0.00,0,0
1503786039,total,19063674.00,19065114.00,38128788.00,19065114,19063674,18441.00,18441.00,36882.00,18441,18441,0.00,0.00,0,0
1503786040,s1,0.00,214.00,214.00,214,0,0.00,2.00,2.00,2,0,0.00,0.00,0,0
1503786040,eth0,0.00,0.00,0.00,0,0,0.00,0.00,0.00,0,0,0.00,0.00,0,0
1503786040,eth1,0.00,0.00,0.00,0,0,0.00,0.00,0.00,0,0,0.00,0.00,0,0
1503786040,s2,0.00,214.00,214.00,214,0,0.00,2.00,2.00,2,0,0.00,0.00,0,0
1503786040,s1-eth2,151215.00,6190960.00,6342175.00,6190960,151215,2043.00,4091.00,6134.00,4091,2043,0.00,0.00,0,0
1503786040,s1-eth1,6191409.00,151182.00,6342591.00,151182,6191409,4093.00,2043.00,6136.00,2043,4093,0.00,0.00,0,0
1503786040,s3,0.00,556.00,556.00,556,0,0.00,3.00,3.00,3,0,0.00,0.00,0,0
1503786040,s2-eth2,151664.00,6192367.00,6344031.00,6192367,151664,2045.00,4091.00,6136.00,4091,2045,0.00,0.00,0,0
1503786040,s2-eth1,6190960.00,151215.00,6342175.00,151215,6190960,4091.00,2043.00,6134.00,2043,4091,0.00,0.00,0,0
1503786040,lo,2156.00,2156.00,4312.00,2156,2156,21.00,21.00,42.00,21,21,0.00,0.00,0,0
1503786040,s3-eth2,151664.00,6190746.00,6342410.00,6190746,151664,2045.00,4089.00,6134.00,4089,2045,0.00,0.00,0,0
1503786040,s3-eth1,6192367.00,151664.00,6344031.00,151664,6192367,4091.00,2045.00,6136.00,2045,4091,0.00,0.00,0,0
1503786040,total,19031436.00,19031274.00,38062708.00,19031274,19031435,18429.00,18430.00,36859.00,18430,18429,0.00,0.00,0,0
1503786041,s1,70.00,622.00,692.00,622,70,1.00,5.00,6.00,5,1,0.00,0.00,0,0
1503786041,eth0,0.00,0.00,0.00,0,0,0.00,0.00,0.00,0,0,0.00,0.00,0,0
1503786041,eth1,0.00,120.00,120.00,120,0,0.00,2.00,2.00,2,0,0.00,0.00,0,0
1503786041,s2,0.00,1034.00,1034.00,1034,0,0.00,7.00,7.00,7,0,0.00,0.00,0,0
1503786041,s1-eth2,149292.00,6080776.00,6230068.00,6080776,149292,2014.00,4020.00,6034.00,4020,2014,0.00,0.00,0,0
1503786041,s1-eth1,6080916.00,148810.00,6229726.00,148810,6080916,4022.00,2011.00,6033.00,2011,4022,0.00,0.00,0,0
1503786041,s3,0.00,692.00,692.00,692,0,0.00,6.00,6.00,6,0,0.00,0.00,0,0
1503786041,s2-eth2,149362.00,6080706.00,6230068.00,6080706,149362,2015.00,4019.00,6034.00,4019,2015,0.00,0.00,0,0
1503786041,s2-eth1,6080776.00,149292.00,6230068.00,149292,6080776,4020.00,2014.00,6034.00,2014,4020,0.00,0.00,0,0
1503786041,lo,5324.00,5324.00,10648.00,5324,5324,57.00,57.00,114.00,57,57,0.00,0.00,0,0
1503786041,s3-eth2,149543.00,6078780.00,6228323.00,6078780,149543,2017.00,4016.00,6033.00,4016,2017,0.00,0.00,0,0
1503786041,s3-eth1,6080706.00,149362.00,6230068.00,149362,6080706,4019.00,2015.00,6034.00,2015,4019,0.00,0.00,0,0
1503786041,total,18695988.00,18695518.00,37391508.00,18695518,18695989,18165.00,18172.00,36337.00,18172,18165,0.00,0.00,0,0
1503786042,s1,0.00,482.00,482.00,482,0,0.00,3.00,3.00,3,0,0.00,0.00,0,0
1503786042,eth0,0.00,0.00,0.00,0,0,0.00,0.00,0.00,0,0,0.00,0.00,0,0
1503786042,eth1,0.00,0.00,0.00,0,0,0.00,0.00,0.00,0,0,0.00,0.00,0,0
1503786042,s2,70.00,70.00,140.00,70,70,1.00,1.00,2.00,1,1,0.00,0.00,0,0
1503786042,s1-eth2,149850.00,6138238.00,6288088.00,6138238,149850,2025.00,4057.00,6082.00,4057,2025,0.00,0.00,0,0
1503786042,s1-eth1,6138238.00,149850.00,6288088.00,149850,6138238,4057.00,2025.00,6082.00,2025,4057,0.00,0.00,0,0
1503786042,s3,70.00,70.00,140.00,70,70,1.00,1.00,2.00,1,1,0.00,0.00,0,0
1503786042,s2-eth2,149994.00,6137826.00,6287820.00,6137826,149994,2027.00,4055.00,6082.00,4055,2027,0.00,0.00,0,0
1503786042,s2-eth1,6138238.00,149850.00,6288088.00,149850,6138238,4057.00,2025.00,6082.00,2025,4057,0.00,0.00,0,0
1503786042,lo,1934.00,1934.00,3868.00,1934,1934,21.00,21.00,42.00,21,21,0.00,0.00,0,0
1503786042,s3-eth2,149990.00,6136242.00,6286232.00,6136242,149990,2027.00,4053.00,6080.00,4053,2027,0.00,0.00,0,0
1503786042,s3-eth1,6137826.00,149994.00,6287820.00,149994,6137826,4055.00,2027.00,6082.00,2027,4055,0.00,0.00,0,0
1503786042,total,18866210.00,18864556.00,37730768.00,18864556,18866210,18271.00,18268.00,36539.00,18268,18271,0.00,0.00,0,0
1503786043,s1,0.00,0.00,0.00,0,0,0.00,0.00,0.00,0,0,0.00,0.00,0,0
1503786043,eth0,0.00,0.00,0.00,0,0,0.00,0.00,0.00,0,0,0.00,0.00,0,0
1503786043,eth1,0.00,0.00,0.00,0,0,0.00,0.00,0.00,0,0,0.00,0.00,0,0
1503786043,s2,0.00,0.00,0.00,0,0,0.00,0.00,0.00,0,0,0.00,0.00,0,0
1503786043,s1-eth2,150738.00,6166522.00,6317260.00,6166522,150738,2037.00,4073.00,6110.00,4073,2037,0.00,0.00,0,0
1503786043,s1-eth1,6165008.00,150664.00,6315672.00,150664,6165008,4072.00,2036.00,6108.00,2036,4072,0.00,0.00,0,0
1503786043,s3,0.00,0.00,0.00,0,0,0.00,0.00,0.00,0,0,0.00,0.00,0,0
1503786043,s2-eth2,150664.00,6166522.00,6317186.00,6166522,150664,2036.00,4073.00,6109.00,4073,2036,0.00,0.00,0,0
1503786043,s2-eth1,6166522.00,150738.00,6317260.00,150738,6166522,4073.00,2037.00,6110.00,2037,4073,0.00,0.00,0,0
1503786043,lo,0.00,0.00,0.00,0,0,0.00,0.00,0.00,0,0,0.00,0.00,0,0
1503786043,s3-eth2,150664.00,6165008.00,6315672.00,6165008,150664,2036.00,4072.00,6108.00,4072,2036,0.00,0.00,0,0
1503786043,s3-eth1,6166522.00,150664.00,6317186.00,150664,6166522,4073.00,2036.00,6109.00,2036,4073,0.00,0.00,0,0
1503786043,total,18950118.00,18950118.00,37900236.00,18950118,18950118,18327.00,18327.00,36654.00,18327,18327,0.00,0.00,0,0
1503786044,s1,0.00,0.00,0.00,0,0,0.00,0.00,0.00,0,0,0.00,0.00,0,0
1503786044,eth0,0.00,0.00,0.00,0,0,0.00,0.00,0.00,0,0,0.00,0.00,0,0
1503786044,eth1,0.00,0.00,0.00,0,0,0.00,0.00,0.00,0,0,0.00,0.00,0,0
1503786044,s2,0.00,0.00,0.00,0,0,0.00,0.00,0.00,0,0,0.00,0.00,0,0
1503786044,s1-eth2,151256.00,6189232.00,6340488.00,6189232,151256,2044.00,4088.00,6132.00,4088,2044,0.00,0.00,0,0
1503786044,s1-eth1,6187718.00,151256.00,6338974.00,151256,6187718,4087.00,2044.00,6131.00,2044,4087,0.00,0.00,0,0
1503786044,s3,0.00,0.00,0.00,0,0,0.00,0.00,0.00,0,0,0.00,0.00,0,0
1503786044,s2-eth2,151256.00,6187718.00,6338974.00,6187718,151256,2044.00,4087.00,6131.00,4087,2044,0.00,0.00,0,0
1503786044,s2-eth1,6189232.00,151256.00,6340488.00,151256,6189232,4088.00,2044.00,6132.00,2044,4088,0.00,0.00,0,0
1503786044,lo,0.00,0.00,0.00,0,0,0.00,0.00,0.00,0,0,0.00,0.00,0,0
1503786044,s3-eth2,151256.00,6189232.00,6340488.00,6189232,151256,2044.00,4088.00,6132.00,4088,2044,0.00,0.00,0,0
1503786044,s3-eth1,6187718.00,151256.00,6338974.00,151256,6187718,4087.00,2044.00,6131.00,2044,4087,0.00,0.00,0,0
1503786044,total,19018436.00,19019950.00,38038384.00,19019950,19018436,18394.00,18395.00,36789.00,18395,18394,0.00,0.00,0,0
1503786045,s1,0.00,0.00,0.00,0,0,0.00,0.00,0.00,0,0,0.00,0.00,0,0
1503786045,eth0,0.00,0.00,0.00,0,0,0.00,0.00,0.00,0,0,0.00,0.00,0,0
1503786045,eth1,0.00,0.00,0.00,0,0,0.00,0.00,0.00,0,0,0.00,0.00,0,0
1503786045,s2,0.00,0.00,0.00,0,0,0.00,0.00,0.00,0,0,0.00,0.00,0,0
1503786045,s1-eth2,151478.00,6199830.00,6351308.00,6199830,151478,2047.00,4095.00,6142.00,4095,2047,0.00,0.00,0,0
1503786045,s1-eth1,6201344.00,151552.00,6352896.00,151552,6201344,4096.00,2048.00,6144.00,2048,4096,0.00,0.00,0,0
1503786045,s3,0.00,0.00,0.00,0,0,0.00,0.00,0.00,0,0,0.00,0.00,0,0
1503786045,s2-eth2,151552.00,6199830.00,6351382.00,6199830,151552,2048.00,4095.00,6143.00,4095,2048,0.00,0.00,0,0
1503786045,s2-eth1,6199830.00,151478.00,6351308.00,151478,6199830,4095.00,2047.00,6142.00,2047,4095,0.00,0.00,0,0
1503786045,lo,0.00,0.00,0.00,0,0,0.00,0.00,0.00,0,0,0.00,0.00,0,0
1503786045,s3-eth2,151552.00,6199830.00,6351382.00,6199830,151552,2048.00,4095.00,6143.00,4095,2048,0.00,0.00,0,0
1503786045,s3-eth1,6199830.00,151552.00,6351382.00,151552,6199830,4095.00,2048.00,6143.00,2048,4095,0.00,0.00,0,0
1503786045,total,19055586.00,19054072.00,38109656.00,19054072,19055586,18429.00,18428.00,36857.00,18428,18429,0.00,0.00,0,0
1503786046,s1,0.00,0.00,0.00,0,0,0.00,0.00,0.00,0,0,0.00,0.00,0,0
1503786046,eth0,0.00,0.00,0.00,0,0,0.00,0.00,0.00,0,0,0.00,0.00,0,0
1503786046,eth1,0.00,0.00,0.00,0,0,0.00,0.00,0.00,0,0,0.00,0.00,0,0
1503786046,s2,0.00,0.00,0.00,0,0,0.00,0.00,0.00,0,0,0.00,0.00,0,0
1503786046,s1-eth2,151256.00,6186204.00,6337460.00,6186204,151256,2044.00,4086.00,6130.00,4086,2044,0.00,0.00,0,0
1503786046,s1-eth1,6187718.00,151256.00,6338974.00,151256,6187718,4087.00,2044.00,6131.00,2044,4087,0.00,0.00,0,0
1503786046,s3,0.00,0.00,0.00,0,0,0.00,0.00,0.00,0,0,0.00,0.00,0,0
1503786046,s2-eth2,151330.00,6186204.00,6337534.00,6186204,151330,2045.00,4086.00,6131.00,4086,2045,0.00,0.00,0,0
1503786046,s2-eth1,6186204.00,151256.00,6337460.00,151256,6186204,4086.00,2044.00,6130.00,2044,4086,0.00,0.00,0,0
1503786046,lo,344.00,344.00,688.00,344,344,6.00,6.00,12.00,6,6,0.00,0.00,0,0
1503786046,s3-eth2,151330.00,6186204.00,6337534.00,6186204,151330,2045.00,4086.00,6131.00,4086,2045,0.00,0.00,0,0
1503786046,s3-eth1,6186204.00,151330.00,6337534.00,151330,6186204,4086.00,2045.00,6131.00,2045,4086,0.00,0.00,0,0
1503786046,total,19014386.00,19012798.00,38027184.00,19012798,19014386,18399.00,18397.00,36796.00,18397,18399,0.00,0.00,0,0
1503786047,s1,0.00,0.00,0.00,0,0,0.00,0.00,0.00,0,0,0.00,0.00,0,0
1503786047,eth0,0.00,0.00,0.00,0,0,0.00,0.00,0.00,0,0,0.00,0.00,0,0
1503786047,eth1,0.00,0.00,0.00,0,0,0.00,0.00,0.00,0,0,0.00,0.00,0,0
1503786047,s2,0.00,0.00,0.00,0,0,0.00,0.00,0.00,0,0,0.00,0.00,0,0
1503786047,s1-eth2,150516.00,6158952.00,6309468.00,6158952,150516,2034.00,4068.00,6102.00,4068,2034,0.00,0.00,0,0
1503786047,s1-eth1,6158952.00,150516.00,6309468.00,150516,6158952,4068.00,2034.00,6102.00,2034,4068,0.00,0.00,0,0
1503786047,s3,0.00,0.00,0.00,0,0,0.00,0.00,0.00,0,0,0.00,0.00,0,0
1503786047,s2-eth2,150442.00,6160466.00,6310908.00,6160466,150442,2033.00,4069.00,6102.00,4069,2033,0.00,0.00,0,0
1503786047,s2-eth1,6158952.00,150516.00,6309468.00,150516,6158952,4068.00,2034.00,6102.00,2034,4068,0.00,0.00,0,0
1503786047,lo,172.00,172.00,344.00,172,172,3.00,3.00,6.00,3,3,0.00,0.00,0,0
1503786047,s3-eth2,150442.00,6160466.00,6310908.00,6160466,150442,2033.00,4069.00,6102.00,4069,2033,0.00,0.00,0,0
1503786047,s3-eth1,6160466.00,150442.00,6310908.00,150442,6160466,4069.00,2033.00,6102.00,2033,4069,0.00,0.00,0,0
1503786047,total,18929942.00,18931530.00,37861472.00,18931530,18929942,18308.00,18310.00,36618.00,18310,18308,0.00,0.00,0,0
1503786048,s1,0.00,214.00,214.00,214,0,0.00,2.00,2.00,2,0,0.00,0.00,0,0
1503786048,eth0,0.00,0.00,0.00,0,0,0.00,0.00,0.00,0,0,0.00,0.00,0,0
1503786048,eth1,0.00,60.00,60.00,60,0,0.00,1.00,1.00,1,0,0.00,0.00,0,0
1503786048,s2,0.00,214.00,214.00,214,0,0.00,2.00,2.00,2,0,0.00,0.00,0,0
1503786048,s1-eth2,151511.00,6195502.00,6347013.00,6195502,151511,2047.00,4094.00,6141.00,4094,2047,0.00,0.00,0,0
1503786048,s1-eth1,6195609.00,151330.00,6346939.00,151330,6195609,4095.00,2045.00,6140.00,2045,4095,0.00,0.00,0,0
1503786048,s3,0.00,556.00,556.00,556,0,0.00,3.00,3.00,3,0,0.00,0.00,0,0
1503786048,s2-eth2,151886.00,6195395.00,6347281.00,6195395,151886,2048.00,4093.00,6141.00,4093,2048,0.00,0.00,0,0
1503786048,s2-eth1,6195502.00,151511.00,6347013.00,151511,6195502,4094.00,2047.00,6141.00,2047,4094,0.00,0.00,0,0
1503786048,lo,2156.00,2156.00,4312.00,2156,2156,21.00,21.00,42.00,21,21,0.00,0.00,0,0
1503786048,s3-eth2,151886.00,6195288.00,6347174.00,6195288,151886,2048.00,4092.00,6140.00,4092,2048,0.00,0.00,0,0
1503786048,s3-eth1,6195395.00,151886.00,6347281.00,151886,6195395,4093.00,2048.00,6141.00,2048,4093,0.00,0.00,0,0
1503786048,total,19043944.00,19044112.00,38088056.00,19044112,19043945,18446.00,18448.00,36894.00,18448,18446,0.00,0.00,0,0
1503786049,s1,0.00,0.00,0.00,0,0,0.00,0.00,0.00,0,0,0.00,0.00,0,0
1503786049,eth0,0.00,0.00,0.00,0,0,0.00,0.00,0.00,0,0,0.00,0.00,0,0
1503786049,eth1,0.00,0.00,0.00,0,0,0.00,0.00,0.00,0,0,0.00,0.00,0,0
1503786049,s2,0.00,0.00,0.00,0,0,0.00,0.00,0.00,0,0,0.00,0.00,0,0
1503786049,s1-eth2,151034.00,6180148.00,6331182.00,6180148,151034,2041.00,4082.00,6123.00,4082,2041,0.00,0.00,0,0
1503786049,s1-eth1,6180148.00,151034.00,6331182.00,151034,6180148,4082.00,2041.00,6123.00,2041,4082,0.00,0.00,0,0
1503786049,s3,0.00,0.00,0.00,0,0,0.00,0.00,0.00,0,0,0.00,0.00,0,0
1503786049,s2-eth2,151108.00,6180148.00,6331256.00,6180148,151108,2042.00,4082.00,6124.00,4082,2042,0.00,0.00,0,0
1503786049,s2-eth1,6180148.00,151034.00,6331182.00,151034,6180148,4082.00,2041.00,6123.00,2041,4082,0.00,0.00,0,0
1503786049,lo,0.00,0.00,0.00,0,0,0.00,0.00,0.00,0,0,0.00,0.00,0,0
1503786049,s3-eth2,151215.00,6180148.00,6331363.00,6180148,151215,2043.00,4082.00,6125.00,4082,2043,0.00,0.00,0,0
1503786049,s3-eth1,6180148.00,151108.00,6331256.00,151108,6180148,4082.00,2042.00,6124.00,2042,4082,0.00,0.00,0,0
1503786049,total,18993800.00,18993620.00,37987420.00,18993620,18993801,18372.00,18370.00,36742.00,18370,18372,0.00,0.00,0,0
1503786050,s1,0.00,0.00,0.00,0,0,0.00,0.00,0.00,0,0,0.00,0.00,0,0
1503786050,eth0,0.00,0.00,0.00,0,0,0.00,0.00,0.00,0,0,0.00,0.00,0,0
1503786050,eth1,0.00,0.00,0.00,0,0,0.00,0.00,0.00,0,0,0.00,0.00,0,0
1503786050,s2,0.00,0.00,0.00,0,0,0.00,0.00,0.00,0,0,0.00,0.00,0,0
1503786050,s1-eth2,151330.00,6195288.00,6346618.00,6195288,151330,2045.00,4092.00,6137.00,4092,2045,0.00,0.00,0,0
1503786050,s1-eth1,6195288.00,151404.00,6346692.00,151404,6195288,4092.00,2046.00,6138.00,2046,4092,0.00,0.00,0,0
1503786050,s3,0.00,0.00,0.00,0,0,0.00,0.00,0.00,0,0,0.00,0.00,0,0
1503786050,s2-eth2,151256.00,6193774.00,6345030.00,6193774,151256,2044.00,4091.00,6135.00,4091,2044,0.00,0.00,0,0
1503786050,s2-eth1,6195288.00,151330.00,6346618.00,151330,6195288,4092.00,2045.00,6137.00,2045,4092,0.00,0.00,0,0
1503786050,lo,0.00,0.00,0.00,0,0,0.00,0.00,0.00,0,0,0.00,0.00,0,0
1503786050,s3-eth2,151330.00,6195288.00,6346618.00,6195288,151330,2045.00,4092.00,6137.00,4092,2045,0.00,0.00,0,0
1503786050,s3-eth1,6193774.00,151256.00,6345030.00,151256,6193774,4091.00,2044.00,6135.00,2044,4091,0.00,0.00,0,0
1503786050,total,19038266.00,19038340.00,38076608.00,19038340,19038266,18409.00,18410.00,36819.00,18410,18409,0.00,0.00,0,0
1503786051,s1,0.00,0.00,0.00,0,0,0.00,0.00,0.00,0,0,0.00,0.00,0,0
1503786051,eth0,0.00,0.00,0.00,0,0,0.00,0.00,0.00,0,0,0.00,0.00,0,0
1503786051,eth1,0.00,0.00,0.00,0,0,0.00,0.00,0.00,0,0,0.00,0.00,0,0
1503786051,s2,0.00,0.00,0.00,0,0,0.00,0.00,0.00,0,0,0.00,0.00,0,0
1503786051,s1-eth2,151404.00,6192260.00,6343664.00,6192260,151404,2046.00,4090.00,6136.00,4090,2046,0.00,0.00,0,0
1503786051,s1-eth1,6192260.00,151330.00,6343590.00,151330,6192260,4090.00,2045.00,6135.00,2045,4090,0.00,0.00,0,0
1503786051,s3,0.00,0.00,0.00,0,0,0.00,0.00,0.00,0,0,0.00,0.00,0,0
1503786051,s2-eth2,151404.00,6193774.00,6345178.00,6193774,151404,2046.00,4091.00,6137.00,4091,2046,0.00,0.00,0,0
1503786051,s2-eth1,6192260.00,151404.00,6343664.00,151404,6192260,4090.00,2046.00,6136.00,2046,4090,0.00,0.00,0,0
1503786051,lo,0.00,0.00,0.00,0,0,0.00,0.00,0.00,0,0,0.00,0.00,0,0
1503786051,s3-eth2,151404.00,6195288.00,6346692.00,6195288,151404,2046.00,4092.00,6138.00,4092,2046,0.00,0.00,0,0
1503786051,s3-eth1,6193774.00,151404.00,6345178.00,151404,6193774,4091.00,2046.00,6137.00,2046,4091,0.00,0.00,0,0
1503786051,total,19032506.00,19035460.00,38067968.00,19035460,19032506,18409.00,18410.00,36819.00,18410,18409,0.00,0.00,0,0
1503786052,s1,0.00,0.00,0.00,0,0,0.00,0.00,0.00,0,0,0.00,0.00,0,0
1503786052,eth0,0.00,0.00,0.00,0,0,0.00,0.00,0.00,0,0,0.00,0.00,0,0
1503786052,eth1,0.00,0.00,0.00,0,0,0.00,0.00,0.00,0,0,0.00,0.00,0,0
1503786052,s2,0.00,0.00,0.00,0,0,0.00,0.00,0.00,0,0,0.00,0.00,0,0
1503786052,s1-eth2,151626.00,6204372.00,6355998.00,6204372,151626,2049.00,4098.00,6147.00,4098,2049,0.00,0.00,0,0
1503786052,s1-eth1,6204372.00,151700.00,6356072.00,151700,6204372,4098.00,2050.00,6148.00,2050,4098,0.00,0.00,0,0
1503786052,s3,0.00,0.00,0.00,0,0,0.00,0.00,0.00,0,0,0.00,0.00,0,0
1503786052,s2-eth2,151774.00,6204372.00,6356146.00,6204372,151774,2051.00,4098.00,6149.00,4098,2051,0.00,0.00,0,0
1503786052,s2-eth1,6204372.00,151626.00,6355998.00,151626,6204372,4098.00,2049.00,6147.00,2049,4098,0.00,0.00,0,0
1503786052,lo,0.00,0.00,0.00,0,0,0.00,0.00,0.00,0,0,0.00,0.00,0,0
1503786052,s3-eth2,151774.00,6205886.00,6357660.00,6205886,151774,2051.00,4099.00,6150.00,4099,2051,0.00,0.00,0,0
1503786052,s3-eth1,6204372.00,151774.00,6356146.00,151774,6204372,4098.00,2051.00,6149.00,2051,4098,0.00,0.00,0,0
1503786052,total,19068290.00,19069730.00,38138020.00,19069730,19068290,18445.00,18445.00,36890.00,18445,18445,0.00,0.00,0,0
1503786053,s1,0.00,0.00,0.00,0,0,0.00,0.00,0.00,0,0,0.00,0.00,0,0
1503786053,eth0,0.00,0.00,0.00,0,0,0.00,0.00,0.00,0,0,0.00,0.00,0,0
1503786053,eth1,0.00,0.00,0.00,0,0,0.00,0.00,0.00,0,0,0.00,0.00,0,0
1503786053,s2,0.00,342.00,342.00,342,0,0.00,1.00,1.00,1,0,0.00,0.00,0,0
1503786053,s1-eth2,151598.00,6186204.00,6337802.00,6186204,151598,2045.00,4086.00,6131.00,4086,2045,0.00,0.00,0,0
1503786053,s1-eth1,6186204.00,151182.00,6337386.00,151182,6186204,4086.00,2043.00,6129.00,2043,4086,0.00,0.00,0,0
1503786053,s3,0.00,342.00,342.00,342,0,0.00,1.00,1.00,1,0,0.00,0.00,0,0
1503786053,s2-eth2,151524.00,6189232.00,6340756.00,6189232,151524,2044.00,4088.00,6132.00,4088,2044,0.00,0.00,0,0
1503786053,s2-eth1,6186204.00,151598.00,6337802.00,151598,6186204,4086.00,2045.00,6131.00,2045,4086,0.00,0.00,0,0
1503786053,lo,824.00,824.00,1648.00,824,824,9.00,9.00,18.00,9,9,0.00,0.00,0,0
1503786053,s3-eth2,151450.00,6190746.00,6342196.00,6190746,151450,2043.00,4089.00,6132.00,4089,2043,0.00,0.00,0,0
1503786053,s3-eth1,6189232.00,151524.00,6340756.00,151524,6189232,4088.00,2044.00,6132.00,2044,4088,0.00,0.00,0,0
1503786053,total,19017036.00,19021994.00,38039032.00,19021994,19017036,18401.00,18406.00,36807.00,18406,18401,0.00,0.00,0,0
1503786054,s1,0.00,0.00,0.00,0,0,0.00,0.00,0.00,0,0,0.00,0.00,0,0
1503786054,eth0,0.00,0.00,0.00,0,0,0.00,0.00,0.00,0,0,0.00,0.00,0,0
1503786054,eth1,0.00,0.00,0.00,0,0,0.00,0.00,0.00,0,0,0.00,0.00,0,0
1503786054,s2,0.00,0.00,0.00,0,0,0.00,0.00,0.00,0,0,0.00,0.00,0,0
1503786054,s1-eth2,150738.00,6175606.00,6326344.00,6175606,150738,2037.00,4079.00,6116.00,4079,2037,0.00,0.00,0,0
1503786054,s1-eth1,6174092.00,150812.00,6324904.00,150812,6174092,4078.00,2038.00,6116.00,2038,4078,0.00,0.00,0,0
1503786054,s3,0.00,0.00,0.00,0,0,0.00,0.00,0.00,0,0,0.00,0.00,0,0
1503786054,s2-eth2,150738.00,6174092.00,6324830.00,6174092,150738,2037.00,4078.00,6115.00,4078,2037,0.00,0.00,0,0
1503786054,s2-eth1,6175606.00,150738.00,6326344.00,150738,6175606,4079.00,2037.00,6116.00,2037,4079,0.00,0.00,0,0
1503786054,lo,0.00,0.00,0.00,0,0,0.00,0.00,0.00,0,0,0.00,0.00,0,0
1503786054,s3-eth2,150738.00,6174092.00,6324830.00,6174092,150738,2037.00,4078.00,6115.00,4078,2037,0.00,0.00,0,0
1503786054,s3-eth1,6174092.00,150738.00,6324830.00,150738,6174092,4078.00,2037.00,6115.00,2037,4078,0.00,0.00,0,0
1503786054,total,18976004.00,18976078.00,37952080.00,18976078,18976004,18346.00,18347.00,36693.00,18347,18346,0.00,0.00,0,0
1503786055,s1,0.00,0.00,0.00,0,0,0.00,0.00,0.00,0,0,0.00,0.00,0,0
1503786055,eth0,0.00,0.00,0.00,0,0,0.00,0.00,0.00,0,0,0.00,0.00,0,0
1503786055,eth1,0.00,60.00,60.00,60,0,0.00,1.00,1.00,1,0,0.00,0.00,0,0
1503786055,s2,0.00,0.00,0.00,0,0,0.00,0.00,0.00,0,0,0.00,0.00,0,0
1503786055,s1-eth2,151996.00,6216484.00,6368480.00,6216484,151996,2054.00,4106.00,6160.00,4106,2054,0.00,0.00,0,0
1503786055,s1-eth1,6216484.00,151922.00,6368406.00,151922,6216484,4106.00,2053.00,6159.00,2053,4106,0.00,0.00,0,0
1503786055,s3,0.00,0.00,0.00,0,0,0.00,0.00,0.00,0,0,0.00,0.00,0,0
1503786055,s2-eth2,151922.00,6216484.00,6368406.00,6216484,151922,2053.00,4106.00,6159.00,4106,2053,0.00,0.00,0,0
1503786055,s2-eth1,6216484.00,151996.00,6368480.00,151996,6216484,4106.00,2054.00,6160.00,2054,4106,0.00,0.00,0,0
1503786055,lo,0.00,0.00,0.00,0,0,0.00,0.00,0.00,0,0,0.00,0.00,0,0
1503786055,s3-eth2,151922.00,6216484.00,6368406.00,6216484,151922,2053.00,4106.00,6159.00,4106,2053,0.00,0.00,0,0
1503786055,s3-eth1,6216484.00,151922.00,6368406.00,151922,6216484,4106.00,2053.00,6159.00,2053,4106,0.00,0.00,0,0
1503786055,total,19105292.00,19105352.00,38210644.00,19105352,19105292,18478.00,18479.00,36957.00,18479,18478,0.00,0.00,0,0
1503786056,s1,0.00,0.00,0.00,0,0,0.00,0.00,0.00,0,0,0.00,0.00,0,0
1503786056,eth0,0.00,0.00,0.00,0,0,0.00,0.00,0.00,0,0,0.00,0.00,0,0
1503786056,eth1,0.00,0.00,0.00,0,0,0.00,0.00,0.00,0,0,0.00,0.00,0,0
1503786056,s2,0.00,0.00,0.00,0,0,0.00,0.00,0.00,0,0,0.00,0.00,0,0
1503786056,s1-eth2,151626.00,6207400.00,6359026.00,6207400,151626,2049.00,4100.00,6149.00,4100,2049,0.00,0.00,0,0
1503786056,s1-eth1,6206228.00,151700.00,6357928.00,151700,6206228,4100.00,2050.00,6150.00,2050,4100,0.00,0.00,0,0
1503786056,s3,0.00,0.00,0.00,0,0,0.00,0.00,0.00,0,0,0.00,0.00,0,0
1503786056,s2-eth2,151774.00,6207400.00,6359174.00,6207400,151774,2051.00,4100.00,6151.00,4100,2051,0.00,0.00,0,0
1503786056,s2-eth1,6207400.00,151626.00,6359026.00,151626,6207400,4100.00,2049.00,6149.00,2049,4100,0.00,0.00,0,0
1503786056,lo,0.00,0.00,0.00,0,0,0.00,0.00,0.00,0,0,0.00,0.00,0,0
1503786056,s3-eth2,151922.00,6207400.00,6359322.00,6207400,151922,2053.00,4100.00,6153.00,4100,2053,0.00,0.00,0,0
1503786056,s3-eth1,6207400.00,151774.00,6359174.00,151774,6207400,4100.00,2051.00,6151.00,2051,4100,0.00,0.00,0,0
1503786056,total,19076350.00,19077300.00,38153648.00,19077300,19076350,18453.00,18450.00,36903.00,18450,18453,0.00,0.00,0,0
1503786057,s1,0.00,0.00,0.00,0,0,0.00,0.00,0.00,0,0,0.00,0.00,0,0
1503786057,eth0,0.00,0.00,0.00,0,0,0.00,0.00,0.00,0,0,0.00,0.00,0,0
1503786057,eth1,0.00,0.00,0.00,0,0,0.00,0.00,0.00,0,0,0.00,0.00,0,0
1503786057,s2,0.00,0.00,0.00,0,0,0.00,0.00,0.00,0,0,0.00,0.00,0,0
1503786057,s1-eth2,150886.00,6171064.00,6321950.00,6171064,150886,2039.00,4076.00,6115.00,4076,2039,0.00,0.00,0,0
1503786057,s1-eth1,6172578.00,150812.00,6323390.00,150812,6172578,4077.00,2038.00,6115.00,2038,4077,0.00,0.00,0,0
1503786057,s3,0.00,342.00,342.00,342,0,0.00,1.00,1.00,1,0,0.00,0.00,0,0
1503786057,s2-eth2,151080.00,6172578.00,6323658.00,6172578,151080,2038.00,4077.00,6115.00,4077,2038,0.00,0.00,0,0
1503786057,s2-eth1,6171064.00,150886.00,6321950.00,150886,6171064,4076.00,2039.00,6115.00,2039,4076,0.00,0.00,0,0
1503786057,lo,670.00,670.00,1340.00,670,670,9.00,9.00,18.00,9,9,0.00,0.00,0,0
1503786057,s3-eth2,150932.00,6171064.00,6321996.00,6171064,150932,2036.00,4076.00,6112.00,4076,2036,0.00,0.00,0,0
1503786057,s3-eth1,6172578.00,151080.00,6323658.00,151080,6172578,4077.00,2038.00,6115.00,2038,4077,0.00,0.00,0,0
1503786057,total,18969788.00,18968496.00,37938284.00,18968496,18969788,18352.00,18354.00,36706.00,18354,18352,0.00,0.00,0,0
1503786058,s1,0.00,684.00,684.00,684,0,0.00,2.00,2.00,2,0,0.00,0.00,0,0
1503786058,eth0,0.00,0.00,0.00,0,0,0.00,0.00,0.00,0,0,0.00,0.00,0,0
1503786058,eth1,0.00,0.00,0.00,0,0,0.00,0.00,0.00,0,0,0.00,0.00,0,0
1503786058,s2,0.00,342.00,342.00,342,0,0.00,1.00,1.00,1,0,0.00,0.00,0,0
1503786058,s1-eth2,146372.00,5991582.00,6137954.00,5991582,146372,1978.00,3959.00,5937.00,3959,1978,0.00,0.00,0,0
1503786058,s1-eth1,5988554.00,146372.00,6134926.00,146372,5988554,3957.00,1978.00,5935.00,1978,3957,0.00,0.00,0,0
1503786058,s3,0.00,0.00,0.00,0,0,0.00,0.00,0.00,0,0,0.00,0.00,0,0
1503786058,s2-eth2,146372.00,5986698.00,6133070.00,5986698,146372,1978.00,3955.00,5933.00,3955,1978,0.00,0.00,0,0
1503786058,s2-eth1,5991582.00,146372.00,6137954.00,146372,5991582,3959.00,1978.00,5937.00,1978,3959,0.00,0.00,0,0
1503786058,lo,978.00,978.00,1956.00,978,978,9.00,9.00,18.00,9,9,0.00,0.00,0,0
1503786058,s3-eth2,146372.00,5980300.00,6126672.00,5980300,146372,1978.00,3950.00,5928.00,3950,1978,0.00,0.00,0,0
1503786058,s3-eth1,5986698.00,146372.00,6133070.00,146372,5986698,3955.00,1978.00,5933.00,1978,3955,0.00,0.00,0,0
1503786058,total,18406928.00,18399700.00,36806628.00,18399700,18406928,17814.00,17810.00,35624.00,17810,17814,0.00,0.00,0,0
1503786059,s1,0.00,0.00,0.00,0,0,0.00,0.00,0.00,0,0,0.00,0.00,0,0
1503786059,eth0,0.00,0.00,0.00,0,0,0.00,0.00,0.00,0,0,0.00,0.00,0,0
1503786059,eth1,0.00,0.00,0.00,0,0,0.00,0.00,0.00,0,0,0.00,0.00,0,0
1503786059,s2,0.00,0.00,0.00,0,0,0.00,0.00,0.00,0,0,0.00,0.00,0,0
1503786059,s1-eth2,151478.00,6199830.00,6351308.00,6199830,151478,2047.00,4095.00,6142.00,4095,2047,0.00,0.00,0,0
1503786059,s1-eth1,6198316.00,151478.00,6349794.00,151478,6198316,4094.00,2047.00,6141.00,2047,4094,0.00,0.00,0,0
1503786059,s3,0.00,0.00,0.00,0,0,0.00,0.00,0.00,0,0,0.00,0.00,0,0
1503786059,s2-eth2,151478.00,6198316.00,6349794.00,6198316,151478,2047.00,4094.00,6141.00,4094,2047,0.00,0.00,0,0
1503786059,s2-eth1,6199830.00,151478.00,6351308.00,151478,6199830,4095.00,2047.00,6142.00,2047,4095,0.00,0.00,0,0
1503786059,lo,0.00,0.00,0.00,0,0,0.00,0.00,0.00,0,0,0.00,0.00,0,0
1503786059,s3-eth2,151478.00,6198316.00,6349794.00,6198316,151478,2047.00,4094.00,6141.00,4094,2047,0.00,0.00,0,0
1503786059,s3-eth1,6198316.00,151478.00,6349794.00,151478,6198316,4094.00,2047.00,6141.00,2047,4094,0.00,0.00,0,0
1503786059,total,19050896.00,19050896.00,38101792.00,19050896,19050896,18424.00,18424.00,36848.00,18424,18424,0.00,0.00,0,0
1503786060,s1,0.00,0.00,0.00,0,0,0.00,0.00,0.00,0,0,0.00,0.00,0,0
1503786060,eth0,0.00,0.00,0.00,0,0,0.00,0.00,0.00,0,0,0.00,0.00,0,0
1503786060,eth1,0.00,0.00,0.00,0,0,0.00,0.00,0.00,0,0,0.00,0.00,0,0
1503786060,s2,0.00,0.00,0.00,0,0,0.00,0.00,0.00,0,0,0.00,0.00,0,0
1503786060,s1-eth2,150072.00,6139270.00,6289342.00,6139270,150072,2028.00,4055.00,6083.00,4055,2028,0.00,0.00,0,0
1503786060,s1-eth1,6142298.00,150072.00,6292370.00,150072,6142298,4057.00,2028.00,6085.00,2028,4057,0.00,0.00,0,0
1503786060,s3,0.00,0.00,0.00,0,0,0.00,0.00,0.00,0,0,0.00,0.00,0,0
1503786060,s2-eth2,150220.00,6143812.00,6294032.00,6143812,150220,2030.00,4058.00,6088.00,4058,2030,0.00,0.00,0,0
1503786060,s2-eth1,6139270.00,150072.00,6289342.00,150072,6139270,4055.00,2028.00,6083.00,2028,4055,0.00,0.00,0,0
1503786060,lo,0.00,0.00,0.00,0,0,0.00,0.00,0.00,0,0,0.00,0.00,0,0
1503786060,s3-eth2,150220.00,6145326.00,6295546.00,6145326,150220,2030.00,4059.00,6089.00,4059,2030,0.00,0.00,0,0
1503786060,s3-eth1,6143812.00,150220.00,6294032.00,150220,6143812,4058.00,2030.00,6088.00,2030,4058,0.00,0.00,0,0
1503786060,total,18875892.00,18878772.00,37754664.00,18878772,18875892,18258.00,18258.00,36516.00,18258,18258,0.00,0.00,0,0
1503786061,s1,0.00,0.00,0.00,0,0,0.00,0.00,0.00,0,0,0.00,0.00,0,0
1503786061,eth0,0.00,0.00,0.00,0,0,0.00,0.00,0.00,0,0,0.00,0.00,0,0
1503786061,eth1,0.00,172.00,172.00,172,0,0.00,2.00,2.00,2,0,0.00,0.00,0,0
1503786061,s2,0.00,0.00,0.00,0,0,0.00,0.00,0.00,0,0,0.00,0.00,0,0
1503786061,s1-eth2,150812.00,6172578.00,6323390.00,6172578,150812,2038.00,4077.00,6115.00,4077,2038,0.00,0.00,0,0
1503786061,s1-eth1,6172578.00,150886.00,6323464.00,150886,6172578,4077.00,2039.00,6116.00,2039,4077,0.00,0.00,0,0
1503786061,s3,0.00,0.00,0.00,0,0,0.00,0.00,0.00,0,0,0.00,0.00,0,0
1503786061,s2-eth2,150664.00,6172578.00,6323242.00,6172578,150664,2036.00,4077.00,6113.00,4077,2036,0.00,0.00,0,0
1503786061,s2-eth1,6172578.00,150812.00,6323390.00,150812,6172578,4077.00,2038.00,6115.00,2038,4077,0.00,0.00,0,0
1503786061,lo,0.00,0.00,0.00,0,0,0.00,0.00,0.00,0,0,0.00,0.00,0,0
1503786061,s3-eth2,150738.00,6172578.00,6323316.00,6172578,150738,2037.00,4077.00,6114.00,4077,2037,0.00,0.00,0,0
1503786061,s3-eth1,6172578.00,150664.00,6323242.00,150664,6172578,4077.00,2036.00,6113.00,2036,4077,0.00,0.00,0,0
1503786061,total,18969948.00,18970268.00,37940216.00,18970268,18969948,18342.00,18346.00,36688.00,18346,18342,0.00,0.00,0,0
1503786062,s1,0.00,0.00,0.00,0,0,0.00,0.00,0.00,0,0,0.00,0.00,0,0
1503786062,eth0,0.00,0.00,0.00,0,0,0.00,0.00,0.00,0,0,0.00,0.00,0,0
1503786062,eth1,0.00,180.00,180.00,180,0,0.00,3.00,3.00,3,0,0.00,0.00,0,0
1503786062,s2,0.00,0.00,0.00,0,0,0.00,0.00,0.00,0,0,0.00,0.00,0,0
1503786062,s1-eth2,150960.00,6174092.00,6325052.00,6174092,150960,2040.00,4078.00,6118.00,4078,2040,0.00,0.00,0,0
1503786062,s1-eth1,6175606.00,150960.00,6326566.00,150960,6175606,4079.00,2040.00,6119.00,2040,4079,0.00,0.00,0,0
1503786062,s3,0.00,0.00,0.00,0,0,0.00,0.00,0.00,0,0,0.00,0.00,0,0
1503786062,s2-eth2,150960.00,6175606.00,6326566.00,6175606,150960,2040.00,4079.00,6119.00,4079,2040,0.00,0.00,0,0
1503786062,s2-eth1,6174092.00,150960.00,6325052.00,150960,6174092,4078.00,2040.00,6118.00,2040,4078,0.00,0.00,0,0
1503786062,lo,516.00,516.00,1032.00,516,516,9.00,9.00,18.00,9,9,0.00,0.00,0,0
1503786062,s3-eth2,150886.00,6174092.00,6324978.00,6174092,150886,2039.00,4078.00,6117.00,4078,2039,0.00,0.00,0,0
1503786062,s3-eth1,6175606.00,150960.00,6326566.00,150960,6175606,4079.00,2040.00,6119.00,2040,4079,0.00,0.00,0,0
1503786062,total,18978626.00,18977366.00,37955992.00,18977366,18978626,18364.00,18367.00,36731.00,18367,18364,0.00,0.00,0,0
1503786063,s1,0.00,0.00,0.00,0,0,0.00,0.00,0.00,0,0,0.00,0.00,0,0
1503786063,eth0,0.00,0.00,0.00,0,0,0.00,0.00,0.00,0,0,0.00,0.00,0,0
1503786063,eth1,0.00,0.00,0.00,0,0,0.00,0.00,0.00,0,0,0.00,0.00,0,0
1503786063,s2,0.00,0.00,0.00,0,0,0.00,0.00,0.00,0,0,0.00,0.00,0,0
1503786063,s1-eth2,151626.00,6205886.00,6357512.00,6205886,151626,2049.00,4099.00,6148.00,4099,2049,0.00,0.00,0,0
1503786063,s1-eth1,6204372.00,151626.00,6355998.00,151626,6204372,4098.00,2049.00,6147.00,2049,4098,0.00,0.00,0,0
1503786063,s3,0.00,0.00,0.00,0,0,0.00,0.00,0.00,0,0,0.00,0.00,0,0
1503786063,s2-eth2,151626.00,6202858.00,6354484.00,6202858,151626,2049.00,4097.00,6146.00,4097,2049,0.00,0.00,0,0
1503786063,s2-eth1,6205886.00,151626.00,6357512.00,151626,6205886,4099.00,2049.00,6148.00,2049,4099,0.00,0.00,0,0
1503786063,lo,0.00,0.00,0.00,0,0,0.00,0.00,0.00,0,0,0.00,0.00,0,0
1503786063,s3-eth2,151700.00,6204372.00,6356072.00,6204372,151700,2050.00,4098.00,6148.00,4098,2050,0.00,0.00,0,0
1503786063,s3-eth1,6202858.00,151626.00,6354484.00,151626,6202858,4097.00,2049.00,6146.00,2049,4097,0.00,0.00,0,0
1503786063,total,19068068.00,19067994.00,38136064.00,19067994,19068068,18442.00,18441.00,36883.00,18441,18442,0.00,0.00,0,0
1503786064,s1,0.00,214.00,214.00,214,0,0.00,2.00,2.00,2,0,0.00,0.00,0,0
1503786064,eth0,0.00,0.00,0.00,0,0,0.00,0.00,0.00,0,0,0.00,0.00,0,0
1503786064,eth1,0.00,0.00,0.00,0,0,0.00,0.00,0.00,0,0,0.00,0.00,0,0
1503786064,s2,0.00,214.00,214.00,214,0,0.00,2.00,2.00,2,0,0.00,0.00,0,0
1503786064,s1-eth2,150771.00,6153110.00,6303881.00,6153110,150771,2037.00,4066.00,6103.00,4066,2037,0.00,0.00,0,0
1503786064,s1-eth1,6154731.00,150590.00,6305321.00,150590,6154731,4068.00,2035.00,6103.00,2035,4068,0.00,0.00,0,0
1503786064,s3,0.00,214.00,214.00,214,0,0.00,2.00,2.00,2,0,0.00,0.00,0,0
1503786064,s2-eth2,150952.00,6153003.00,6303955.00,6153003,150952,2039.00,4065.00,6104.00,4065,2039,0.00,0.00,0,0
1503786064,s2-eth1,6153110.00,150771.00,6303881.00,150771,6153110,4066.00,2037.00,6103.00,2037,4066,0.00,0.00,0,0
1503786064,lo,1830.00,1830.00,3660.00,1830,1830,18.00,18.00,36.00,18,18,0.00,0.00,0,0
1503786064,s3-eth2,151026.00,6149868.00,6300894.00,6149868,151026,2040.00,4062.00,6102.00,4062,2040,0.00,0.00,0,0
1503786064,s3-eth1,6153003.00,150952.00,6303955.00,150952,6153003,4065.00,2039.00,6104.00,2039,4065,0.00,0.00,0,0
1503786064,total,18915424.00,18910766.00,37826188.00,18910766,18915423,18333.00,18328.00,36661.00,18328,18333,0.00,0.00,0,0
1503786065,s1,0.00,0.00,0.00,0,0,0.00,0.00,0.00,0,0,0.00,0.00,0,0
1503786065,eth0,0.00,0.00,0.00,0,0,0.00,0.00,0.00,0,0,0.00,0.00,0,0
1503786065,eth1,0.00,0.00,0.00,0,0,0.00,0.00,0.00,0,0,0.00,0.00,0,0
1503786065,s2,0.00,0.00,0.00,0,0,0.00,0.00,0.00,0,0,0.00,0.00,0,0
1503786065,s1-eth2,146816.00,6012094.00,6158910.00,6012094,146816,1984.00,3971.00,5955.00,3971,1984,0.00,0.00,0,0
1503786065,s1-eth1,6013608.00,146816.00,6160424.00,146816,6013608,3972.00,1984.00,5956.00,1984,3972,0.00,0.00,0,0
1503786065,s3,0.00,0.00,0.00,0,0,0.00,0.00,0.00,0,0,0.00,0.00,0,0
1503786065,s2-eth2,146890.00,6016636.00,6163526.00,6016636,146890,1985.00,3974.00,5959.00,3974,1985,0.00,0.00,0,0
1503786065,s2-eth1,6012094.00,146816.00,6158910.00,146816,6012094,3971.00,1984.00,5955.00,1984,3971,0.00,0.00,0,0
1503786065,lo,0.00,0.00,0.00,0,0,0.00,0.00,0.00,0,0,0.00,0.00,0,0
1503786065,s3-eth2,146923.00,6018150.00,6165073.00,6018150,146923,1985.00,3975.00,5960.00,3975,1985,0.00,0.00,0,0
1503786065,s3-eth1,6016636.00,146890.00,6163526.00,146890,6016636,3974.00,1985.00,5959.00,1985,3974,0.00,0.00,0,0
1503786065,total,18482968.00,18487402.00,36970368.00,18487402,18482967,17871.00,17873.00,35744.00,17873,17871,0.00,0.00,0,0
1503786066,s1,0.00,0.00,0.00,0,0,0.00,0.00,0.00,0,0,0.00,0.00,0,0
1503786066,eth0,0.00,0.00,0.00,0,0,0.00,0.00,0.00,0,0,0.00,0.00,0,0
1503786066,eth1,0.00,0.00,0.00,0,0,0.00,0.00,0.00,0,0,0.00,0.00,0,0
1503786066,s2,0.00,0.00,0.00,0,0,0.00,0.00,0.00,0,0,0.00,0.00,0,0
1503786066,s1-eth2,144152.00,5903086.00,6047238.00,5903086,144152,1948.00,3899.00,5847.00,3899,1948,0.00,0.00,0,0
1503786066,s1-eth1,5903086.00,144152.00,6047238.00,144152,5903086,3899.00,1948.00,5847.00,1948,3899,0.00,0.00,0,0
1503786066,s3,0.00,0.00,0.00,0,0,0.00,0.00,0.00,0,0,0.00,0.00,0,0
1503786066,s2-eth2,144004.00,5900058.00,6044062.00,5900058,144004,1946.00,3897.00,5843.00,3897,1946,0.00,0.00,0,0
1503786066,s2-eth1,5903086.00,144152.00,6047238.00,144152,5903086,3899.00,1948.00,5847.00,1948,3899,0.00,0.00,0,0
1503786066,lo,0.00,0.00,0.00,0,0,0.00,0.00,0.00,0,0,0.00,0.00,0,0
1503786066,s3-eth2,144078.00,5903086.00,6047164.00,5903086,144078,1947.00,3899.00,5846.00,3899,1947,0.00,0.00,0,0
1503786066,s3-eth1,5900058.00,144004.00,6044062.00,144004,5900058,3897.00,1946.00,5843.00,1946,3897,0.00,0.00,0,0
1503786066,total,18138464.00,18138538.00,36277000.00,18138538,18138464,17536.00,17537.00,35073.00,17537,17536,0.00,0.00,0,0
1503786067,s1,0.00,0.00,0.00,0,0,0.00,0.00,0.00,0,0,0.00,0.00,0,0
1503786067,eth0,0.00,0.00,0.00,0,0,0.00,0.00,0.00,0,0,0.00,0.00,0,0
1503786067,eth1,0.00,0.00,0.00,0,0,0.00,0.00,0.00,0,0,0.00,0.00,0,0
1503786067,s2,0.00,0.00,0.00,0,0,0.00,0.00,0.00,0,0,0.00,0.00,0,0
1503786067,s1-eth2,140970.00,5745630.00,5886600.00,5745630,140970,1905.00,3795.00,5700.00,3795,1905,0.00,0.00,0,0
1503786067,s1-eth1,5750514.00,140970.00,5891484.00,140970,5750514,3799.00,1905.00,5704.00,1905,3799,0.00,0.00,0,0
1503786067,s3,0.00,0.00,0.00,0,0,0.00,0.00,0.00,0,0,0.00,0.00,0,0
1503786067,s2-eth2,141044.00,5747144.00,5888188.00,5747144,141044,1906.00,3796.00,5702.00,3796,1906,0.00,0.00,0,0
1503786067,s2-eth1,5745630.00,140970.00,5886600.00,140970,5745630,3795.00,1905.00,5700.00,1905,3795,0.00,0.00,0,0
1503786067,lo,0.00,0.00,0.00,0,0,0.00,0.00,0.00,0,0,0.00,0.00,0,0
1503786067,s3-eth2,140970.00,5791050.00,5932020.00,5791050,140970,1905.00,3825.00,5730.00,3825,1905,0.00,0.00,0,0
1503786067,s3-eth1,5747144.00,141044.00,5888188.00,141044,5747144,3796.00,1906.00,5702.00,1906,3796,0.00,0.00,0,0
1503786067,total,17666272.00,17706808.00,35373080.00,17706808,17666272,17106.00,17132.00,34238.00,17132,17106,0.00,0.00,0,0
1503786068,s1,0.00,342.00,342.00,342,0,0.00,1.00,1.00,1,0,0.00,0.00,0,0
1503786068,eth0,0.00,0.00,0.00,0,0,0.00,0.00,0.00,0,0,0.00,0.00,0,0
1503786068,eth1,0.00,0.00,0.00,0,0,0.00,0.00,0.00,0,0,0.00,0.00,0,0
1503786068,s2,0.00,342.00,342.00,342,0,0.00,1.00,1.00,1,0,0.00,0.00,0,0
1503786068,s1-eth2,144790.00,5941278.00,6086068.00,5941278,144790,1953.00,3925.00,5878.00,3925,1953,0.00,0.00,0,0
1503786068,s1-eth1,5930680.00,144522.00,6075202.00,144522,5930680,3918.00,1953.00,5871.00,1953,3918,0.00,0.00,0,0
1503786068,s3,0.00,342.00,342.00,342,0,0.00,1.00,1.00,1,0,0.00,0.00,0,0
1503786068,s2-eth2,144716.00,5937908.00,6082624.00,5937908,144716,1952.00,3922.00,5874.00,3922,1952,0.00,0.00,0,0
1503786068,s2-eth1,5941278.00,144790.00,6086068.00,144790,5941278,3925.00,1953.00,5878.00,1953,3925,0.00,0.00,0,0
1503786068,lo,978.00,978.00,1956.00,978,978,9.00,9.00,18.00,9,9,0.00,0.00,0,0
1503786068,s3-eth2,144642.00,5951534.00,6096176.00,5951534,144642,1951.00,3931.00,5882.00,3931,1951,0.00,0.00,0,0
1503786068,s3-eth1,5937908.00,144716.00,6082624.00,144716,5937908,3922.00,1952.00,5874.00,1952,3922,0.00,0.00,0,0
1503786068,total,18244992.00,18266752.00,36511744.00,18266752,18244992,17630.00,17648.00,35278.00,17648,17630,0.00,0.00,0,0
1503786069,s1,0.00,0.00,0.00,0,0,0.00,0.00,0.00,0,0,0.00,0.00,0,0
1503786069,eth0,0.00,0.00,0.00,0,0,0.00,0.00,0.00,0,0,0.00,0.00,0,0
1503786069,eth1,0.00,180.00,180.00,180,0,0.00,3.00,3.00,3,0,0.00,0.00,0,0
1503786069,s2,0.00,0.00,0.00,0,0,0.00,0.00,0.00,0,0,0.00,0.00,0,0
1503786069,s1-eth2,150812.00,6171064.00,6321876.00,6171064,150812,2038.00,4076.00,6114.00,4076,2038,0.00,0.00,0,0
1503786069,s1-eth1,6171064.00,150812.00,6321876.00,150812,6171064,4076.00,2038.00,6114.00,2038,4076,0.00,0.00,0,0
1503786069,s3,0.00,0.00,0.00,0,0,0.00,0.00,0.00,0,0,0.00,0.00,0,0
1503786069,s2-eth2,150960.00,6174092.00,6325052.00,6174092,150960,2040.00,4078.00,6118.00,4078,2040,0.00,0.00,0,0
1503786069,s2-eth1,6171064.00,150812.00,6321876.00,150812,6171064,4076.00,2038.00,6114.00,2038,4076,0.00,0.00,0,0
1503786069,lo,0.00,0.00,0.00,0,0,0.00,0.00,0.00,0,0,0.00,0.00,0,0
1503786069,s3-eth2,151034.00,6174092.00,6325126.00,6174092,151034,2041.00,4078.00,6119.00,4078,2041,0.00,0.00,0,0
1503786069,s3-eth1,6174092.00,150960.00,6325052.00,150960,6174092,4078.00,2040.00,6118.00,2040,4078,0.00,0.00,0,0
1503786069,total,18969026.00,18972012.00,37941040.00,18972012,18969026,18349.00,18351.00,36700.00,18351,18349,0.00,0.00,0,0
1503786070,s1,0.00,0.00,0.00,0,0,0.00,0.00,0.00,0,0,0.00,0.00,0,0
1503786070,eth0,0.00,0.00,0.00,0,0,0.00,0.00,0.00,0,0,0.00,0.00,0,0
1503786070,eth1,0.00,0.00,0.00,0,0,0.00,0.00,0.00,0,0,0.00,0.00,0,0
1503786070,s2,0.00,0.00,0.00,0,0,0.00,0.00,0.00,0,0,0.00,0.00,0,0
1503786070,s1-eth2,151552.00,6196802.00,6348354.00,6196802,151552,2048.00,4093.00,6141.00,4093,2048,0.00,0.00,0,0
1503786070,s1-eth1,6195288.00,151478.00,6346766.00,151478,6195288,4092.00,2047.00,6139.00,2047,4092,0.00,0.00,0,0
1503786070,s3,0.00,0.00,0.00,0,0,0.00,0.00,0.00,0,0,0.00,0.00,0,0
1503786070,s2-eth2,151404.00,6195288.00,6346692.00,6195288,151404,2046.00,4092.00,6138.00,4092,2046,0.00,0.00,0,0
1503786070,s2-eth1,6196802.00,151552.00,6348354.00,151552,6196802,4093.00,2048.00,6141.00,2048,4093,0.00,0.00,0,0
1503786070,lo,0.00,0.00,0.00,0,0,0.00,0.00,0.00,0,0,0.00,0.00,0,0
1503786070,s3-eth2,151330.00,6195288.00,6346618.00,6195288,151330,2045.00,4092.00,6137.00,4092,2045,0.00,0.00,0,0
1503786070,s3-eth1,6195288.00,151404.00,6346692.00,151404,6195288,4092.00,2046.00,6138.00,2046,4092,0.00,0.00,0,0
1503786070,total,19041664.00,19041812.00,38083476.00,19041812,19041664,18416.00,18418.00,36834.00,18418,18416,0.00,0.00,0,0
1503786071,s1,0.00,0.00,0.00,0,0,0.00,0.00,0.00,0,0,0.00,0.00,0,0
1503786071,eth0,0.00,0.00,0.00,0,0,0.00,0.00,0.00,0,0,0.00,0.00,0,0
1503786071,eth1,0.00,0.00,0.00,0,0,0.00,0.00,0.00,0,0,0.00,0.00,0,0
1503786071,s2,0.00,0.00,0.00,0,0,0.00,0.00,0.00,0,0,0.00,0.00,0,0
1503786071,s1-eth2,151108.00,6184690.00,6335798.00,6184690,151108,2042.00,4085.00,6127.00,4085,2042,0.00,0.00,0,0
1503786071,s1-eth1,6184690.00,151034.00,6335724.00,151034,6184690,4085.00,2041.00,6126.00,2041,4085,0.00,0.00,0,0
1503786071,s3,0.00,0.00,0.00,0,0,0.00,0.00,0.00,0,0,0.00,0.00,0,0
1503786071,s2-eth2,151108.00,6186204.00,6337312.00,6186204,151108,2042.00,4086.00,6128.00,4086,2042,0.00,0.00,0,0
1503786071,s2-eth1,6184690.00,151108.00,6335798.00,151108,6184690,4085.00,2042.00,6127.00,2042,4085,0.00,0.00,0,0
1503786071,lo,0.00,0.00,0.00,0,0,0.00,0.00,0.00,0,0,0.00,0.00,0,0
1503786071,s3-eth2,151108.00,6186204.00,6337312.00,6186204,151108,2042.00,4086.00,6128.00,4086,2042,0.00,0.00,0,0
1503786071,s3-eth1,6186204.00,151108.00,6337312.00,151108,6186204,4086.00,2042.00,6128.00,2042,4086,0.00,0.00,0,0
1503786071,total,19008908.00,19010348.00,38019256.00,19010348,19008908,18382.00,18382.00,36764.00,18382,18382,0.00,0.00,0,0
1503786072,s1,0.00,0.00,0.00,0,0,0.00,0.00,0.00,0,0,0.00,0.00,0,0
1503786072,eth0,0.00,0.00,0.00,0,0,0.00,0.00,0.00,0,0,0.00,0.00,0,0
1503786072,eth1,0.00,0.00,0.00,0,0,0.00,0.00,0.00,0,0,0.00,0.00,0,0
1503786072,s2,0.00,0.00,0.00,0,0,0.00,0.00,0.00,0,0,0.00,0.00,0,0
1503786072,s1-eth2,151700.00,6211942.00,6363642.00,6211942,151700,2050.00,4103.00,6153.00,4103,2050,0.00,0.00,0,0
1503786072,s1-eth1,6211942.00,151848.00,6363790.00,151848,6211942,4103.00,2052.00,6155.00,2052,4103,0.00,0.00,0,0
1503786072,s3,0.00,0.00,0.00,0,0,0.00,0.00,0.00,0,0,0.00,0.00,0,0
1503786072,s2-eth2,151774.00,6211942.00,6363716.00,6211942,151774,2051.00,4103.00,6154.00,4103,2051,0.00,0.00,0,0
1503786072,s2-eth1,6211942.00,151700.00,6363642.00,151700,6211942,4103.00,2050.00,6153.00,2050,4103,0.00,0.00,0,0
1503786072,lo,516.00,516.00,1032.00,516,516,9.00,9.00,18.00,9,9,0.00,0.00,0,0
1503786072,s3-eth2,151774.00,6211942.00,6363716.00,6211942,151774,2051.00,4103.00,6154.00,4103,2051,0.00,0.00,0,0
1503786072,s3-eth1,6211942.00,151774.00,6363716.00,151774,6211942,4103.00,2051.00,6154.00,2051,4103,0.00,0.00,0,0
1503786072,total,19091590.00,19091664.00,38183256.00,19091664,19091590,18470.00,18471.00,36941.00,18471,18470,0.00,0.00,0,0
1503786073,s1,0.00,0.00,0.00,0,0,0.00,0.00,0.00,0,0,0.00,0.00,0,0
1503786073,eth0,0.00,0.00,0.00,0,0,0.00,0.00,0.00,0,0,0.00,0.00,0,0
1503786073,eth1,0.00,0.00,0.00,0,0,0.00,0.00,0.00,0,0,0.00,0.00,0,0
1503786073,s2,0.00,0.00,0.00,0,0,0.00,0.00,0.00,0,0,0.00,0.00,0,0
1503786073,s1-eth2,151848.00,6213456.00,6365304.00,6213456,151848,2052.00,4104.00,6156.00,4104,2052,0.00,0.00,0,0
1503786073,s1-eth1,6213456.00,151848.00,6365304.00,151848,6213456,4104.00,2052.00,6156.00,2052,4104,0.00,0.00,0,0
1503786073,s3,0.00,0.00,0.00,0,0,0.00,0.00,0.00,0,0,0.00,0.00,0,0
1503786073,s2-eth2,151774.00,6213456.00,6365230.00,6213456,151774,2051.00,4104.00,6155.00,4104,2051,0.00,0.00,0,0
1503786073,s2-eth1,6213456.00,151848.00,6365304.00,151848,6213456,4104.00,2052.00,6156.00,2052,4104,0.00,0.00,0,0
1503786073,lo,0.00,0.00,0.00,0,0,0.00,0.00,0.00,0,0,0.00,0.00,0,0
1503786073,s3-eth2,151774.00,6216484.00,6368258.00,6216484,151774,2051.00,4106.00,6157.00,4106,2051,0.00,0.00,0,0
1503786073,s3-eth1,6213456.00,151774.00,6365230.00,151774,6213456,4104.00,2051.00,6155.00,2051,4104,0.00,0.00,0,0
1503786073,total,19095764.00,19098866.00,38194632.00,19098866,19095764,18466.00,18469.00,36935.00,18469,18466,0.00,0.00,0,0
1503786074,s1,0.00,342.00,342.00,342,0,0.00,1.00,1.00,1,0,0.00,0.00,0,0
1503786074,eth0,0.00,0.00,0.00,0,0,0.00,0.00,0.00,0,0,0.00,0.00,0,0
1503786074,eth1,0.00,86.00,86.00,86,0,0.00,1.00,1.00,1,0,0.00,0.00,0,0
1503786074,s2,0.00,342.00,342.00,342,0,0.00,1.00,1.00,1,0,0.00,0.00,0,0
1503786074,s1-eth2,151848.00,6212284.00,6364132.00,6212284,151848,2052.00,4104.00,6156.00,4104,2052,0.00,0.00,0,0
1503786074,s1-eth1,6212284.00,151774.00,6364058.00,151774,6212284,4104.00,2051.00,6155.00,2051,4104,0.00,0.00,0,0
1503786074,s3,0.00,0.00,0.00,0,0,0.00,0.00,0.00,0,0,0.00,0.00,0,0
1503786074,s2-eth2,151922.00,6212284.00,6364206.00,6212284,151922,2053.00,4104.00,6157.00,4104,2053,0.00,0.00,0,0
1503786074,s2-eth1,6212284.00,151848.00,6364132.00,151848,6212284,4104.00,2052.00,6156.00,2052,4104,0.00,0.00,0,0
1503786074,lo,652.00,652.00,1304.00,652,652,6.00,6.00,12.00,6,6,0.00,0.00,0,0
1503786074,s3-eth2,151996.00,6211942.00,6363938.00,6211942,151996,2054.00,4103.00,6157.00,4103,2054,0.00,0.00,0,0
1503786074,s3-eth1,6212284.00,151922.00,6364206.00,151922,6212284,4104.00,2053.00,6157.00,2053,4104,0.00,0.00,0,0
1503786074,total,19093270.00,19093476.00,38186744.00,19093476,19093270,18477.00,18476.00,36953.00,18476,18477,0.00,0.00,0,0
1503786075,s1,0.00,0.00,0.00,0,0,0.00,0.00,0.00,0,0,0.00,0.00,0,0
1503786075,eth0,0.00,0.00,0.00,0,0,0.00,0.00,0.00,0,0,0.00,0.00,0,0
1503786075,eth1,0.00,0.00,0.00,0,0,0.00,0.00,0.00,0,0,0.00,0.00,0,0
1503786075,s2,0.00,0.00,0.00,0,0,0.00,0.00,0.00,0,0,0.00,0.00,0,0
1503786075,s1-eth2,151256.00,6186204.00,6337460.00,6186204,151256,2044.00,4086.00,6130.00,4086,2044,0.00,0.00,0,0
1503786075,s1-eth1,6187718.00,151256.00,6338974.00,151256,6187718,4087.00,2044.00,6131.00,2044,4087,0.00,0.00,0,0
1503786075,s3,0.00,0.00,0.00,0,0,0.00,0.00,0.00,0,0,0.00,0.00,0,0
1503786075,s2-eth2,151404.00,6187718.00,6339122.00,6187718,151404,2046.00,4087.00,6133.00,4087,2046,0.00,0.00,0,0
1503786075,s2-eth1,6186204.00,151256.00,6337460.00,151256,6186204,4086.00,2044.00,6130.00,2044,4086,0.00,0.00,0,0
1503786075,lo,0.00,0.00,0.00,0,0,0.00,0.00,0.00,0,0,0.00,0.00,0,0
1503786075,s3-eth2,151330.00,6187718.00,6339048.00,6187718,151330,2045.00,4087.00,6132.00,4087,2045,0.00,0.00,0,0
1503786075,s3-eth1,6187718.00,151404.00,6339122.00,151404,6187718,4087.00,2046.00,6133.00,2046,4087,0.00,0.00,0,0
1503786075,total,19015630.00,19015556.00,38031184.00,19015556,19015630,18395.00,18394.00,36789.00,18394,18395,0.00,0.00,0,0
1503786076,s1,0.00,0.00,0.00,0,0,0.00,0.00,0.00,0,0,0.00,0.00,0,0
1503786076,eth0,0.00,0.00,0.00,0,0,0.00,0.00,0.00,0,0,0.00,0.00,0,0
1503786076,eth1,0.00,180.00,180.00,180,0,0.00,3.00,3.00,3,0,0.00,0.00,0,0
1503786076,s2,0.00,0.00,0.00,0,0,0.00,0.00,0.00,0,0,0.00,0.00,0,0
1503786076,s1-eth2,150812.00,6172578.00,6323390.00,6172578,150812,2038.00,4077.00,6115.00,4077,2038,0.00,0.00,0,0
1503786076,s1-eth1,6172578.00,150812.00,6323390.00,150812,6172578,4077.00,2038.00,6115.00,2038,4077,0.00,0.00,0,0
1503786076,s3,0.00,342.00,342.00,342,0,0.00,1.00,1.00,1,0,0.00,0.00,0,0
1503786076,s2-eth2,150932.00,6172578.00,6323510.00,6172578,150932,2036.00,4077.00,6113.00,4077,2036,0.00,0.00,0,0
1503786076,s2-eth1,6172578.00,150812.00,6323390.00,150812,6172578,4077.00,2038.00,6115.00,2038,4077,0.00,0.00,0,0
1503786076,lo,326.00,326.00,652.00,326,326,3.00,3.00,6.00,3,3,0.00,0.00,0,0
1503786076,s3-eth2,151080.00,6172578.00,6323658.00,6172578,151080,2038.00,4077.00,6115.00,4077,2038,0.00,0.00,0,0
1503786076,s3-eth1,6172578.00,150932.00,6323510.00,150932,6172578,4077.00,2036.00,6113.00,2036,4077,0.00,0.00,0,0
1503786076,total,18970884.00,18971138.00,37942024.00,18971138,18970884,18346.00,18350.00,36696.00,18350,18346,0.00,0.00,0,0
1503786077,s1,0.00,0.00,0.00,0,0,0.00,0.00,0.00,0,0,0.00,0.00,0,0
1503786077,eth0,0.00,0.00,0.00,0,0,0.00,0.00,0.00,0,0,0.00,0.00,0,0
1503786077,eth1,0.00,0.00,0.00,0,0,0.00,0.00,0.00,0,0,0.00,0.00,0,0
1503786077,s2,0.00,0.00,0.00,0,0,0.00,0.00,0.00,0,0,0.00,0.00,0,0
1503786077,s1-eth2,146224.00,5987870.00,6134094.00,5987870,146224,1976.00,3955.00,5931.00,3955,1976,0.00,0.00,0,0
1503786077,s1-eth1,5983328.00,146224.00,6129552.00,146224,5983328,3952.00,1976.00,5928.00,1976,3952,0.00,0.00,0,0
1503786077,s3,0.00,0.00,0.00,0,0,0.00,0.00,0.00,0,0,0.00,0.00,0,0
1503786077,s2-eth2,146298.00,5984842.00,6131140.00,5984842,146298,1977.00,3953.00,5930.00,3953,1977,0.00,0.00,0,0
1503786077,s2-eth1,5987870.00,146224.00,6134094.00,146224,5987870,3955.00,1976.00,5931.00,1976,3955,0.00,0.00,0,0
1503786077,lo,0.00,0.00,0.00,0,0,0.00,0.00,0.00,0,0,0.00,0.00,0,0
1503786077,s3-eth2,146150.00,5968188.00,6114338.00,5968188,146150,1975.00,3942.00,5917.00,3942,1975,0.00,0.00,0,0
1503786077,s3-eth1,5984842.00,146298.00,6131140.00,146298,5984842,3953.00,1977.00,5930.00,1977,3953,0.00,0.00,0,0
1503786077,total,18394712.00,18379646.00,36774360.00,18379646,18394712,17788.00,17779.00,35567.00,17779,17788,0.00,0.00,0,0
1503786078,s1,0.00,0.00,0.00,0,0,0.00,0.00,0.00,0,0,0.00,0.00,0,0
1503786078,eth0,0.00,0.00,0.00,0,0,0.00,0.00,0.00,0,0,0.00,0.00,0,0
1503786078,eth1,0.00,0.00,0.00,0,0,0.00,0.00,0.00,0,0,0.00,0.00,0,0
1503786078,s2,0.00,0.00,0.00,0,0,0.00,0.00,0.00,0,0,0.00,0.00,0,0
1503786078,s1-eth2,151478.00,6198316.00,6349794.00,6198316,151478,2047.00,4094.00,6141.00,4094,2047,0.00,0.00,0,0
1503786078,s1-eth1,6199830.00,151552.00,6351382.00,151552,6199830,4095.00,2048.00,6143.00,2048,4095,0.00,0.00,0,0
1503786078,s3,0.00,0.00,0.00,0,0,0.00,0.00,0.00,0,0,0.00,0.00,0,0
1503786078,s2-eth2,151404.00,6199830.00,6351234.00,6199830,151404,2046.00,4095.00,6141.00,4095,2046,0.00,0.00,0,0
1503786078,s2-eth1,6198316.00,151478.00,6349794.00,151478,6198316,4094.00,2047.00,6141.00,2047,4094,0.00,0.00,0,0
1503786078,lo,0.00,0.00,0.00,0,0,0.00,0.00,0.00,0,0,0.00,0.00,0,0
1503786078,s3-eth2,151478.00,6201344.00,6352822.00,6201344,151478,2047.00,4096.00,6143.00,4096,2047,0.00,0.00,0,0
1503786078,s3-eth1,6199830.00,151404.00,6351234.00,151404,6199830,4095.00,2046.00,6141.00,2046,4095,0.00,0.00,0,0
1503786078,total,19052336.00,19053924.00,38106260.00,19053924,19052336,18424.00,18426.00,36850.00,18426,18424,0.00,0.00,0,0
1503786079,s1,0.00,0.00,0.00,0,0,0.00,0.00,0.00,0,0,0.00,0.00,0,0
1503786079,eth0,0.00,0.00,0.00,0,0,0.00,0.00,0.00,0,0,0.00,0.00,0,0
1503786079,eth1,0.00,0.00,0.00,0,0,0.00,0.00,0.00,0,0,0.00,0.00,0,0
1503786079,s2,0.00,0.00,0.00,0,0,0.00,0.00,0.00,0,0,0.00,0.00,0,0
1503786079,s1-eth2,150664.00,6165008.00,6315672.00,6165008,150664,2036.00,4072.00,6108.00,4072,2036,0.00,0.00,0,0
1503786079,s1-eth1,6165008.00,150664.00,6315672.00,150664,6165008,4072.00,2036.00,6108.00,2036,4072,0.00,0.00,0,0
1503786079,s3,0.00,0.00,0.00,0,0,0.00,0.00,0.00,0,0,0.00,0.00,0,0
1503786079,s2-eth2,150664.00,6165008.00,6315672.00,6165008,150664,2036.00,4072.00,6108.00,4072,2036,0.00,0.00,0,0
1503786079,s2-eth1,6165008.00,150664.00,6315672.00,150664,6165008,4072.00,2036.00,6108.00,2036,4072,0.00,0.00,0,0
1503786079,lo,344.00,344.00,688.00,344,344,6.00,6.00,12.00,6,6,0.00,0.00,0,0
1503786079,s3-eth2,150664.00,6165008.00,6315672.00,6165008,150664,2036.00,4072.00,6108.00,4072,2036,0.00,0.00,0,0
1503786079,s3-eth1,6165008.00,150664.00,6315672.00,150664,6165008,4072.00,2036.00,6108.00,2036,4072,0.00,0.00,0,0
1503786079,total,18947360.00,18947360.00,37894720.00,18947360,18947360,18330.00,18330.00,36660.00,18330,18330,0.00,0.00,0,0
1503786080,s1,0.00,1060.00,1060.00,1060,0,0.00,6.00,6.00,6,0,0.00,0.00,0,0
1503786080,eth0,0.00,0.00,0.00,0,0,0.00,0.00,0.00,0,0,0.00,0.00,0,0
1503786080,eth1,0.00,0.00,0.00,0,0,0.00,0.00,0.00,0,0,0.00,0.00,0,0
1503786080,s2,0.00,1170.00,1170.00,1170,0,0.00,7.00,7.00,7,0,0.00,0.00,0,0
1503786080,s1-eth2,131916.00,5360620.00,5492536.00,5360620,131916,1778.00,3546.00,5324.00,3546,1778,0.00,0.00,0,0
1503786080,s1-eth1,5370266.00,131202.00,5501468.00,131202,5370266,3555.00,1773.00,5328.00,1773,3555,0.00,0.00,0,0
1503786080,s3,0.00,1260.00,1260.00,1260,0,0.00,8.00,8.00,8,0,0.00,0.00,0,0
1503786080,s2-eth2,132684.00,5366146.00,5498830.00,5366146,132684,1784.00,3547.00,5331.00,3547,1784,0.00,0.00,0,0
1503786080,s2-eth1,5360620.00,131916.00,5492536.00,131916,5360620,3546.00,1778.00,5324.00,1778,3546,0.00,0.00,0,0
1503786080,lo,6208.00,6208.00,12416.00,6208,6208,60.00,60.00,120.00,60,60,0.00,0.00,0,0
1503786080,s3-eth2,132610.00,5335336.00,5467946.00,5335336,132610,1783.00,3524.00,5307.00,3524,1783,0.00,0.00,0,0
1503786080,s3-eth1,5366146.00,132684.00,5498830.00,132684,5366146,3547.00,1784.00,5331.00,1784,3547,0.00,0.00,0,0
1503786080,total,16500450.00,16467602.00,32968052.00,16467602,16500450,16053.00,16033.00,32086.00,16033,16053,0.00,0.00,0,0
1503786081,s1,0.00,2433.00,2433.00,2433,0,0.00,16.00,16.00,16,0,0.00,0.00,0,0
1503786081,eth0,0.00,0.00,0.00,0,0,0.00,0.00,0.00,0,0,0.00,0.00,0,0
1503786081,eth1,0.00,0.00,0.00,0,0,0.00,0.00,0.00,0,0,0.00,0.00,0,0
1503786081,s2,0.00,2233.00,2233.00,2233,0,0.00,14.00,14.00,14,0,0.00,0.00,0,0
1503786081,s1-eth2,148758.00,6028195.00,6176953.00,6028195,148758,2001.00,3997.00,5998.00,3997,2001,0.00,0.00,0,0
1503786081,s1-eth1,6028273.00,147376.00,6175649.00,147376,6028273,3998.00,1992.00,5990.00,1992,3998,0.00,0.00,0,0
1503786081,s3,0.00,2123.00,2123.00,2123,0,0.00,13.00,13.00,13,0,0.00,0.00,0,0
1503786081,s2-eth2,149647.00,6028275.00,6177922.00,6028275,149647,2007.00,3989.00,5996.00,3989,2007,0.00,0.00,0,0
1503786081,s2-eth1,6028195.00,148758.00,6176953.00,148758,6028195,3997.00,2001.00,5998.00,2001,3997,0.00,0.00,0,0
1503786081,lo,13416.00,13416.00,26832.00,13416,13416,129.00,129.00,258.00,129,129,0.00,0.00,0,0
1503786081,s3-eth2,149721.00,6027276.00,6176997.00,6027276,149721,2008.00,3982.00,5990.00,3982,2008,0.00,0.00,0,0
1503786081,s3-eth1,6028275.00,149647.00,6177922.00,149647,6028275,3989.00,2007.00,5996.00,2007,3989,0.00,0.00,0,0
1503786081,total,18546284.00,18549732.00,37096016.00,18549732,18546285,18129.00,18140.00,36269.00,18140,18129,0.00,0.00,0,0
1503786082,s1,0.00,2744.26,2744.26,2747,0,0.00,11.99,11.99,12,0,0.00,0.00,0,0
1503786082,eth0,0.00,0.00,0.00,0,0,0.00,0.00,0.00,0,0,0.00,0.00,0,0
1503786082,eth1,0.00,0.00,0.00,0,0,0.00,0.00,0.00,0,0,0.00,0.00,0,0
1503786082,s2,0.00,2834.17,2834.17,2837,0,0.00,12.99,12.99,13,0,0.00,0.00,0,0
1503786082,s1-eth2,149170.83,6058744.50,6207915.50,6064803,149320,2005.00,4011.99,6016.98,4016,2007,0.00,0.00,0,0
1503786082,s1-eth1,6062825.50,148073.94,6210899.50,148222,6068888,4020.98,2001.00,6021.98,2003,4025,0.00,0.00,0,0
1503786082,s3,0.00,2567.43,2567.43,2570,0,0.00,11.99,11.99,12,0,0.00,0.00,0,0
1503786082,s2-eth2,150419.58,6050027.00,6200446.50,6056077,150570,2009.99,4002.00,6011.99,4006,2012,0.00,0.00,0,0
1503786082,s2-eth1,6058744.50,149170.83,6207915.50,149320,6064803,4011.99,2005.00,6016.98,2007,4016,0.00,0.00,0,0
1503786082,lo,11678.32,11678.32,23356.64,11690,11690,111.89,111.89,223.78,112,112,0.00,0.00,0,0
1503786082,s3-eth2,150345.66,6051462.50,6201808.50,6057514,150496,2008.99,3997.00,6005.99,4001,2011,0.00,0.00,0,0
1503786082,s3-eth1,6050027.00,150419.58,6200446.50,150570,6056077,4002.00,2009.99,6011.99,2012,4006,0.00,0.00,0,0
1503786082,total,18633212.00,18627722.00,37260932.00,18646350,18651844,18170.83,18175.82,36346.65,18194,18189,0.00,0.00,0,0
1503786083,s1,0.00,654.00,654.00,654,0,0.00,2.00,2.00,2,0,0.00,0.00,0,0
1503786083,eth0,0.00,0.00,0.00,0,0,0.00,0.00,0.00,0,0,0.00,0.00,0,0
1503786083,eth1,0.00,180.00,180.00,180,0,0.00,3.00,3.00,3,0,0.00,0.00,0,0
1503786083,s2,0.00,996.00,996.00,996,0,0.00,3.00,3.00,3,0,0.00,0.00,0,0
1503786083,s1-eth2,150815.00,6145980.00,6296795.00,6145980,150815,2031.00,4061.00,6092.00,4061,2031,0.00,0.00,0,0
1503786083,s1-eth1,6144375.00,150220.00,6294595.00,150220,6144375,4065.00,2030.00,6095.00,2030,4065,0.00,0.00,0,0
1503786083,s3,0.00,1605.00,1605.00,1605,0,0.00,5.00,5.00,5,0,0.00,0.00,0,0
1503786083,s2-eth2,151751.00,6145653.00,6297404.00,6145653,151751,2034.00,4060.00,6094.00,4060,2034,0.00,0.00,0,0
1503786083,s2-eth1,6145980.00,150815.00,6296795.00,150815,6145980,4061.00,2031.00,6092.00,2031,4061,0.00,0.00,0,0
1503786083,lo,3260.00,3260.00,6520.00,3260,3260,30.00,30.00,60.00,30,30,0.00,0.00,0,0
1503786083,s3-eth2,151825.00,6143812.00,6295637.00,6143812,151825,2035.00,4058.00,6093.00,4058,2035,0.00,0.00,0,0
1503786083,s3-eth1,6145653.00,151751.00,6297404.00,151751,6145653,4060.00,2034.00,6094.00,2034,4060,0.00,0.00,0,0
1503786083,total,18893660.00,18894926.00,37788584.00,18894926,18893659,18316.00,18317.00,36633.00,18317,18316,0.00,0.00,0,0
1503786084,s1,0.00,898.00,898.00,898,0,0.00,4.00,4.00,4,0,0.00,0.00,0,0
1503786084,eth0,0.00,0.00,0.00,0,0,0.00,0.00,0.00,0,0,0.00,0.00,0,0
1503786084,eth1,0.00,0.00,0.00,0,0,0.00,0.00,0.00,0,0,0.00,0.00,0,0
1503786084,s2,0.00,556.00,556.00,556,0,0.00,3.00,3.00,3,0,0.00,0.00,0,0
1503786084,s1-eth2,149957.00,6140168.00,6290125.00,6140168,149957,2026.00,4059.00,6085.00,4059,2026,0.00,0.00,0,0
1503786084,s1-eth1,6140837.00,149850.00,6290687.00,149850,6140837,4061.00,2025.00,6086.00,2025,4061,0.00,0.00,0,0
1503786084,s3,0.00,214.00,214.00,214,0,0.00,2.00,2.00,2,0,0.00,0.00,0,0
1503786084,s2-eth2,149990.00,6138205.00,6288195.00,6138205,149990,2026.00,4056.00,6082.00,4056,2026,0.00,0.00,0,0
1503786084,s2-eth1,6140168.00,149957.00,6290125.00,149957,6140168,4059.00,2026.00,6085.00,2026,4059,0.00,0.00,0,0
1503786084,lo,2808.00,2808.00,5616.00,2808,2808,27.00,27.00,54.00,27,27,0.00,0.00,0,0
1503786084,s3-eth2,149916.00,6139270.00,6289186.00,6139270,149916,2025.00,4055.00,6080.00,4055,2025,0.00,0.00,0,0
1503786084,s3-eth1,6138205.00,149990.00,6288195.00,149990,6138205,4056.00,2026.00,6082.00,2026,4056,0.00,0.00,0,0
1503786084,total,18871880.00,18871916.00,37743796.00,18871916,18871881,18280.00,18283.00,36563.00,18283,18280,0.00,0.00,0,0
1503786085,s1,0.00,1328.00,1328.00,1328,0,0.00,6.00,6.00,6,0,0.00,0.00,0,0
1503786085,eth0,0.00,0.00,0.00,0,0,0.00,0.00,0.00,0,0,0.00,0.00,0,0
1503786085,eth1,0.00,0.00,0.00,0,0,0.00,0.00,0.00,0,0,0.00,0.00,0,0
1503786085,s2,0.00,1328.00,1328.00,1328,0,0.00,6.00,6.00,6,0,0.00,0.00,0,0
1503786085,s1-eth2,151328.00,6161794.00,6313122.00,6161794,151328,2039.00,4075.00,6114.00,4075,2039,0.00,0.00,0,0
1503786085,s1-eth1,6162168.00,150590.00,6312758.00,150590,6162168,4077.00,2035.00,6112.00,2035,4077,0.00,0.00,0,0
1503786085,s3,0.00,1328.00,1328.00,1328,0,0.00,6.00,6.00,6,0,0.00,0.00,0,0
1503786085,s2-eth2,152066.00,6158102.00,6310168.00,6158102,152066,2043.00,4070.00,6113.00,4070,2043,0.00,0.00,0,0
1503786085,s2-eth1,6161794.00,151328.00,6313122.00,151328,6161794,4075.00,2039.00,6114.00,2039,4075,0.00,0.00,0,0
1503786085,lo,5520.00,5520.00,11040.00,5520,5520,54.00,54.00,108.00,54,54,0.00,0.00,0,0
1503786085,s3-eth2,152140.00,6158952.00,6311092.00,6158952,152140,2044.00,4068.00,6112.00,4068,2044,0.00,0.00,0,0
1503786085,s3-eth1,6158102.00,152066.00,6310168.00,152066,6158102,4070.00,2043.00,6113.00,2043,4070,0.00,0.00,0,0
1503786085,total,18943118.00,18942336.00,37885456.00,18942336,18943118,18402.00,18402.00,36804.00,18402,18402,0.00,0.00,0,0
1503786086,s1,0.00,0.00,0.00,0,0,0.00,0.00,0.00,0,0,0.00,0.00,0,0
1503786086,eth0,0.00,0.00,0.00,0,0,0.00,0.00,0.00,0,0,0.00,0.00,0,0
1503786086,eth1,0.00,0.00,0.00,0,0,0.00,0.00,0.00,0,0,0.00,0.00,0,0
1503786086,s2,0.00,0.00,0.00,0,0,0.00,0.00,0.00,0,0,0.00,0.00,0,0
1503786086,s1-eth2,150883.12,6176999.00,6327882.50,6183176,151034,2038.96,4079.92,6118.88,4084,2041,0.00,0.00,0,0
1503786086,s1-eth1,6175883.50,150957.05,6326840.50,151108,6182059,4080.92,2039.96,6120.88,2042,4085,0.00,0.00,0,0
1503786086,s3,0.00,0.00,0.00,0,0,0.00,0.00,0.00,0,0,0.00,0.00,0,0
1503786086,s2-eth2,150809.19,6176999.00,6327808.50,6183176,150960,2037.96,4079.92,6117.88,4084,2040,0.00,0.00,0,0
1503786086,s2-eth1,6176999.00,150883.12,6327882.50,151034,6183176,4079.92,2038.96,6118.88,2041,4084,0.00,0.00,0,0
1503786086,lo,0.00,0.00,0.00,0,0,0.00,0.00,0.00,0,0,0.00,0.00,0,0
1503786086,s3-eth2,150809.19,6178511.50,6329321.00,6184690,150960,2037.96,4080.92,6118.88,4085,2040,0.00,0.00,0,0
1503786086,s3-eth1,6176999.00,150809.19,6327808.50,150960,6183176,4079.92,2037.96,6117.88,2040,4084,0.00,0.00,0,0
1503786086,total,18982382.00,18985160.00,37967540.00,19004144,19001365,18355.64,18357.64,36713.29,18376,18374,0.00,0.00,0,0
1503786087,s1,0.00,0.00,0.00,0,0,0.00,0.00,0.00,0,0,0.00,0.00,0,0
1503786087,eth0,0.00,0.00,0.00,0,0,0.00,0.00,0.00,0,0,0.00,0.00,0,0
1503786087,eth1,0.00,0.00,0.00,0,0,0.00,0.00,0.00,0,0,0.00,0.00,0,0
1503786087,s2,0.00,0.00,0.00,0,0,0.00,0.00,0.00,0,0,0.00,0.00,0,0
1503786087,s1-eth2,151330.00,6196802.00,6348132.00,6196802,151330,2045.00,4093.00,6138.00,4093,2045,0.00,0.00,0,0
1503786087,s1-eth1,6193774.00,151256.00,6345030.00,151256,6193774,4091.00,2044.00,6135.00,2044,4091,0.00,0.00,0,0
1503786087,s3,0.00,0.00,0.00,0,0,0.00,0.00,0.00,0,0,0.00,0.00,0,0
1503786087,s2-eth2,151330.00,6196802.00,6348132.00,6196802,151330,2045.00,4093.00,6138.00,4093,2045,0.00,0.00,0,0
1503786087,s2-eth1,6196802.00,151330.00,6348132.00,151330,6196802,4093.00,2045.00,6138.00,2045,4093,0.00,0.00,0,0
1503786087,lo,0.00,0.00,0.00,0,0,0.00,0.00,0.00,0,0,0.00,0.00,0,0
1503786087,s3-eth2,151256.00,6195288.00,6346544.00,6195288,151256,2044.00,4092.00,6136.00,4092,2044,0.00,0.00,0,0
1503786087,s3-eth1,6196802.00,151330.00,6348132.00,151330,6196802,4093.00,2045.00,6138.00,2045,4093,0.00,0.00,0,0
1503786087,total,19041294.00,19042808.00,38084104.00,19042808,19041294,18411.00,18412.00,36823.00,18412,18411,0.00,0.00,0,0
1503786088,s1,0.00,214.00,214.00,214,0,0.00,2.00,2.00,2,0,0.00,0.00,0,0
1503786088,eth0,0.00,0.00,0.00,0,0,0.00,0.00,0.00,0,0,0.00,0.00,0,0
1503786088,eth1,0.00,0.00,0.00,0,0,0.00,0.00,0.00,0,0,0.00,0.00,0,0
1503786088,s2,0.00,214.00,214.00,214,0,0.00,2.00,2.00,2,0,0.00,0.00,0,0
1503786088,s1-eth2,150919.00,6166736.00,6317655.00,6166736,150919,2039.00,4075.00,6114.00,4075,2039,0.00,0.00,0,0
1503786088,s1-eth1,6171278.00,150886.00,6322164.00,150886,6171278,4078.00,2039.00,6117.00,2039,4078,0.00,0.00,0,0
1503786088,s3,0.00,556.00,556.00,556,0,0.00,3.00,3.00,3,0,0.00,0.00,0,0
1503786088,s2-eth2,151368.00,6168143.00,6319511.00,6168143,151368,2041.00,4075.00,6116.00,4075,2041,0.00,0.00,0,0
1503786088,s2-eth1,6166736.00,150919.00,6317655.00,150919,6166736,4075.00,2039.00,6114.00,2039,4075,0.00,0.00,0,0
1503786088,lo,2156.00,2156.00,4312.00,2156,2156,21.00,21.00,42.00,21,21,0.00,0.00,0,0
1503786088,s3-eth2,151368.00,6168036.00,6319404.00,6168036,151368,2041.00,4074.00,6115.00,4074,2041,0.00,0.00,0,0
1503786088,s3-eth1,6168143.00,151368.00,6319511.00,151368,6168143,4075.00,2041.00,6116.00,2041,4075,0.00,0.00,0,0
1503786088,total,18961968.00,18959228.00,37921196.00,18959228,18961968,18370.00,18371.00,36741.00,18371,18370,0.00,0.00,0,0
1503786089,s1,0.00,482.00,482.00,482,0,0.00,3.00,3.00,3,0,0.00,0.00,0,0
1503786089,eth0,0.00,0.00,0.00,0,0,0.00,0.00,0.00,0,0,0.00,0.00,0,0
1503786089,eth1,0.00,0.00,0.00,0,0,0.00,0.00,0.00,0,0,0.00,0.00,0,0
1503786089,s2,0.00,824.00,824.00,824,0,0.00,4.00,4.00,4,0,0.00,0.00,0,0
1503786089,s1-eth2,151224.00,6171546.00,6322770.00,6171546,151224,2040.00,4079.00,6119.00,4079,2040,0.00,0.00,0,0
1503786089,s1-eth1,6171995.00,150738.00,6322733.00,150738,6171995,4081.00,2037.00,6118.00,2037,4081,0.00,0.00,0,0
1503786089,s3,0.00,482.00,482.00,482,0,0.00,3.00,3.00,3,0,0.00,0.00,0,0
1503786089,s2-eth2,151368.00,6169962.00,6321330.00,6169962,151368,2042.00,4077.00,6119.00,4077,2042,0.00,0.00,0,0
1503786089,s2-eth1,6171546.00,151224.00,6322770.00,151224,6171546,4079.00,2040.00,6119.00,2040,4079,0.00,0.00,0,0
1503786089,lo,2912.00,2912.00,5824.00,2912,2912,30.00,30.00,60.00,30,30,0.00,0.00,0,0
1503786089,s3-eth2,151516.00,6171064.00,6322580.00,6171064,151516,2044.00,4076.00,6120.00,4076,2044,0.00,0.00,0,0
1503786089,s3-eth1,6169962.00,151368.00,6321330.00,151368,6169962,4077.00,2042.00,6119.00,2042,4077,0.00,0.00,0,0
1503786089,total,18970524.00,18970602.00,37941124.00,18970602,18970523,18393.00,18391.00,36784.00,18391,18393,0.00,0.00,0,0
1503786090,s1,0.00,342.00,342.00,342,0,0.00,1.00,1.00,1,0,0.00,0.00,0,0
1503786090,eth0,0.00,0.00,0.00,0,0,0.00,0.00,0.00,0,0,0.00,0.00,0,0
1503786090,eth1,0.00,60.00,60.00,60,0,0.00,1.00,1.00,1,0,0.00,0.00,0,0
1503786090,s2,0.00,0.00,0.00,0,0,0.00,0.00,0.00,0,0,0.00,0.00,0,0
1503786090,s1-eth2,150960.00,6180490.00,6331450.00,6180490,150960,2040.00,4083.00,6123.00,4083,2040,0.00,0.00,0,0
1503786090,s1-eth1,6179046.00,151034.00,6330080.00,151034,6179046,4083.00,2041.00,6124.00,2041,4083,0.00,0.00,0,0
1503786090,s3,0.00,0.00,0.00,0,0,0.00,0.00,0.00,0,0,0.00,0.00,0,0
1503786090,s2-eth2,150886.00,6180148.00,6331034.00,6180148,150886,2039.00,4082.00,6121.00,4082,2039,0.00,0.00,0,0
1503786090,s2-eth1,6180490.00,150960.00,6331450.00,150960,6180490,4083.00,2040.00,6123.00,2040,4083,0.00,0.00,0,0
1503786090,lo,326.00,326.00,652.00,326,326,3.00,3.00,6.00,3,3,0.00,0.00,0,0
1503786090,s3-eth2,150812.00,6181662.00,6332474.00,6181662,150812,2038.00,4083.00,6121.00,4083,2038,0.00,0.00,0,0
1503786090,s3-eth1,6180148.00,150886.00,6331034.00,150886,6180148,4082.00,2039.00,6121.00,2039,4082,0.00,0.00,0,0
1503786090,total,18992668.00,18995908.00,37988576.00,18995908,18992668,18368.00,18373.00,36741.00,18373,18368,0.00,0.00,0,0
1503786091,s1,0.00,0.00,0.00,0,0,0.00,0.00,0.00,0,0,0.00,0.00,0,0
1503786091,eth0,0.00,0.00,0.00,0,0,0.00,0.00,0.00,0,0,0.00,0.00,0,0
1503786091,eth1,0.00,0.00,0.00,0,0,0.00,0.00,0.00,0,0,0.00,0.00,0,0
1503786091,s2,0.00,0.00,0.00,0,0,0.00,0.00,0.00,0,0,0.00,0.00,0,0
1503786091,s1-eth2,151182.00,6184690.00,6335872.00,6184690,151182,2043.00,4085.00,6128.00,4085,2043,0.00,0.00,0,0
1503786091,s1-eth1,6184690.00,151108.00,6335798.00,151108,6184690,4085.00,2042.00,6127.00,2042,4085,0.00,0.00,0,0
1503786091,s3,0.00,0.00,0.00,0,0,0.00,0.00,0.00,0,0,0.00,0.00,0,0
1503786091,s2-eth2,151182.00,6184690.00,6335872.00,6184690,151182,2043.00,4085.00,6128.00,4085,2043,0.00,0.00,0,0
1503786091,s2-eth1,6184690.00,151182.00,6335872.00,151182,6184690,4085.00,2043.00,6128.00,2043,4085,0.00,0.00,0,0
1503786091,lo,0.00,0.00,0.00,0,0,0.00,0.00,0.00,0,0,0.00,0.00,0,0
1503786091,s3-eth2,151108.00,6184690.00,6335798.00,6184690,151108,2042.00,4085.00,6127.00,4085,2042,0.00,0.00,0,0
1503786091,s3-eth1,6184690.00,151182.00,6335872.00,151182,6184690,4085.00,2043.00,6128.00,2043,4085,0.00,0.00,0,0
1503786091,total,19007542.00,19007542.00,38015084.00,19007542,19007542,18383.00,18383.00,36766.00,18383,18383,0.00,0.00,0,0
1503786092,s1,0.00,0.00,0.00,0,0,0.00,0.00,0.00,0,0,0.00,0.00,0,0
1503786092,eth0,0.00,0.00,0.00,0,0,0.00,0.00,0.00,0,0,0.00,0.00,0,0
1503786092,eth1,0.00,0.00,0.00,0,0,0.00,0.00,0.00,0,0,0.00,0.00,0,0
1503786092,s2,0.00,0.00,0.00,0,0,0.00,0.00,0.00,0,0,0.00,0.00,0,0
1503786092,s1-eth2,150590.00,6163494.00,6314084.00,6163494,150590,2035.00,4071.00,6106.00,4071,2035,0.00,0.00,0,0
1503786092,s1-eth1,6163494.00,150664.00,6314158.00,150664,6163494,4071.00,2036.00,6107.00,2036,4071,0.00,0.00,0,0
1503786092,s3,0.00,0.00,0.00,0,0,0.00,0.00,0.00,0,0,0.00,0.00,0,0
1503786092,s2-eth2,150738.00,6166522.00,6317260.00,6166522,150738,2037.00,4073.00,6110.00,4073,2037,0.00,0.00,0,0
1503786092,s2-eth1,6163494.00,150590.00,6314084.00,150590,6163494,4071.00,2035.00,6106.00,2035,4071,0.00,0.00,0,0
1503786092,lo,0.00,0.00,0.00,0,0,0.00,0.00,0.00,0,0,0.00,0.00,0,0
1503786092,s3-eth2,150738.00,6166522.00,6317260.00,6166522,150738,2037.00,4073.00,6110.00,4073,2037,0.00,0.00,0,0
1503786092,s3-eth1,6166522.00,150738.00,6317260.00,150738,6166522,4073.00,2037.00,6110.00,2037,4073,0.00,0.00,0,0
1503786092,total,18945576.00,18948530.00,37894104.00,18948530,18945576,18324.00,18325.00,36649.00,18325,18324,0.00,0.00,0,0
1503786093,s1,0.00,0.00,0.00,0,0,0.00,0.00,0.00,0,0,0.00,0.00,0,0
1503786093,eth0,0.00,0.00,0.00,0,0,0.00,0.00,0.00,0,0,0.00,0.00,0,0
1503786093,eth1,0.00,0.00,0.00,0,0,0.00,0.00,0.00,0,0,0.00,0.00,0,0
1503786093,s2,0.00,0.00,0.00,0,0,0.00,0.00,0.00,0,0,0.00,0.00,0,0
1503786093,s1-eth2,57082.92,2138339.75,2195422.75,2140478,57140,771.23,1415.58,2186.81,1417,772,0.00,0.00,0,0
1503786093,s1-eth1,2203376.75,55530.47,2258907.25,55586,2205580,1458.54,750.25,2208.79,751,1460,0.00,0.00,0,0
1503786093,s3,0.00,0.00,0.00,0,0,0.00,0.00,0.00,0,0,0.00,0.00,0,0
1503786093,s2-eth2,58487.52,2071790.25,2130277.75,2073862,58546,790.21,1371.63,2161.84,1373,791,0.00,0.00,0,0
1503786093,s2-eth1,2138339.75,57082.92,2195422.75,57140,2140478,1415.58,771.23,2186.81,772,1417,0.00,0.00,0,0
1503786093,lo,0.00,0.00,0.00,0,0,0.00,0.00,0.00,0,0,0.00,0.00,0,0
1503786093,s3-eth2,60039.96,1981041.00,2041081.00,1983022,60100,811.19,1311.69,2122.88,1313,812,0.00,0.00,0,0
1503786093,s3-eth1,2071790.25,58487.52,2130277.75,58546,2073862,1371.63,790.21,2161.84,791,1373,0.00,0.00,0,0
1503786093,total,6589117.00,6362272.00,12951389.00,6368634,6595706,6618.38,6410.59,13028.97,6417,6625,0.00,0.00,0,0
1503786094,s1,0.00,0.00,0.00,0,0,0.00,0.00,0.00,0,0,0.00,0.00,0,0
1503786094,eth0,0.00,0.00,0.00,0,0,0.00,0.00,0.00,0,0,0.00,0.00,0,0
1503786094,eth1,0.00,0.00,0.00,0,0,0.00,0.00,0.00,0,0,0.00,0.00,0,0
1503786094,s2,0.00,0.00,0.00,0,0,0.00,0.00,0.00,0,0,0.00,0.00,0,0
1503786094,s1-eth2,0.00,0.00,0.00,0,0,0.00,0.00,0.00,0,0,0.00,0.00,0,0
1503786094,s1-eth1,0.00,0.00,0.00,0,0,0.00,0.00,0.00,0,0,0.00,0.00,0,0
1503786094,s3,0.00,0.00,0.00,0,0,0.00,0.00,0.00,0,0,0.00,0.00,0,0
1503786094,s2-eth2,0.00,0.00,0.00,0,0,0.00,0.00,0.00,0,0,0.00,0.00,0,0
1503786094,s2-eth1,0.00,0.00,0.00,0,0,0.00,0.00,0.00,0,0,0.00,0.00,0,0
1503786094,lo,515.48,515.48,1030.97,516,516,8.99,8.99,17.98,9,9,0.00,0.00,0,0
1503786094,s3-eth2,0.00,0.00,0.00,0,0,0.00,0.00,0.00,0,0,0.00,0.00,0,0
1503786094,s3-eth1,0.00,0.00,0.00,0,0,0.00,0.00,0.00,0,0,0.00,0.00,0,0
1503786094,total,515.48,515.48,1030.97,516,516,8.99,8.99,17.98,9,9,0.00,0.00,0,0
1503786095,s1,0.00,0.00,0.00,0,0,0.00,0.00,0.00,0,0,0.00,0.00,0,0
1503786095,eth0,0.00,0.00,0.00,0,0,0.00,0.00,0.00,0,0,0.00,0.00,0,0
1503786095,eth1,0.00,0.00,0.00,0,0,0.00,0.00,0.00,0,0,0.00,0.00,0,0
1503786095,s2,0.00,0.00,0.00,0,0,0.00,0.00,0.00,0,0,0.00,0.00,0,0
1503786095,s1-eth2,0.00,0.00,0.00,0,0,0.00,0.00,0.00,0,0,0.00,0.00,0,0
1503786095,s1-eth1,0.00,0.00,0.00,0,0,0.00,0.00,0.00,0,0,0.00,0.00,0,0
1503786095,s3,0.00,0.00,0.00,0,0,0.00,0.00,0.00,0,0,0.00,0.00,0,0
1503786095,s2-eth2,0.00,0.00,0.00,0,0,0.00,0.00,0.00,0,0,0.00,0.00,0,0
1503786095,s2-eth1,0.00,0.00,0.00,0,0,0.00,0.00,0.00,0,0,0.00,0.00,0,0
1503786095,lo,0.00,0.00,0.00,0,0,0.00,0.00,0.00,0,0,0.00,0.00,0,0
1503786095,s3-eth2,0.00,0.00,0.00,0,0,0.00,0.00,0.00,0,0,0.00,0.00,0,0
1503786095,s3-eth1,0.00,0.00,0.00,0,0,0.00,0.00,0.00,0,0,0.00,0.00,0,0
1503786095,total,0.00,0.00,0.00,0,0,0.00,0.00,0.00,0,0,0.00,0.00,0,0
1503786096,s1,0.00,214.00,214.00,214,0,0.00,2.00,2.00,2,0,0.00,0.00,0,0
1503786096,eth0,0.00,0.00,0.00,0,0,0.00,0.00,0.00,0,0,0.00,0.00,0,0
1503786096,eth1,0.00,0.00,0.00,0,0,0.00,0.00,0.00,0,0,0.00,0.00,0,0
1503786096,s2,0.00,214.00,214.00,214,0,0.00,2.00,2.00,2,0,0.00,0.00,0,0
1503786096,s1-eth2,107.00,214.00,321.00,214,107,1.00,2.00,3.00,2,1,0.00,0.00,0,0
1503786096,s1-eth1,214.00,0.00,214.00,0,214,2.00,0.00,2.00,0,2,0.00,0.00,0,0
1503786096,s3,0.00,556.00,556.00,556,0,0.00,3.00,3.00,3,0,0.00,0.00,0,0
1503786096,s2-eth2,556.00,107.00,663.00,107,556,3.00,1.00,4.00,1,3,0.00,0.00,0,0
1503786096,s2-eth1,214.00,107.00,321.00,107,214,2.00,1.00,3.00,1,2,0.00,0.00,0,0
1503786096,lo,2156.00,2156.00,4312.00,2156,2156,21.00,21.00,42.00,21,21,0.00,0.00,0,0
1503786096,s3-eth2,556.00,0.00,556.00,0,556,3.00,0.00,3.00,0,3,0.00,0.00,0,0
1503786096,s3-eth1,107.00,556.00,663.00,556,107,1.00,3.00,4.00,3,1,0.00,0.00,0,0
1503786096,total,3910.00,4124.00,8034.00,4124,3910,33.00,35.00,68.00,35,33,0.00,0.00,0,0
1503786097,s1,0.00,0.00,0.00,0,0,0.00,0.00,0.00,0,0,0.00,0.00,0,0
1503786097,eth0,0.00,0.00,0.00,0,0,0.00,0.00,0.00,0,0,0.00,0.00,0,0
1503786097,eth1,0.00,119.88,119.88,120,0,0.00,2.00,2.00,2,0,0.00,0.00,0,0
1503786097,s2,0.00,0.00,0.00,0,0,0.00,0.00,0.00,0,0,0.00,0.00,0,0
1503786097,s1-eth2,0.00,0.00,0.00,0,0,0.00,0.00,0.00,0,0,0.00,0.00,0,0
1503786097,s1-eth1,106.89,0.00,106.89,0,107,1.00,0.00,1.00,0,1,0.00,0.00,0,0
1503786097,s3,0.00,0.00,0.00,0,0,0.00,0.00,0.00,0,0,0.00,0.00,0,0
1503786097,s2-eth2,0.00,0.00,0.00,0,0,0.00,0.00,0.00,0,0,0.00,0.00,0,0
1503786097,s2-eth1,0.00,0.00,0.00,0,0,0.00,0.00,0.00,0,0,0.00,0.00,0,0
1503786097,lo,0.00,0.00,0.00,0,0,0.00,0.00,0.00,0,0,0.00,0.00,0,0
1503786097,s3-eth2,106.89,0.00,106.89,0,107,1.00,0.00,1.00,0,1,0.00,0.00,0,0
1503786097,s3-eth1,0.00,0.00,0.00,0,0,0.00,0.00,0.00,0,0,0.00,0.00,0,0
1503786097,total,213.79,119.88,333.67,120,214,2.00,2.00,4.00,2,2,0.00,0.00,0,0
1503786098,s1,0.00,0.00,0.00,0,0,0.00,0.00,0.00,0,0,0.00,0.00,0,0
1503786098,eth0,0.00,0.00,0.00,0,0,0.00,0.00,0.00,0,0,0.00,0.00,0,0
1503786098,eth1,0.00,0.00,0.00,0,0,0.00,0.00,0.00,0,0,0.00,0.00,0,0
1503786098,s2,0.00,0.00,0.00,0,0,0.00,0.00,0.00,0,0,0.00,0.00,0,0
1503786098,s1-eth2,0.00,0.00,0.00,0,0,0.00,0.00,0.00,0,0,0.00,0.00,0,0
1503786098,s1-eth1,0.00,0.00,0.00,0,0,0.00,0.00,0.00,0,0,0.00,0.00,0,0
1503786098,s3,0.00,0.00,0.00,0,0,0.00,0.00,0.00,0,0,0.00,0.00,0,0
1503786098,s2-eth2,0.00,0.00,0.00,0,0,0.00,0.00,0.00,0,0,0.00,0.00,0,0
1503786098,s2-eth1,0.00,0.00,0.00,0,0,0.00,0.00,0.00,0,0,0.00,0.00,0,0
1503786098,lo,0.00,0.00,0.00,0,0,0.00,0.00,0.00,0,0,0.00,0.00,0,0
1503786098,s3-eth2,0.00,0.00,0.00,0,0,0.00,0.00,0.00,0,0,0.00,0.00,0,0
1503786098,s3-eth1,0.00,0.00,0.00,0,0,0.00,0.00,0.00,0,0,0.00,0.00,0,0
1503786098,total,0.00,0.00,0.00,0,0,0.00,0.00,0.00,0,0,0.00,0.00,0,0
1503786099,s1,0.00,0.00,0.00,0,0,0.00,0.00,0.00,0,0,0.00,0.00,0,0
1503786099,eth0,0.00,0.00,0.00,0,0,0.00,0.00,0.00,0,0,0.00,0.00,0,0
1503786099,eth1,0.00,0.00,0.00,0,0,0.00,0.00,0.00,0,0,0.00,0.00,0,0
1503786099,s2,0.00,342.00,342.00,342,0,0.00,1.00,1.00,1,0,0.00,0.00,0,0
1503786099,s1-eth2,342.00,0.00,342.00,0,342,1.00,0.00,1.00,0,1,0.00,0.00,0,0
1503786099,s1-eth1,0.00,0.00,0.00,0,0,0.00,0.00,0.00,0,0,0.00,0.00,0,0
1503786099,s3,0.00,342.00,342.00,342,0,0.00,1.00,1.00,1,0,0.00,0.00,0,0
1503786099,s2-eth2,342.00,0.00,342.00,0,342,1.00,0.00,1.00,0,1,0.00,0.00,0,0
1503786099,s2-eth1,0.00,342.00,342.00,342,0,0.00,1.00,1.00,1,0,0.00,0.00,0,0
1503786099,lo,652.00,652.00,1304.00,652,652,6.00,6.00,12.00,6,6,0.00,0.00,0,0
1503786099,s3-eth2,342.00,0.00,342.00,0,342,1.00,0.00,1.00,0,1,0.00,0.00,0,0
1503786099,s3-eth1,0.00,342.00,342.00,342,0,0.00,1.00,1.00,1,0,0.00,0.00,0,0
1503786099,total,1678.00,2020.00,3698.00,2020,1678,9.00,10.00,19.00,10,9,0.00,0.00,0,0
1503786100,s1,0.00,0.00,0.00,0,0,0.00,0.00,0.00,0,0,0.00,0.00,0,0
1503786100,eth0,0.00,0.00,0.00,0,0,0.00,0.00,0.00,0,0,0.00,0.00,0,0
1503786100,eth1,0.00,0.00,0.00,0,0,0.00,0.00,0.00,0,0,0.00,0.00,0,0
1503786100,s2,0.00,0.00,0.00,0,0,0.00,0.00,0.00,0,0,0.00,0.00,0,0
1503786100,s1-eth2,0.00,0.00,0.00,0,0,0.00,0.00,0.00,0,0,0.00,0.00,0,0
1503786100,s1-eth1,0.00,0.00,0.00,0,0,0.00,0.00,0.00,0,0,0.00,0.00,0,0
1503786100,s3,0.00,0.00,0.00,0,0,0.00,0.00,0.00,0,0,0.00,0.00,0,0
1503786100,s2-eth2,0.00,0.00,0.00,0,0,0.00,0.00,0.00,0,0,0.00,0.00,0,0
1503786100,s2-eth1,0.00,0.00,0.00,0,0,0.00,0.00,0.00,0,0,0.00,0.00,0,0
1503786100,lo,0.00,0.00,0.00,0,0,0.00,0.00,0.00,0,0,0.00,0.00,0,0
1503786100,s3-eth2,0.00,0.00,0.00,0,0,0.00,0.00,0.00,0,0,0.00,0.00,0,0
1503786100,s3-eth1,0.00,0.00,0.00,0,0,0.00,0.00,0.00,0,0,0.00,0.00,0,0
1503786100,total,0.00,0.00,0.00,0,0,0.00,0.00,0.00,0,0,0.00,0.00,0,0
1503786101,s1,0.00,0.00,0.00,0,0,0.00,0.00,0.00,0,0,0.00,0.00,0,0
1503786101,eth0,0.00,0.00,0.00,0,0,0.00,0.00,0.00,0,0,0.00,0.00,0,0
1503786101,eth1,0.00,0.00,0.00,0,0,0.00,0.00,0.00,0,0,0.00,0.00,0,0
1503786101,s2,0.00,0.00,0.00,0,0,0.00,0.00,0.00,0,0,0.00,0.00,0,0
1503786101,s1-eth2,0.00,0.00,0.00,0,0,0.00,0.00,0.00,0,0,0.00,0.00,0,0
1503786101,s1-eth1,341.66,0.00,341.66,0,342,1.00,0.00,1.00,0,1,0.00,0.00,0,0
1503786101,s3,0.00,0.00,0.00,0,0,0.00,0.00,0.00,0,0,0.00,0.00,0,0
1503786101,s2-eth2,0.00,0.00,0.00,0,0,0.00,0.00,0.00,0,0,0.00,0.00,0,0
1503786101,s2-eth1,0.00,0.00,0.00,0,0,0.00,0.00,0.00,0,0,0.00,0.00,0,0
1503786101,lo,171.83,171.83,343.66,172,172,3.00,3.00,5.99,3,3,0.00,0.00,0,0
1503786101,s3-eth2,0.00,0.00,0.00,0,0,0.00,0.00,0.00,0,0,0.00,0.00,0,0
1503786101,s3-eth1,0.00,0.00,0.00,0,0,0.00,0.00,0.00,0,0,0.00,0.00,0,0
1503786101,total,513.49,171.83,685.31,172,514,4.00,3.00,6.99,3,4,0.00,0.00,0,0
1503786102,s1,0.00,341.66,341.66,342,0,0.00,1.00,1.00,1,0,0.00