1508202894,s1,0.00,0.00,0.00,0,0,0.00,0.00,0.00,0,0,0.00,0.00,0,0
1508202894,eth0,0.00,0.00,0.00,0,0,0.00,0.00,0.00,0,0,0.00,0.00,0,0
1508202894,s2,0.00,0.00,0.00,0,0,0.00,0.00,0.00,0,0,0.00,0.00,0,0
1508202894,s1-eth2,0.00,0.00,0.00,0,0,0.00,0.00,0.00,0,0,0.00,0.00,0,0
1508202894,s1-eth1,0.00,0.00,0.00,0,0,0.00,0.00,0.00,0,0,0.00,0.00,0,0
1508202894,s2-eth2,0.00,0.00,0.00,0,0,0.00,0.00,0.00,0,0,0.00,0.00,0,0
1508202894,s2-eth1,0.00,0.00,0.00,0,0,0.00,0.00,0.00,0,0,0.00,0.00,0,0
1508202894,lo,0.00,0.00,0.00,0,0,0.00,0.00,0.00,0,0,0.00,0.00,0,0
1508202894,total,0.00,0.00,0.00,0,0,0.00,0.00,0.00,0,0,0.00,0.00,0,0
1508202895,s1,0.00,42.00,42.00,42,0,0.00,1.00,1.00,1,0,0.00,0.00,0,0
1508202895,eth0,0.00,0.00,0.00,0,0,0.00,0.00,0.00,0,0,0.00,0.00,0,0
1508202895,s2,0.00,42.00,42.00,42,0,0.00,1.00,1.00,1,0,0.00,0.00,0,0
1508202895,s1-eth2,12130.00,255908.00,268038.00,255908,12130,157.00,170.00,327.00,170,157,0.00,0.00,0,0
1508202895,s1-eth1,249852.00,12130.00,261982.00,12130,249852,166.00,157.00,323.00,157,166,0.00,0.00,0,0
1508202895,s2-eth2,9082.00,240768.00,249850.00,240768,9082,107.00,160.00,267.00,160,107,0.00,0.00,0,0
1508202895,s2-eth1,208974.00,9082.00,218056.00,9082,208974,139.00,107.00,246.00,107,139,0.00,0.00,0,0
1508202895,lo,480.00,480.00,960.00,480,480,6.00,6.00,12.00,6,6,0.00,0.00,0,0
1508202895,total,480518.00,518452.00,998970.00,518452,480518,575.00,602.00,1177.00,602,575,0.00,0.00,0,0
1508202896,s1,0.00,42.00,42.00,42,0,0.00,1.00,1.00,1,0,0.00,0.00,0,0
1508202896,eth0,0.00,0.00,0.00,0,0,0.00,0.00,0.00,0,0,0.00,0.00,0,0
1508202896,s2,0.00,42.00,42.00,42,0,0.00,1.00,1.00,1,0,0.00,0.00,0,0
1508202896,s1-eth2,11980.00,258936.00,270916.00,258936,11980,158.00,172.00,330.00,172,158,0.00,0.00,0,0
1508202896,s1-eth1,249852.00,11980.00,261832.00,11980,249852,166.00,158.00,324.00,158,166,0.00,0.00,0,0
1508202896,s2-eth2,11938.00,243796.00,255734.00,243796,11938,147.00,162.00,309.00,162,147,0.00,0.00,0,0
1508202896,s2-eth1,249852.00,11938.00,261790.00,11938,249852,166.00,147.00,313.00,147,166,0.00,0.00,0,0
1508202896,lo,480.00,480.00,960.00,480,480,6.00,6.00,12.00,6,6,0.00,0.00,0,0
1508202896,total,524102.00,527214.00,1051316.00,527214,524102,643.00,647.00,1290.00,647,643,0.00,0.00,0,0
1508202897,s1,0.00,42.00,42.00,42,0,0.00,1.00,1.00,1,0,0.00,0.00,0,0
1508202897,eth0,0.00,0.00,0.00,0,0,0.00,0.00,0.00,0,0,0.00,0.00,0,0
1508202897,s2,0.00,42.00,42.00,42,0,0.00,1.00,1.00,1,0,0.00,0.00,0,0
1508202897,s1-eth2,12476.00,254394.00,266870.00,254394,12476,160.00,169.00,329.00,169,160,0.00,0.00,0,0
1508202897,s1-eth1,249852.00,12550.00,262402.00,12550,249852,166.00,161.00,327.00,161,166,0.00,0.00,0,0
1508202897,s2-eth2,10110.00,212002.00,222112.00,212002,10110,123.00,141.00,264.00,141,123,0.00,0.00,0,0
1508202897,s2-eth1,224114.00,10110.00,234224.00,10110,224114,149.00,123.00,272.00,123,149,0.00,0.00,0,0
1508202897,lo,480.00,480.00,960.00,480,480,6.00,6.00,12.00,6,6,0.00,0.00,0,0
1508202897,total,497032.00,489620.00,986652.00,489620,497032,604.00,602.00,1206.00,602,604,0.00,0.00,0,0
1508202898,s1,0.00,42.00,42.00,42,0,0.00,1.00,1.00,1,0,0.00,0.00,0,0
1508202898,eth0,0.00,0.00,0.00,0,0,0.00,0.00,0.00,0,0,0.00,0.00,0,0
1508202898,s2,0.00,42.00,42.00,42,0,0.00,1.00,1.00,1,0,0.00,0.00,0,0
1508202898,s1-eth2,12162.00,255908.00,268070.00,255908,12162,159.00,170.00,329.00,170,159,0.00,0.00,0,0
1508202898,s1-eth1,245310.00,12088.00,257398.00,12088,245310,163.00,158.00,321.00,158,163,0.00,0.00,0,0
1508202898,s2-eth2,6214.00,192320.00,198534.00,192320,6214,79.00,128.00,207.00,128,79,0.00,0.00,0,0
1508202898,s2-eth1,196862.00,6214.00,203076.00,6214,196862,131.00,79.00,210.00,79,131,0.00,0.00,0,0
1508202898,lo,480.00,480.00,960.00,480,480,6.00,6.00,12.00,6,6,0.00,0.00,0,0
1508202898,total,461028.00,467094.00,928122.00,467094,461028,538.00,543.00,1081.00,543,538,0.00,0.00,0,0
1508202899,s1,0.00,42.00,42.00,42,0,0.00,1.00,1.00,1,0,0.00,0.00,0,0
1508202899,eth0,0.00,0.00,0.00,0,0,0.00,0.00,0.00,0,0,0.00,0.00,0,0
1508202899,s2,0.00,42.00,42.00,42,0,0.00,1.00,1.00,1,0,0.00,0.00,0,0
1508202899,s1-eth2,12068.00,258936.00,271004.00,258936,12068,160.00,172.00,332.00,172,160,0.00,0.00,0,0
1508202899,s1-eth1,249852.00,12068.00,261920.00,12068,249852,166.00,160.00,326.00,160,166,0.00,0.00,0,0
1508202899,s2-eth2,6722.00,152956.00,159678.00,152956,6722,85.00,102.00,187.00,102,85,0.00,0.00,0,0
1508202899,s2-eth1,148521.00,6722.00,155243.00,6722,148521,100.00,85.00,185.00,85,100,0.00,0.00,0,0
1508202899,lo,480.00,480.00,960.00,480,480,6.00,6.00,12.00,6,6,0.00,0.00,0,0
1508202899,total,417643.00,431246.00,848889.00,431246,417643,517.00,527.00,1044.00,527,517,0.00,0.00,0,0
1508202900,s1,0.00,0.00,0.00,0,0,0.00,0.00,0.00,0,0,0.00,0.00,0,0
1508202900,eth0,0.00,0.00,0.00,0,0,0.00,0.00,0.00,0,0,0.00,0.00,0,0
1508202900,s2,0.00,0.00,0.00,0,0,0.00,0.00,0.00,0,0,0.00,0.00,0,0
1508202900,s1-eth2,12497.00,252838.00,265335.00,252838,12497,160.00,167.00,327.00,167,160,0.00,0.00,0,0
1508202900,s1-eth1,249917.00,12476.00,262393.00,12476,249917,166.00,160.00,326.00,160,166,0.00,0.00,0,0
1508202900,s2-eth2,5583.00,155942.00,161525.00,155942,5583,75.00,103.00,178.00,103,75,0.00,0.00,0,0
1508202900,s2-eth1,154770.00,5476.00,160246.00,5476,154770,103.00,74.00,177.00,74,103,0.00,0.00,0,0
1508202900,lo,0.00,0.00,0.00,0,0,0.00,0.00,0.00,0,0,0.00,0.00,0,0
1508202900,total,422767.00,426732.00,849499.00,426732,422767,504.00,504.00,1008.00,504,504,0.00,0.00,0,0
1508202901,s1,0.00,0.00,0.00,0,0,0.00,0.00,0.00,0,0,0.00,0.00,0,0
1508202901,eth0,0.00,0.00,0.00,0,0,0.00,0.00,0.00,0,0,0.00,0.00,0,0
1508202901,s2,0.00,0.00,0.00,0,0,0.00,0.00,0.00,0,0,0.00,0.00,0,0
1508202901,s1-eth2,12132.00,260408.00,272540.00,260408,12132,162.00,172.00,334.00,172,162,0.00,0.00,0,0
1508202901,s1-eth1,251324.00,12046.00,263370.00,12046,251324,166.00,161.00,327.00,161,166,0.00,0.00,0,0
1508202901,s2-eth2,6178.00,143830.00,150008.00,143830,6178,77.00,95.00,172.00,95,77,0.00,0.00,0,0
1508202901,s2-eth1,142316.00,6178.00,148494.00,6178,142316,94.00,77.00,171.00,77,94,0.00,0.00,0,0
1508202901,lo,0.00,0.00,0.00,0,0,0.00,0.00,0.00,0,0,0.00,0.00,0,0
1508202901,total,411950.00,422462.00,834412.00,422462,411950,499.00,505.00,1004.00,505,499,0.00,0.00,0,0
1508202902,s1,0.00,0.00,0.00,0,0,0.00,0.00,0.00,0,0,0.00,0.00,0,0
1508202902,eth0,0.00,0.00,0.00,0,0,0.00,0.00,0.00,0,0,0.00,0.00,0,0
1508202902,s2,0.00,0.00,0.00,0,0,0.00,0.00,0.00,0,0,0.00,0.00,0,0
1508202902,s1-eth2,12368.00,249810.00,262178.00,249810,12368,160.00,165.00,325.00,165,160,0.00,0.00,0,0
1508202902,s1-eth1,250152.00,12368.00,262520.00,12368,250152,166.00,160.00,326.00,160,166,0.00,0.00,0,0
1508202902,s2-eth2,3272.00,59046.00,62318.00,59046,3272,40.00,39.00,79.00,39,40,0.00,0.00,0,0
1508202902,s2-eth1,60560.00,3272.00,63832.00,3272,60560,40.00,40.00,80.00,40,40,0.00,0.00,0,0
1508202902,lo,0.00,0.00,0.00,0,0,0.00,0.00,0.00,0,0,0.00,0.00,0,0
1508202902,total,326352.00,324496.00,650848.00,324496,326352,406.00,404.00,810.00,404,406,0.00,0.00,0,0
1508202903,s1,0.00,0.00,0.00,0,0,0.00,0.00,0.00,0,0,0.00,0.00,0,0
1508202903,eth0,0.00,0.00,0.00,0,0,0.00,0.00,0.00,0,0,0.00,0.00,0,0
1508202903,s2,0.00,0.00,0.00,0,0,0.00,0.00,0.00,0,0,0.00,0.00,0,0
1508202903,s1-eth2,12300.00,255866.00,268166.00,255866,12300,162.00,169.00,331.00,169,162,0.00,0.00,0,0
1508202903,s1-eth1,249810.00,12300.00,262110.00,12300,249810,165.00,162.00,327.00,162,165,0.00,0.00,0,0
1508202903,s2-eth2,2884.00,63588.00,66472.00,63588,2884,38.00,42.00,80.00,42,38,0.00,0.00,0,0
1508202903,s2-eth1,62074.00,2884.00,64958.00,2884,62074,41.00,38.00,79.00,38,41,0.00,0.00,0,0
1508202903,lo,344.00,344.00,688.00,344,344,6.00,6.00,12.00,6,6,0.00,0.00,0,0
1508202903,total,327412.00,334982.00,662394.00,334982,327412,412.00,417.00,829.00,417,412,0.00,0.00,0,0
1508202904,s1,0.00,0.00,0.00,0,0,0.00,0.00,0.00,0,0,0.00,0.00,0,0
1508202904,eth0,0.00,0.00,0.00,0,0,0.00,0.00,0.00,0,0,0.00,0.00,0,0
1508202904,s2,0.00,0.00,0.00,0,0,0.00,0.00,0.00,0,0,0.00,0.00,0,0
1508202904,s1-eth2,12184.00,255866.00,268050.00,255866,12184,158.00,169.00,327.00,169,158,0.00,0.00,0,0
1508202904,s1-eth1,249810.00,12184.00,261994.00,12184,249810,165.00,158.00,323.00,158,165,0.00,0.00,0,0
1508202904,s2-eth2,2296.00,48490.00,50786.00,48490,2296,30.00,33.00,63.00,33,30,0.00,0.00,0,0
1508202904,s2-eth1,46976.00,2296.00,49272.00,2296,46976,32.00,30.00,62.00,30,32,0.00,0.00,0,0
1508202904,lo,592.00,592.00,1184.00,592,592,6.00,6.00,12.00,6,6,0.00,0.00,0,0
1508202904,total,311858.00,319428.00,631286.00,319428,311858,391.00,396.00,787.00,396,391,0.00,0.00,0,0
1508202905,s1,0.00,0.00,0.00,0,0,0.00,0.00,0.00,0,0,0.00,0.00,0,0
1508202905,eth0,0.00,0.00,0.00,0,0,0.00,0.00,0.00,0,0,0.00,0.00,0,0
1508202905,s2,0.00,0.00,0.00,0,0,0.00,0.00,0.00,0,0,0.00,0.00,0,0
1508202905,s1-eth2,12407.59,258635.38,271042.97,258894,12420,159.84,170.83,330.67,171,160,0.00,0.00,0,0
1508202905,s1-eth1,249560.45,12065.93,261626.38,12078,249810,164.84,158.84,323.68,159,165,0.00,0.00,0,0
1508202905,s2-eth2,2535.46,58987.02,61522.48,59046,2538,32.97,38.96,71.93,39,33,0.00,0.00,0,0
1508202905,s2-eth1,49912.09,2535.46,52447.55,2538,49962,32.97,32.97,65.93,33,33,0.00,0.00,0,0
1508202905,lo,0.00,0.00,0.00,0,0,0.00,0.00,0.00,0,0,0.00,0.00,0,0
1508202905,total,314415.59,332223.78,646639.38,332556,314730,390.61,401.60,792.21,402,391,0.00,0.00,0,0
1508202906,s1,0.00,0.00,0.00,0,0,0.00,0.00,0.00,0,0,0.00,0.00,0,0
1508202906,eth0,0.00,0.00,0.00,0,0,0.00,0.00,0.00,0,0,0.00,0.00,0,0
1508202906,s2,0.00,0.00,0.00,0,0,0.00,0.00,0.00,0,0,0.00,0.00,0,0
1508202906,s1-eth2,12625.38,252585.42,265210.78,252838,12638,162.84,166.83,329.67,167,163,0.00,0.00,0,0
1508202906,s1-eth1,251072.94,12625.38,263698.31,12638,251324,165.83,162.84,328.67,163,166,0.00,0.00,0,0
1508202906,s2-eth2,2365.63,66549.45,68915.09,66616,2368,31.97,43.96,75.92,44,32,0.00,0.00,0,0
1508202906,s2-eth1,72599.41,2439.56,75038.96,2442,72672,47.95,32.97,80.92,33,48,0.00,0.00,0,0
1508202906,lo,0.00,0.00,0.00,0,0,0.00,0.00,0.00,0,0,0.00,0.00,0,0
1508202906,total,338663.34,334199.81,672863.12,334534,339002,408.59,406.59,815.18,407,409,0.00,0.00,0,0
1508202907,s1,0.00,0.00,0.00,0,0,0.00,0.00,0.00,0,0,0.00,0.00,0,0
1508202907,eth0,0.00,0.00,0.00,0,0,0.00,0.00,0.00,0,0,0.00,0.00,0,0
1508202907,s2,0.00,0.00,0.00,0,0,0.00,0.00,0.00,0,0,0.00,0.00,0,0
1508202907,s1-eth2,11856.00,258894.00,270750.00,258894,11856,156.00,171.00,327.00,171,156,0.00,0.00,0,0
1508202907,s1-eth1,249810.00,11856.00,261666.00,11856,249810,165.00,156.00,321.00,156,165,0.00,0.00,0,0
1508202907,s2-eth2,3198.00,56018.00,59216.00,56018,3198,37.00,37.00,74.00,37,37,0.00,0.00,0,0
1508202907,s2-eth1,49962.00,2782.00,52744.00,2782,49962,33.00,35.00,68.00,35,33,0.00,0.00,0,0
1508202907,lo,0.00,0.00,0.00,0,0,0.00,0.00,0.00,0,0,0.00,0.00,0,0
1508202907,total,314826.00,329550.00,644376.00,329550,314826,391.00,399.00,790.00,399,391,0.00,0.00,0,0
1508202908,s1,0.00,0.00,0.00,0,0,0.00,0.00,0.00,0,0,0.00,0.00,0,0
1508202908,eth0,0.00,0.00,0.00,0,0,0.00,0.00,0.00,0,0,0.00,0.00,0,0
1508202908,s2,0.00,0.00,0.00,0,0,0.00,0.00,0.00,0,0,0.00,0.00,0,0
1508202908,s1-eth2,12528.00,257380.00,269908.00,257380,12528,162.00,170.00,332.00,170,162,0.00,0.00,0,0
1508202908,s1-eth1,249810.00,12528.00,262338.00,12528,249810,165.00,162.00,327.00,162,165,0.00,0.00,0,0
1508202908,s2-eth2,2464.00,51476.00,53940.00,51476,2464,32.00,34.00,66.00,34,32,0.00,0.00,0,0
1508202908,s2-eth1,57532.00,2464.00,59996.00,2464,57532,38.00,32.00,70.00,32,38,0.00,0.00,0,0
1508202908,lo,172.00,172.00,344.00,172,172,3.00,3.00,6.00,3,3,0.00,0.00,0,0
1508202908,total,322506.00,324020.00,646526.00,324020,322506,400.00,401.00,801.00,401,400,0.00,0.00,0,0
1508202909,s1,0.00,0.00,0.00,0,0,0.00,0.00,0.00,0,0,0.00,0.00,0,0
1508202909,eth0,0.00,0.00,0.00,0,0,0.00,0.00,0.00,0,0,0.00,0.00,0,0
1508202909,s2,0.00,0.00,0.00,0,0,0.00,0.00,0.00,0,0,0.00,0.00,0,0
1508202909,s1-eth2,11702.00,258894.00,270596.00,258894,11702,155.00,171.00,326.00,171,155,0.00,0.00,0,0
1508202909,s1-eth1,249810.00,11702.00,261512.00,11702,249810,165.00,155.00,320.00,155,165,0.00,0.00,0,0
1508202909,s2-eth2,2574.00,56018.00,58592.00,56018,2574,33.00,37.00,70.00,37,33,0.00,0.00,0,0
1508202909,s2-eth1,46934.00,2648.00,49582.00,2648,46934,31.00,34.00,65.00,34,31,0.00,0.00,0,0
1508202909,lo,172.00,172.00,344.00,172,172,3.00,3.00,6.00,3,3,0.00,0.00,0,0
1508202909,total,311192.00,329434.00,640626.00,329434,311192,387.00,400.00,787.00,400,387,0.00,0.00,0,0
1508202910,s1,0.00,0.00,0.00,0,0,0.00,0.00,0.00,0,0,0.00,0.00,0,0
1508202910,eth0,0.00,86.00,86.00,86,0,0.00,1.00,1.00,1,0,0.00,0.00,0,0
1508202910,s2,0.00,0.00,0.00,0,0,0.00,0.00,0.00,0,0,0.00,0.00,0,0
1508202910,s1-eth2,12272.00,254352.00,266624.00,254352,12272,160.00,168.00,328.00,168,160,0.00,0.00,0,0
1508202910,s1-eth1,249810.00,12272.00,262082.00,12272,249810,165.00,160.00,325.00,160,165,0.00,0.00,0,0
1508202910,s2-eth2,2760.00,57532.00,60292.00,57532,2760,36.00,38.00,74.00,38,36,0.00,0.00,0,0
1508202910,s2-eth1,56360.00,2686.00,59046.00,2686,56360,38.00,35.00,73.00,35,38,0.00,0.00,0,0
1508202910,lo,0.00,0.00,0.00,0,0,0.00,0.00,0.00,0,0,0.00,0.00,0,0
1508202910,total,321202.00,326928.00,648130.00,326928,321202,399.00,402.00,801.00,402,399,0.00,0.00,0,0
1508202911,s1,0.00,0.00,0.00,0,0,0.00,0.00,0.00,0,0,0.00,0.00,0,0
1508202911,eth0,0.00,0.00,0.00,0,0,0.00,0.00,0.00,0,0,0.00,0.00,0,0
1508202911,s2,0.00,0.00,0.00,0,0,0.00,0.00,0.00,0,0,0.00,0.00,0,0
1508202911,s1-eth2,12210.00,257380.00,269590.00,257380,12210,159.00,170.00,329.00,170,159,0.00,0.00,0,0
1508202911,s1-eth1,249810.00,12210.00,262020.00,12210,249810,165.00,159.00,324.00,159,165,0.00,0.00,0,0
1508202911,s2-eth2,2526.00,57532.00,60058.00,57532,2526,33.00,38.00,71.00,38,33,0.00,0.00,0,0
1508202911,s2-eth1,57532.00,2526.00,60058.00,2526,57532,38.00,33.00,71.00,33,38,0.00,0.00,0,0
1508202911,lo,0.00,0.00,0.00,0,0,0.00,0.00,0.00,0,0,0.00,0.00,0,0
1508202911,total,322078.00,329648.00,651726.00,329648,322078,395.00,400.00,795.00,400,395,0.00,0.00,0,0
1508202912,s1,0.00,0.00,0.00,0,0,0.00,0.00,0.00,0,0,0.00,0.00,0,0
1508202912,eth0,0.00,0.00,0.00,0,0,0.00,0.00,0.00,0,0,0.00,0.00,0,0
1508202912,s2,0.00,0.00,0.00,0,0,0.00,0.00,0.00,0,0,0.00,0.00,0,0
1508202912,s1-eth2,12310.00,255866.00,268176.00,255866,12310,161.00,169.00,330.00,169,161,0.00,0.00,0,0
1508202912,s1-eth1,249810.00,12310.00,262120.00,12310,249810,165.00,161.00,326.00,161,165,0.00,0.00,0,0
1508202912,s2-eth2,2368.00,69644.00,72012.00,69644,2368,32.00,46.00,78.00,46,32,0.00,0.00,0,0
1508202912,s2-eth1,65102.00,2368.00,67470.00,2368,65102,43.00,32.00,75.00,32,43,0.00,0.00,0,0
1508202912,lo,0.00,0.00,0.00,0,0,0.00,0.00,0.00,0,0,0.00,0.00,0,0
1508202912,total,329590.00,340188.00,669778.00,340188,329590,401.00,408.00,809.00,408,401,0.00,0.00,0,0
1508202913,s1,0.00,0.00,0.00,0,0,0.00,0.00,0.00,0,0,0.00,0.00,0,0
1508202913,eth0,0.00,0.00,0.00,0,0,0.00,0.00,0.00,0,0,0.00,0.00,0,0
1508202913,s2,0.00,0.00,0.00,0,0,0.00,0.00,0.00,0,0,0.00,0.00,0,0
1508202913,s1-eth2,11896.00,260408.00,272304.00,260408,11896,156.00,172.00,328.00,172,156,0.00,0.00,0,0
1508202913,s1-eth1,249810.00,11896.00,261706.00,11896,249810,165.00,156.00,321.00,156,165,0.00,0.00,0,0
1508202913,s2-eth2,3182.00,84784.00,87966.00,84784,3182,43.00,56.00,99.00,56,43,0.00,0.00,0,0
1508202913,s2-eth1,89326.00,3182.00,92508.00,3182,89326,59.00,43.00,102.00,43,59,0.00,0.00,0,0
1508202913,lo,172.00,172.00,344.00,172,172,3.00,3.00,6.00,3,3,0.00,0.00,0,0
1508202913,total,354386.00,360442.00,714828.00,360442,354386,426.00,430.00,856.00,430,426,0.00,0.00,0,0
1508202914,s1,0.00,0.00,0.00,0,0,0.00,0.00,0.00,0,0,0.00,0.00,0,0
1508202914,eth0,0.00,0.00,0.00,0,0,0.00,0.00,0.00,0,0,0.00,0.00,0,0
1508202914,s2,0.00,0.00,0.00,0,0,0.00,0.00,0.00,0,0,0.00,0.00,0,0
1508202914,s1-eth2,12440.00,252838.00,265278.00,252838,12440,160.00,167.00,327.00,167,160,0.00,0.00,0,0
1508202914,s1-eth1,249810.00,12440.00,262250.00,12440,249810,165.00,160.00,325.00,160,165,0.00,0.00,0,0
1508202914,s2-eth2,4440.00,119606.00,124046.00,119606,4440,60.00,79.00,139.00,79,60,0.00,0.00,0,0
1508202914,s2-eth1,107494.00,4440.00,111934.00,4440,107494,71.00,60.00,131.00,60,71,0.00,0.00,0,0
1508202914,lo,172.00,172.00,344.00,172,172,3.00,3.00,6.00,3,3,0.00,0.00,0,0
1508202914,total,374356.00,389496.00,763852.00,389496,374356,459.00,469.00,928.00,469,459,0.00,0.00,0,0
1508202915,s1,0.00,0.00,0.00,0,0,0.00,0.00,0.00,0,0,0.00,0.00,0,0
1508202915,eth0,0.00,0.00,0.00,0,0,0.00,0.00,0.00,0,0,0.00,0.00,0,0
1508202915,s2,0.00,0.00,0.00,0,0,0.00,0.00,0.00,0,0,0.00,0.00,0,0
1508202915,s1-eth2,12273.73,260147.86,272421.59,260408,12286,158.84,171.83,330.67,172,159,0.00,0.00,0,0
1508202915,s1-eth1,248047.95,12347.65,260395.61,12360,248296,163.84,159.84,323.68,160,164,0.00,0.00,0,0
1508202915,s2-eth2,5540.46,117974.03,123514.49,118092,5546,70.93,77.92,148.85,78,71,0.00,0.00,0,0
1508202915,s2-eth1,128668.34,5540.46,134208.80,5546,128797,85.91,70.93,156.84,71,86,0.00,0.00,0,0
1508202915,lo,0.00,0.00,0.00,0,0,0.00,0.00,0.00,0,0,0.00,0.00,0,0
1508202915,total,394530.47,396010.00,790540.50,396406,394925,479.52,480.52,960.04,481,480,0.00,0.00,0,0
1508202916,s1,0.00,0.00,0.00,0,0,0.00,0.00,0.00,0,0,0.00,0.00,0,0
1508202916,eth0,0.00,0.00,0.00,0,0,0.00,0.00,0.00,0,0,0.00,0.00,0,0
1508202916,s2,0.00,0.00,0.00,0,0,0.00,0.00,0.00,0,0,0.00,0.00,0,0
1508202916,s1-eth2,12749.00,261922.00,274671.00,261922,12749,160.00,173.00,333.00,173,160,0.00,0.00,0,0
1508202916,s1-eth1,249917.00,12226.00,262143.00,12226,249917,166.00,157.00,323.00,157,166,0.00,0.00,0,0
1508202916,s2-eth2,4177.00,145344.00,149521.00,145344,4177,56.00,96.00,152.00,96,56,0.00,0.00,0,0
1508202916,s2-eth1,134746.00,4070.00,138816.00,4070,134746,89.00,55.00,144.00,55,89,0.00,0.00,0,0
1508202916,lo,0.00,0.00,0.00,0,0,0.00,0.00,0.00,0,0,0.00,0.00,0,0
1508202916,total,401589.00,423562.00,825151.00,423562,401589,471.00,481.00,952.00,481,471,0.00,0.00,0,0
1508202917,s1,0.00,0.00,0.00,0,0,0.00,0.00,0.00,0,0,0.00,0.00,0,0
1508202917,eth0,0.00,0.00,0.00,0,0,0.00,0.00,0.00,0,0,0.00,0.00,0,0
1508202917,s2,0.00,0.00,0.00,0,0,0.00,0.00,0.00,0,0,0.00,0.00,0,0
1508202917,s1-eth2,11970.00,261922.00,273892.00,261922,11970,157.00,173.00,330.00,173,157,0.00,0.00,0,0
1508202917,s1-eth1,249810.00,11970.00,261780.00,11970,249810,165.00,157.00,322.00,157,165,0.00,0.00,0,0
1508202917,s2-eth2,3330.00,137774.00,141104.00,137774,3330,45.00,91.00,136.00,91,45,0.00,0.00,0,0
1508202917,s2-eth1,140802.00,3478.00,144280.00,3478,140802,93.00,47.00,140.00,47,93,0.00,0.00,0,0
1508202917,lo,0.00,0.00,0.00,0,0,0.00,0.00,0.00,0,0,0.00,0.00,0,0
1508202917,total,405912.00,415144.00,821056.00,415144,405912,460.00,468.00,928.00,468,460,0.00,0.00,0,0
1508202918,s1,0.00,0.00,0.00,0,0,0.00,0.00,0.00,0,0,0.00,0.00,0,0
1508202918,eth0,0.00,59.94,59.94,60,0,0.00,1.00,1.00,1,0,0.00,0.00,0,0
1508202918,s2,0.00,0.00,0.00,0,0,0.00,0.00,0.00,0,0,0.00,0.00,0,0
1508202918,s1-eth2,12293.71,257122.89,269416.59,257380,12306,158.84,169.83,328.67,170,159,0.00,0.00,0,0
1508202918,s1-eth1,251072.94,12367.63,263440.56,12380,251324,165.83,159.84,325.67,160,166,0.00,0.00,0,0
1508202918,s2-eth2,5526.47,140661.34,146187.81,140802,5532,71.93,92.91,164.84,93,72,0.00,0.00,0,0
1508202918,s2-eth1,140661.34,5378.62,146039.97,5384,140802,92.91,69.93,162.84,70,93,0.00,0.00,0,0
1508202918,lo,171.83,171.83,343.66,172,172,3.00,3.00,5.99,3,3,0.00,0.00,0,0
1508202918,total,409726.28,415762.25,825488.56,416178,410136,492.51,496.50,989.01,497,493,0.00,0.00,0,0
1508202919,s1,0.00,0.00,0.00,0,0,0.00,0.00,0.00,0,0,0.00,0.00,0,0
1508202919,eth0,60.00,0.00,60.00,0,60,1.00,0.00,1.00,0,1,0.00,0.00,0,0
1508202919,s2,0.00,0.00,0.00,0,0,0.00,0.00,0.00,0,0,0.00,0.00,0,0
1508202919,s1-eth2,8626.00,186222.00,194848.00,186222,8626,113.00,123.00,236.00,123,113,0.00,0.00,0,0
1508202919,s1-eth1,180166.00,8638.00,188804.00,8638,180166,119.00,113.00,232.00,113,119,0.00,0.00,0,0
1508202919,s2-eth2,4588.00,146858.00,151446.00,146858,4588,62.00,97.00,159.00,97,62,0.00,0.00,0,0
1508202919,s2-eth1,146858.00,4588.00,151446.00,4588,146858,97.00,62.00,159.00,62,97,0.00,0.00,0,0
1508202919,lo,172.00,172.00,344.00,172,172,3.00,3.00,6.00,3,3,0.00,0.00,0,0
1508202919,total,340470.00,346478.00,686948.00,346478,340470,395.00,398.00,793.00,398,395,0.00,0.00,0,0
1508202920,s1,0.00,0.00,0.00,0,0,0.00,0.00,0.00,0,0,0.00,0.00,0,0
1508202920,eth0,0.00,0.00,0.00,0,0,0.00,0.00,0.00,0,0,0.00,0.00,0,0
1508202920,s2,0.00,0.00,0.00,0,0,0.00,0.00,0.00,0,0,0.00,0.00,0,0
1508202920,s1-eth2,12522.00,258894.00,271416.00,258894,12522,165.00,171.00,336.00,171,165,0.00,0.00,0,0
1508202920,s1-eth1,249810.00,12436.00,262246.00,12436,249810,165.00,164.00,329.00,164,165,0.00,0.00,0,0
1508202920,s2-eth2,5330.00,130204.00,135534.00,130204,5330,67.00,86.00,153.00,86,67,0.00,0.00,0,0
1508202920,s2-eth1,125662.00,5330.00,130992.00,5330,125662,83.00,67.00,150.00,67,83,0.00,0.00,0,0
1508202920,lo,0.00,0.00,0.00,0,0,0.00,0.00,0.00,0,0,0.00,0.00,0,0
1508202920,total,393324.00,406864.00,800188.00,406864,393324,480.00,488.00,968.00,488,480,0.00,0.00,0,0
1508202921,s1,0.00,0.00,0.00,0,0,0.00,0.00,0.00,0,0,0.00,0.00,0,0
1508202921,eth0,0.00,60.00,60.00,60,0,0.00,1.00,1.00,1,0,0.00,0.00,0,0
1508202921,s2,0.00,0.00,0.00,0,0,0.00,0.00,0.00,0,0,0.00,0.00,0,0
1508202921,s1-eth2,12536.00,251324.00,263860.00,251324,12536,160.00,166.00,326.00,166,160,0.00,0.00,0,0
1508202921,s1-eth1,250152.00,12536.00,262688.00,12536,250152,166.00,160.00,326.00,160,166,0.00,0.00,0,0
1508202921,s2-eth2,4362.00,93868.00,98230.00,93868,4362,57.00,62.00,119.00,62,57,0.00,0.00,0,0
1508202921,s2-eth1,96896.00,4362.00,101258.00,4362,96896,64.00,57.00,121.00,57,64,0.00,0.00,0,0
1508202921,lo,0.00,0.00,0.00,0,0,0.00,0.00,0.00,0,0,0.00,0.00,0,0
1508202921,total,363946.00,362150.00,726096.00,362150,363946,447.00,446.00,893.00,446,447,0.00,0.00,0,0
1508202922,s1,0.00,0.00,0.00,0,0,0.00,0.00,0.00,0,0,0.00,0.00,0,0
1508202922,eth0,0.00,0.00,0.00,0,0,0.00,0.00,0.00,0,0,0.00,0.00,0,0
1508202922,s2,0.00,0.00,0.00,0,0,0.00,0.00,0.00,0,0,0.00,0.00,0,0
1508202922,s1-eth2,12014.00,264950.00,276964.00,264950,12014,157.00,175.00,332.00,175,157,0.00,0.00,0,0
1508202922,s1-eth1,249810.00,12014.00,261824.00,12014,249810,165.00,157.00,322.00,157,165,0.00,0.00,0,0
1508202922,s2-eth2,3924.00,77214.00,81138.00,77214,3924,46.00,51.00,97.00,51,46,0.00,0.00,0,0
1508202922,s2-eth1,72672.00,3582.00,76254.00,3582,72672,48.00,45.00,93.00,45,48,0.00,0.00,0,0
1508202922,lo,0.00,0.00,0.00,0,0,0.00,0.00,0.00,0,0,0.00,0.00,0,0
1508202922,total,338420.00,357760.00,696180.00,357760,338420,416.00,428.00,844.00,428,416,0.00,0.00,0,0
1508202923,s1,0.00,0.00,0.00,0,0,0.00,0.00,0.00,0,0,0.00,0.00,0,0
1508202923,eth0,0.00,0.00,0.00,0,0,0.00,0.00,0.00,0,0,0.00,0.00,0,0
1508202923,s2,0.00,0.00,0.00,0,0,0.00,0.00,0.00,0,0,0.00,0.00,0,0
1508202923,s1-eth2,12096.00,248296.00,260392.00,248296,12096,158.00,164.00,322.00,164,158,0.00,0.00,0,0
1508202923,s1-eth1,239212.00,12096.00,251308.00,12096,239212,158.00,158.00,316.00,158,158,0.00,0.00,0,0
1508202923,s2-eth2,2886.00,80242.00,83128.00,80242,2886,39.00,53.00,92.00,53,39,0.00,0.00,0,0
1508202923,s2-eth1,83270.00,2886.00,86156.00,2886,83270,55.00,39.00,94.00,39,55,0.00,0.00,0,0
1508202923,lo,172.00,172.00,344.00,172,172,3.00,3.00,6.00,3,3,0.00,0.00,0,0
1508202923,total,337636.00,343692.00,681328.00,343692,337636,413.00,417.00,830.00,417,413,0.00,0.00,0,0
1508202924,s1,0.00,0.00,0.00,0,0,0.00,0.00,0.00,0,0,0.00,0.00,0,0
1508202924,eth0,0.00,0.00,0.00,0,0,0.00,0.00,0.00,0,0,0.00,0.00,0,0
1508202924,s2,0.00,0.00,0.00,0,0,0.00,0.00,0.00,0,0,0.00,0.00,0,0
1508202924,s1-eth2,12333.67,260147.86,272481.53,260408,12346,160.84,171.83,332.67,172,161,0.00,0.00,0,0
1508202924,s1-eth1,251072.94,12333.67,263406.59,12346,251324,165.83,160.84,326.67,161,166,0.00,0.00,0,0
1508202924,s2-eth2,3132.87,80161.84,83294.71,80242,3136,39.96,52.95,92.91,53,40,0.00,0.00,0,0
1508202924,s2-eth1,69574.43,3132.87,72707.30,3136,69644,45.95,39.96,85.91,40,46,0.00,0.00,0,0
1508202924,lo,171.83,171.83,343.66,172,172,3.00,3.00,5.99,3,3,0.00,0.00,0,0
1508202924,total,336285.72,355948.06,692233.81,356304,336622,415.58,428.57,844.16,429,416,0.00,0.00,0,0
1508202925,s1,0.00,0.00,0.00,0,0,0.00,0.00,0.00,0,0,0.00,0.00,0,0
1508202925,eth0,0.00,0.00,0.00,0,0,0.00,0.00,0.00,0,0,0.00,0.00,0,0
1508202925,s2,0.00,0.00,0.00,0,0,0.00,0.00,0.00,0,0,0.00,0.00,0,0
1508202925,s1-eth2,12588.00,255866.00,268454.00,255866,12588,162.00,169.00,331.00,169,162,0.00,0.00,0,0
1508202925,s1-eth1,249810.00,12588.00,262398.00,12588,249810,165.00,162.00,327.00,162,165,0.00,0.00,0,0
1508202925,s2-eth2,3108.00,89326.00,92434.00,89326,3108,42.00,59.00,101.00,59,42,0.00,0.00,0,0
1508202925,s2-eth1,97238.00,3108.00,100346.00,3108,97238,65.00,42.00,107.00,42,65,0.00,0.00,0,0
1508202925,lo,0.00,0.00,0.00,0,0,0.00,0.00,0.00,0,0,0.00,0.00,0,0
1508202925,total,362744.00,360888.00,723632.00,360888,362744,434.00,432.00,866.00,432,434,0.00,0.00,0,0
1508202926,s1,0.00,0.00,0.00,0,0,0.00,0.00,0.00,0,0,0.00,0.00,0,0
1508202926,eth0,0.00,0.00,0.00,0,0,0.00,0.00,0.00,0,0,0.00,0.00,0,0
1508202926,s2,0.00,0.00,0.00,0,0,0.00,0.00,0.00,0,0,0.00,0.00,0,0
1508202926,s1-eth2,12284.00,255866.00,268150.00,255866,12284,160.00,169.00,329.00,169,160,0.00,0.00,0,0
1508202926,s1-eth1,249810.00,12284.00,262094.00,12284,249810,165.00,160.00,325.00,160,165,0.00,0.00,0,0
1508202926,s2-eth2,4174.00,87812.00,91986.00,87812,4174,53.00,58.00,111.00,58,53,0.00,0.00,0,0
1508202926,s2-eth1,84784.00,4174.00,88958.00,4174,84784,56.00,53.00,109.00,53,56,0.00,0.00,0,0
1508202926,lo,0.00,0.00,0.00,0,0,0.00,0.00,0.00,0,0,0.00,0.00,0,0
1508202926,total,351052.00,360136.00,711188.00,360136,351052,434.00,440.00,874.00,440,434,0.00,0.00,0,0
1508202927,s1,0.00,0.00,0.00,0,0,0.00,0.00,0.00,0,0,0.00,0.00,0,0
1508202927,eth0,0.00,60.00,60.00,60,0,0.00,1.00,1.00,1,0,0.00,0.00,0,0
1508202927,s2,0.00,0.00,0.00,0,0,0.00,0.00,0.00,0,0,0.00,0.00,0,0
1508202927,s1-eth2,12356.00,254352.00,266708.00,254352,12356,160.00,168.00,328.00,168,160,0.00,0.00,0,0
1508202927,s1-eth1,249810.00,12356.00,262166.00,12356,249810,165.00,160.00,325.00,160,165,0.00,0.00,0,0
1508202927,s2-eth2,3194.00,86298.00,89492.00,86298,3194,43.00,57.00,100.00,57,43,0.00,0.00,0,0
1508202927,s2-eth1,81756.00,3194.00,84950.00,3194,81756,54.00,43.00,97.00,43,54,0.00,0.00,0,0
1508202927,lo,0.00,0.00,0.00,0,0,0.00,0.00,0.00,0,0,0.00,0.00,0,0
1508202927,total,347116.00,356260.00,703376.00,356260,347116,422.00,429.00,851.00,429,422,0.00,0.00,0,0
1508202928,s1,0.00,0.00,0.00,0,0,0.00,0.00,0.00,0,0,0.00,0.00,0,0
1508202928,eth0,0.00,0.00,0.00,0,0,0.00,0.00,0.00,0,0,0.00,0.00,0,0
1508202928,s2,0.00,0.00,0.00,0,0,0.00,0.00,0.00,0,0,0.00,0.00,0,0
1508202928,s1-eth2,12318.00,266464.00,278782.00,266464,12318,159.00,176.00,335.00,176,159,0.00,0.00,0,0
1508202928,s1-eth1,249810.00,12318.00,262128.00,12318,249810,165.00,159.00,324.00,159,165,0.00,0.00,0,0
1508202928,s2-eth2,3182.00,104466.00,107648.00,104466,3182,43.00,69.00,112.00,69,43,0.00,0.00,0,0
1508202928,s2-eth1,105980.00,3182.00,109162.00,3182,105980,70.00,43.00,113.00,43,70,0.00,0.00,0,0
1508202928,lo,172.00,172.00,344.00,172,172,3.00,3.00,6.00,3,3,0.00,0.00,0,0
1508202928,total,371462.00,386602.00,758064.00,386602,371462,440.00,450.00,890.00,450,440,0.00,0.00,0,0
1508202929,s1,0.00,0.00,0.00,0,0,0.00,0.00,0.00,0,0,0.00,0.00,0,0
1508202929,eth0,0.00,0.00,0.00,0,0,0.00,0.00,0.00,0,0,0.00,0.00,0,0
1508202929,s2,0.00,0.00,0.00,0,0,0.00,0.00,0.00,0,0,0.00,0.00,0,0
1508202929,s1-eth2,12232.00,261922.00,274154.00,261922,12232,164.00,173.00,337.00,173,164,0.00,0.00,0,0
1508202929,s1-eth1,251324.00,12232.00,263556.00,12232,251324,166.00,164.00,330.00,164,166,0.00,0.00,0,0
1508202929,s2-eth2,3966.00,124148.00,128114.00,124148,3966,51.00,82.00,133.00,82,51,0.00,0.00,0,0
1508202929,s2-eth1,121120.00,3966.00,125086.00,3966,121120,80.00,51.00,131.00,51,80,0.00,0.00,0,0
1508202929,lo,172.00,172.00,344.00,172,172,3.00,3.00,6.00,3,3,0.00,0.00,0,0
1508202929,total,388814.00,402440.00,791254.00,402440,388814,464.00,473.00,937.00,473,464,0.00,0.00,0,0
1508202930,s1,0.00,0.00,0.00,0,0,0.00,0.00,0.00,0,0,0.00,0.00,0,0
1508202930,eth0,0.00,0.00,0.00,0,0,0.00,0.00,0.00,0,0,0.00,0.00,0,0
1508202930,s2,0.00,0.00,0.00,0,0,0.00,0.00,0.00,0,0,0.00,0.00,0,0
1508202930,s1-eth2,12814.00,249852.00,262666.00,249852,12814,165.00,166.00,331.00,166,165,0.00,0.00,0,0
1508202930,s1-eth1,249852.00,12814.00,262666.00,12814,249852,166.00,165.00,331.00,165,166,0.00,0.00,0,0
1508202930,s2-eth2,5792.00,127176.00,132968.00,127176,5792,76.00,84.00,160.00,84,76,0.00,0.00,0,0
1508202930,s2-eth1,128690.00,5792.00,134482.00,5792,128690,85.00,76.00,161.00,76,85,0.00,0.00,0,0
1508202930,lo,296.00,296.00,592.00,296,296,3.00,3.00,6.00,3,3,0.00,0.00,0,0
1508202930,total,397444.00,395930.00,793374.00,395930,397444,495.00,494.00,989.00,494,495,0.00,0.00,0,0
1508202931,s1,0.00,0.00,0.00,0,0,0.00,0.00,0.00,0,0,0.00,0.00,0,0
1508202931,eth0,880.00,951.00,1831.00,951,880,10.00,8.00,18.00,8,10,0.00,0.00,0,0
1508202931,s2,0.00,0.00,0.00,0,0,0.00,0.00,0.00,0,0,0.00,0.00,0,0
1508202931,s1-eth2,12844.00,258894.00,271738.00,258894,12844,162.00,171.00,333.00,171,162,0.00,0.00,0,0
1508202931,s1-eth1,250262.00,12392.00,262654.00,12392,250262,167.00,160.00,327.00,160,167,0.00,0.00,0,0
1508202931,s2-eth2,5224.00,107494.00,112718.00,107494,5224,64.00,71.00,135.00,71,64,0.00,0.00,0,0
1508202931,s2-eth1,104918.00,4694.00,109612.00,4694,104918,71.00,61.00,132.00,61,71,0.00,0.00,0,0
1508202931,lo,1023.00,1023.00,2046.00,1023,1023,12.00,12.00,24.00,12,12,0.00,0.00,0,0
1508202931,total,375151.00,385448.00,760599.00,385448,375151,486.00,483.00,969.00,483,486,0.00,0.00,0,0
1508202932,s1,0.00,0.00,0.00,0,0,0.00,0.00,0.00,0,0,0.00,0.00,0,0
1508202932,eth0,303.70,244.76,548.45,245,304,4.00,2.00,5.99,2,4,0.00,0.00,0,0
1508202932,s2,0.00,0.00,0.00,0,0,0.00,0.00,0.00,0,0,0.00,0.00,0,0
1508202932,s1-eth2,12557.44,252585.42,265142.88,252838,12570,162.84,166.83,329.67,167,163,0.00,0.00,0,0
1508202932,s1-eth1,249748.27,12369.63,262117.89,12382,249998,166.83,160.84,327.67,161,167,0.00,0.00,0,0
1508202932,s2-eth2,5150.85,105874.12,111024.98,105980,5156,65.93,69.93,135.86,70,66,0.00,0.00,0,0
1508202932,s2-eth1,101524.48,4791.21,106315.69,4796,101626,68.93,61.94,130.87,62,69,0.00,0.00,0,0
1508202932,lo,464.54,464.54,929.07,465,465,5.99,5.99,11.99,6,6,0.00,0.00,0,0
1508202932,total,369749.25,376329.69,746078.94,376706,370119,474.53,467.53,942.06,468,475,0.00,0.00,0,0
1508202933,s1,0.00,0.00,0.00,0,0,0.00,0.00,0.00,0,0,0.00,0.00,0,0
1508202933,eth0,456.00,980.00,1436.00,980,456,6.00,8.00,14.00,8,6,0.00,0.00,0,0
1508202933,s2,0.00,0.00,0.00,0,0,0.00,0.00,0.00,0,0,0.00,0.00,0,0
1508202933,s1-eth2,13800.00,261922.00,275722.00,261922,13800,170.00,173.00,343.00,173,170,0.00,0.00,0,0
1508202933,s1-eth1,249730.00,12366.00,262096.00,12366,249730,173.00,161.00,334.00,161,173,0.00,0.00,0,0
1508202933,s2-eth2,6298.00,101438.00,107736.00,101438,6298,65.00,67.00,132.00,67,65,0.00,0.00,0,0
1508202933,s2-eth1,100923.00,4516.00,105439.00,4516,100923,73.00,58.00,131.00,58,73,0.00,0.00,0,0
1508202933,lo,1240.00,1240.00,2480.00,1240,1240,14.00,14.00,28.00,14,14,0.00,0.00,0,0
1508202933,total,372447.00,382462.00,754909.00,382462,372447,501.00,481.00,982.00,481,501,0.00,0.00,0,0
1508202934,s1,0.00,0.00,0.00,0,0,0.00,0.00,0.00,0,0,0.00,0.00,0,0
1508202934,eth0,152.00,245.00,397.00,245,152,2.00,2.00,4.00,2,2,0.00,0.00,0,0
1508202934,s2,0.00,0.00,0.00,0,0,0.00,0.00,0.00,0,0,0.00,0.00,0,0
1508202934,s1-eth2,13370.00,261922.00,275292.00,261922,13370,164.00,173.00,337.00,173,164,0.00,0.00,0,0
1508202934,s1-eth1,251118.00,12478.00,263596.00,12478,251118,170.00,161.00,331.00,161,170,0.00,0.00,0,0
1508202934,s2-eth2,4277.00,83270.00,87547.00,83270,4277,47.00,55.00,102.00,55,47,0.00,0.00,0,0
1508202934,s2-eth1,84671.00,3240.00,87911.00,3240,84671,61.00,42.00,103.00,42,61,0.00,0.00,0,0
1508202934,lo,513.00,513.00,1026.00,513,513,7.00,7.00,14.00,7,7,0.00,0.00,0,0
1508202934,total,354101.00,361668.00,715769.00,361668,354101,451.00,440.00,891.00,440,451,0.00,0.00,0,0
1508202935,s1,0.00,0.00,0.00,0,0,0.00,0.00,0.00,0,0,0.00,0.00,0,0
1508202935,eth0,0.00,0.00,0.00,0,0,0.00,0.00,0.00,0,0,0.00,0.00,0,0
1508202935,s2,0.00,0.00,0.00,0,0,0.00,0.00,0.00,0,0,0.00,0.00,0,0
1508202935,s1-eth2,13177.00,261922.00,275099.00,261922,13177,162.00,173.00,335.00,173,162,0.00,0.00,0,0
1508202935,s1-eth1,248623.00,12434.00,261057.00,12434,248623,165.00,159.00,324.00,159,165,0.00,0.00,0,0
1508202935,s2-eth2,2932.00,77214.00,80146.00,77214,2932,38.00,51.00,89.00,51,38,0.00,0.00,0,0
1508202935,s2-eth1,74855.00,2932.00,77787.00,2932,74855,51.00,38.00,89.00,38,51,0.00,0.00,0,0
1508202935,lo,172.00,172.00,344.00,172,172,3.00,3.00,6.00,3,3,0.00,0.00,0,0
1508202935,total,339759.00,354674.00,694433.00,354674,339759,419.00,424.00,843.00,424,419,0.00,0.00,0,0
1508202936,s1,0.00,0.00,0.00,0,0,0.00,0.00,0.00,0,0,0.00,0.00,0,0
1508202936,eth0,60.00,60.00,120.00,60,60,1.00,1.00,2.00,1,1,0.00,0.00,0,0
1508202936,s2,0.00,0.00,0.00,0,0,0.00,0.00,0.00,0,0,0.00,0.00,0,0
1508202936,s1-eth2,12398.00,260408.00,272806.00,260408,12398,158.00,172.00,330.00,172,158,0.00,0.00,0,0
1508202936,s1-eth1,244128.00,12098.00,256226.00,12098,244128,163.00,157.00,320.00,157,163,0.00,0.00,0,0
1508202936,s2-eth2,3250.00,63588.00,66838.00,63588,3250,38.00,42.00,80.00,42,38,0.00,0.00,0,0
1508202936,s2-eth1,62181.00,2806.00,64987.00,2806,62181,42.00,35.00,77.00,35,42,0.00,0.00,0,0
1508202936,lo,0.00,0.00,0.00,0,0,0.00,0.00,0.00,0,0,0.00,0.00,0,0
1508202936,total,322017.00,338960.00,660977.00,338960,322017,402.00,407.00,809.00,407,402,0.00,0.00,0,0
1508202937,s1,0.00,0.00,0.00,0,0,0.00,0.00,0.00,0,0,0.00,0.00,0,0
1508202937,eth0,0.00,0.00,0.00,0,0,0.00,0.00,0.00,0,0,0.00,0.00,0,0
1508202937,s2,0.00,0.00,0.00,0,0,0.00,0.00,0.00,0,0,0.00,0.00,0,0
1508202937,s1-eth2,10563.00,213474.00,224037.00,213474,10563,133.00,141.00,274.00,141,133,0.00,0.00,0,0
1508202937,s1-eth1,204787.00,10092.00,214879.00,10092,204787,137.00,130.00,267.00,130,137,0.00,0.00,0,0
1508202937,s2-eth2,2557.00,51476.00,54033.00,51476,2557,30.00,34.00,64.00,34,30,0.00,0.00,0,0
1508202937,s2-eth1,50626.00,2230.00,52856.00,2230,50626,36.00,29.00,65.00,29,36,0.00,0.00,0,0
1508202937,lo,0.00,0.00,0.00,0,0,0.00,0.00,0.00,0,0,0.00,0.00,0,0
1508202937,total,268533.00,277272.00,545805.00,277272,268533,336.00,334.00,670.00,334,336,0.00,0.00,0,0
1508202938,s1,0.00,0.00,0.00,0,0,0.00,0.00,0.00,0,0,0.00,0.00,0,0
1508202938,eth0,0.00,0.00,0.00,0,0,0.00,0.00,0.00,0,0,0.00,0.00,0,0
1508202938,s2,0.00,0.00,0.00,0,0,0.00,0.00,0.00,0,0,0.00,0.00,0,0
1508202938,s1-eth2,12084.00,260408.00,272492.00,260408,12084,154.00,172.00,326.00,172,154,0.00,0.00,0,0
1508202938,s1-eth1,245268.00,11742.00,257010.00,11742,245268,162.00,153.00,315.00,153,162,0.00,0.00,0,0
1508202938,s2-eth2,2156.00,48490.00,50646.00,48490,2156,28.00,33.00,61.00,33,28,0.00,0.00,0,0
1508202938,s2-eth1,48832.00,2156.00,50988.00,2156,48832,34.00,28.00,62.00,28,34,0.00,0.00,0,0
1508202938,lo,0.00,0.00,0.00,0,0,0.00,0.00,0.00,0,0,0.00,0.00,0,0
1508202938,total,308340.00,322796.00,631136.00,322796,308340,378.00,386.00,764.00,386,378,0.00,0.00,0,0
1508202939,s1,0.00,0.00,0.00,0,0,0.00,0.00,0.00,0,0,0.00,0.00,0,0
1508202939,eth0,0.00,0.00,0.00,0,0,0.00,0.00,0.00,0,0,0.00,0.00,0,0
1508202939,s2,0.00,0.00,0.00,0,0,0.00,0.00,0.00,0,0,0.00,0.00,0,0
1508202939,s1-eth2,12360.00,257380.00,269740.00,257380,12360,162.00,170.00,332.00,170,162,0.00,0.00,0,0
1508202939,s1-eth1,250152.00,12360.00,262512.00,12360,250152,166.00,162.00,328.00,162,166,0.00,0.00,0,0
1508202939,s2-eth2,1924.00,65102.00,67026.00,65102,1924,26.00,43.00,69.00,43,26,0.00,0.00,0,0
1508202939,s2-eth1,59046.00,1924.00,60970.00,1924,59046,39.00,26.00,65.00,26,39,0.00,0.00,0,0
1508202939,lo,172.00,172.00,344.00,172,172,3.00,3.00,6.00,3,3,0.00,0.00,0,0
1508202939,total,323654.00,336938.00,660592.00,336938,323654,396.00,404.00,800.00,404,396,0.00,0.00,0,0
1508202940,s1,0.00,0.00,0.00,0,0,0.00,0.00,0.00,0,0,0.00,0.00,0,0
1508202940,eth0,0.00,86.00,86.00,86,0,0.00,1.00,1.00,1,0,0.00,0.00,0,0
1508202940,s2,0.00,0.00,0.00,0,0,0.00,0.00,0.00,0,0,0.00,0.00,0,0
1508202940,s1-eth2,12245.00,264950.00,277195.00,264950,12245,160.00,175.00,335.00,175,160,0.00,0.00,0,0
1508202940,s1-eth1,249917.00,12138.00,262055.00,12138,249917,166.00,159.00,325.00,159,166,0.00,0.00,0,0
1508202940,s2-eth2,3021.00,71158.00,74179.00,71158,3021,38.00,47.00,85.00,47,38,0.00,0.00,0,0
1508202940,s2-eth1,69751.00,2844.00,72595.00,2844,69751,47.00,36.00,83.00,36,47,0.00,0.00,0,0
1508202940,lo,172.00,172.00,344.00,172,172,3.00,3.00,6.00,3,3,0.00,0.00,0,0
1508202940,total,335106.00,351348.00,686454.00,351348,335106,414.00,421.00,835.00,421,414,0.00,0.00,0,0
1508202941,s1,0.00,0.00,0.00,0,0,0.00,0.00,0.00,0,0,0.00,0.00,0,0
1508202941,eth0,0.00,0.00,0.00,0,0,0.00,0.00,0.00,0,0,0.00,0.00,0,0
1508202941,s2,0.00,0.00,0.00,0,0,0.00,0.00,0.00,0,0,0.00,0.00,0,0
1508202941,s1-eth2,12434.00,257380.00,269814.00,257380,12434,161.00,170.00,331.00,170,161,0.00,0.00,0,0
1508202941,s1-eth1,249880.00,12364.00,262244.00,12364,249880,166.00,160.00,326.00,160,166,0.00,0.00,0,0
1508202941,s2-eth2,3940.00,78728.00,82668.00,78728,3940,48.00,52.00,100.00,52,48,0.00,0.00,0,0
1508202941,s2-eth1,75770.00,3598.00,79368.00,3598,75770,51.00,47.00,98.00,47,51,0.00,0.00,0,0
1508202941,lo,0.00,0.00,0.00,0,0,0.00,0.00,0.00,0,0,0.00,0.00,0,0
1508202941,total,342024.00,352070.00,694094.00,352070,342024,426.00,429.00,855.00,429,426,0.00,0.00,0,0
1508202942,s1,0.00,0.00,0.00,0,0,0.00,0.00,0.00,0,0,0.00,0.00,0,0
1508202942,eth0,0.00,0.00,0.00,0,0,0.00,0.00,0.00,0,0,0.00,0.00,0,0
1508202942,s2,0.00,0.00,0.00,0,0,0.00,0.00,0.00,0,0,0.00,0.00,0,0
1508202942,s1-eth2,12236.00,258894.00,271130.00,258894,12236,160.00,171.00,331.00,171,160,0.00,0.00,0,0
1508202942,s1-eth1,246782.00,12236.00,259018.00,12236,246782,163.00,160.00,323.00,160,163,0.00,0.00,0,0
1508202942,s2-eth2,3302.00,77214.00,80516.00,77214,3302,43.00,51.00,94.00,51,43,0.00,0.00,0,0
1508202942,s2-eth1,80242.00,3302.00,83544.00,3302,80242,53.00,43.00,96.00,43,53,0.00,0.00,0,0
1508202942,lo,0.00,0.00,0.00,0,0,0.00,0.00,0.00,0,0,0.00,0.00,0,0
1508202942,total,342562.00,351646.00,694208.00,351646,342562,419.00,425.00,844.00,425,419,0.00,0.00,0,0
1508202943,s1,0.00,0.00,0.00,0,0,0.00,0.00,0.00,0,0,0.00,0.00,0,0
1508202943,eth0,0.00,0.00,0.00,0,0,0.00,0.00,0.00,0,0,0.00,0.00,0,0
1508202943,s2,0.00,0.00,0.00,0,0,0.00,0.00,0.00,0,0,0.00,0.00,0,0
1508202943,s1-eth2,11864.00,255866.00,267730.00,255866,11864,154.00,169.00,323.00,169,154,0.00,0.00,0,0
1508202943,s1-eth1,249810.00,11864.00,261674.00,11864,249810,165.00,154.00,319.00,154,165,0.00,0.00,0,0
1508202943,s2-eth2,3298.00,66616.00,69914.00,66616,3298,41.00,44.00,85.00,44,41,0.00,0.00,0,0
1508202943,s2-eth1,59046.00,3298.00,62344.00,3298,59046,39.00,41.00,80.00,41,39,0.00,0.00,0,0
1508202943,lo,0.00,0.00,0.00,0,0,0.00,0.00,0.00,0,0,0.00,0.00,0,0
1508202943,total,324018.00,337644.00,661662.00,337644,324018,399.00,408.00,807.00,408,399,0.00,0.00,0,0
1508202944,s1,0.00,0.00,0.00,0,0,0.00,0.00,0.00,0,0,0.00,0.00,0,0
1508202944,eth0,0.00,0.00,0.00,0,0,0.00,0.00,0.00,0,0,0.00,0.00,0,0
1508202944,s2,0.00,0.00,0.00,0,0,0.00,0.00,0.00,0,0,0.00,0.00,0,0
1508202944,s1-eth2,12554.00,258894.00,271448.00,258894,12554,163.00,171.00,334.00,171,163,0.00,0.00,0,0
1508202944,s1-eth1,249810.00,12640.00,262450.00,12640,249810,165.00,164.00,329.00,164,165,0.00,0.00,0,0
1508202944,s2-eth2,2834.00,59046.00,61880.00,59046,2834,37.00,39.00,76.00,39,37,0.00,0.00,0,0
1508202944,s2-eth1,57532.00,2834.00,60366.00,2834,57532,38.00,37.00,75.00,37,38,0.00,0.00,0,0
1508202944,lo,172.00,172.00,344.00,172,172,3.00,3.00,6.00,3,3,0.00,0.00,0,0
1508202944,total,322902.00,333586.00,656488.00,333586,322902,406.00,414.00,820.00,414,406,0.00,0.00,0,0
1508202945,s1,0.00,0.00,0.00,0,0,0.00,0.00,0.00,0,0,0.00,0.00,0,0
1508202945,eth0,0.00,0.00,0.00,0,0,0.00,0.00,0.00,0,0,0.00,0.00,0,0
1508202945,s2,0.00,0.00,0.00,0,0,0.00,0.00,0.00,0,0,0.00,0.00,0,0
1508202945,s1-eth2,12226.00,257380.00,269606.00,257380,12226,159.00,170.00,329.00,170,159,0.00,0.00,0,0
1508202945,s1-eth1,250152.00,11798.00,261950.00,11798,250152,166.00,157.00,323.00,157,166,0.00,0.00,0,0
1508202945,s2-eth2,2220.00,65102.00,67322.00,65102,2220,30.00,43.00,73.00,43,30,0.00,0.00,0,0
1508202945,s2-eth1,63588.00,2220.00,65808.00,2220,63588,42.00,30.00,72.00,30,42,0.00,0.00,0,0
1508202945,lo,172.00,172.00,344.00,172,172,3.00,3.00,6.00,3,3,0.00,0.00,0,0
1508202945,total,328358.00,336672.00,665030.00,336672,328358,400.00,403.00,803.00,403,400,0.00,0.00,0,0
1508202946,s1,0.00,0.00,0.00,0,0,0.00,0.00,0.00,0,0,0.00,0.00,0,0
1508202946,eth0,0.00,0.00,0.00,0,0,0.00,0.00,0.00,0,0,0.00,0.00,0,0
1508202946,s2,0.00,0.00,0.00,0,0,0.00,0.00,0.00,0,0,0.00,0.00,0,0
1508202946,s1-eth2,11860.00,257380.00,269240.00,257380,11860,158.00,170.00,328.00,170,158,0.00,0.00,0,0
1508202946,s1-eth1,251324.00,11860.00,263184.00,11860,251324,166.00,158.00,324.00,158,166,0.00,0.00,0,0
1508202946,s2-eth2,2538.00,63588.00,66126.00,63588,2538,33.00,42.00,75.00,42,33,0.00,0.00,0,0
1508202946,s2-eth1,68472.00,2538.00,71010.00,2538,68472,46.00,33.00,79.00,33,46,0.00,0.00,0,0
1508202946,lo,0.00,0.00,0.00,0,0,0.00,0.00,0.00,0,0,0.00,0.00,0,0
1508202946,total,334194.00,335366.00,669560.00,335366,334194,403.00,403.00,806.00,403,403,0.00,0.00,0,0
1508202947,s1,0.00,0.00,0.00,0,0,0.00,0.00,0.00,0,0,0.00,0.00,0,0
1508202947,eth0,0.00,0.00,0.00,0,0,0.00,0.00,0.00,0,0,0.00,0.00,0,0
1508202947,s2,0.00,0.00,0.00,0,0,0.00,0.00,0.00,0,0,0.00,0.00,0,0
1508202947,s1-eth2,11944.00,254352.00,266296.00,254352,11944,152.00,168.00,320.00,168,152,0.00,0.00,0,0
1508202947,s1-eth1,249810.00,11944.00,261754.00,11944,249810,165.00,152.00,317.00,152,165,0.00,0.00,0,0
1508202947,s2-eth2,3202.00,63588.00,66790.00,63588,3202,41.00,42.00,83.00,42,41,0.00,0.00,0,0
1508202947,s2-eth1,56018.00,3202.00,59220.00,3202,56018,37.00,41.00,78.00,41,37,0.00,0.00,0,0
1508202947,lo,0.00,0.00,0.00,0,0,0.00,0.00,0.00,0,0,0.00,0.00,0,0
1508202947,total,320974.00,333086.00,654060.00,333086,320974,395.00,403.00,798.00,403,395,0.00,0.00,0,0
1508202948,s1,0.00,0.00,0.00,0,0,0.00,0.00,0.00,0,0,0.00,0.00,0,0
1508202948,eth0,0.00,0.00,0.00,0,0,0.00,0.00,0.00,0,0,0.00,0.00,0,0
1508202948,s2,0.00,0.00,0.00,0,0,0.00,0.00,0.00,0,0,0.00,0.00,0,0
1508202948,s1-eth2,12735.00,257380.00,270115.00,257380,12735,165.00,170.00,335.00,170,165,0.00,0.00,0,0
1508202948,s1-eth1,249917.00,12628.00,262545.00,12628,249917,166.00,164.00,330.00,164,166,0.00,0.00,0,0
1508202948,s2-eth2,1907.00,48448.00,50355.00,48448,1907,25.00,32.00,57.00,32,25,0.00,0.00,0,0
1508202948,s2-eth1,51583.00,1800.00,53383.00,1800,51583,35.00,24.00,59.00,24,35,0.00,0.00,0,0
1508202948,lo,0.00,0.00,0.00,0,0,0.00,0.00,0.00,0,0,0.00,0.00,0,0
1508202948,total,316142.00,320256.00,636398.00,320256,316142,391.00,390.00,781.00,390,391,0.00,0.00,0,0
1508202949,s1,0.00,0.00,0.00,0,0,0.00,0.00,0.00,0,0,0.00,0.00,0,0
1508202949,eth0,0.00,0.00,0.00,0,0,0.00,0.00,0.00,0,0,0.00,0.00,0,0
1508202949,s2,0.00,0.00,0.00,0,0,0.00,0.00,0.00,0,0,0.00,0.00,0,0
1508202949,s1-eth2,12138.00,258894.00,271032.00,258894,12138,159.00,171.00,330.00,171,159,0.00,0.00,0,0
1508202949,s1-eth1,249810.00,12138.00,261948.00,12138,249810,165.00,159.00,324.00,159,165,0.00,0.00,0,0
1508202949,s2-eth2,1776.00,72672.00,74448.00,72672,1776,24.00,48.00,72.00,48,24,0.00,0.00,0,0
1508202949,s2-eth1,68130.00,1776.00,69906.00,1776,68130,45.00,24.00,69.00,24,45,0.00,0.00,0,0
1508202949,lo,172.00,172.00,344.00,172,172,3.00,3.00,6.00,3,3,0.00,0.00,0,0
1508202949,total,332026.00,345652.00,677678.00,345652,332026,396.00,405.00,801.00,405,396,0.00,0.00,0,0
1508202950,s1,0.00,0.00,0.00,0,0,0.00,0.00,0.00,0,0,0.00,0.00,0,0
1508202950,eth0,0.00,0.00,0.00,0,0,0.00,0.00,0.00,0,0,0.00,0.00,0,0
1508202950,s2,0.00,0.00,0.00,0,0,0.00,0.00,0.00,0,0,0.00,0.00,0,0
1508202950,s1-eth2,12569.43,258635.38,271204.81,258894,12582,162.84,170.83,333.67,171,163,0.00,0.00,0,0
1508202950,s1-eth1,249560.45,12643.36,262203.81,12656,249810,164.84,163.84,328.67,164,165,0.00,0.00,0,0
1508202950,s2-eth2,2531.47,49912.09,52443.56,49962,2534,30.97,32.97,63.94,33,31,0.00,0.00,0,0
1508202950,s2-eth1,51424.58,2531.47,53956.05,2534,51476,33.97,30.97,64.94,31,34,0.00,0.00,0,0
1508202950,lo,171.83,171.83,343.66,172,172,3.00,3.00,5.99,3,3,0.00,0.00,0,0
1508202950,total,316257.75,323894.12,640151.88,324218,316574,395.60,401.60,797.20,402,396,0.00,0.00,0,0
1508202951,s1,0.00,0.00,0.00,0,0,0.00,0.00,0.00,0,0,0.00,0.00,0,0
1508202951,eth0,0.00,0.00,0.00,0,0,0.00,0.00,0.00,0,0,0.00,0.00,0,0
1508202951,s2,0.00,0.00,0.00,0,0,0.00,0.00,0.00,0,0,0.00,0.00,0,0
1508202951,s1-eth2,12276.00,255866.00,268142.00,255866,12276,162.00,169.00,331.00,169,162,0.00,0.00,0,0
1508202951,s1-eth1,251324.00,12202.00,263526.00,12202,251324,166.00,161.00,327.00,161,166,0.00,0.00,0,0
1508202951,s2-eth2,2454.00,63588.00,66042.00,63588,2454,33.00,42.00,75.00,42,33,0.00,0.00,0,0
1508202951,s2-eth1,54504.00,2454.00,56958.00,2454,54504,36.00,33.00,69.00,33,36,0.00,0.00,0,0
1508202951,lo,0.00,0.00,0.00,0,0,0.00,0.00,0.00,0,0,0.00,0.00,0,0
1508202951,total,320558.00,334110.00,654668.00,334110,320558,397.00,405.00,802.00,405,397,0.00,0.00,0,0
1508202952,s1,0.00,0.00,0.00,0,0,0.00,0.00,0.00,0,0,0.00,0.00,0,0
1508202952,eth0,0.00,0.00,0.00,0,0,0.00,0.00,0.00,0,0,0.00,0.00,0,0
1508202952,s2,0.00,0.00,0.00,0,0,0.00,0.00,0.00,0,0,0.00,0.00,0,0
1508202952,s1-eth2,12284.00,257380.00,269664.00,257380,12284,160.00,170.00,330.00,170,160,0.00,0.00,0,0
1508202952,s1-eth1,249810.00,12284.00,262094.00,12284,249810,165.00,160.00,325.00,160,165,0.00,0.00,0,0
1508202952,s2-eth2,2686.00,66616.00,69302.00,66616,2686,35.00,44.00,79.00,44,35,0.00,0.00,0,0
1508202952,s2-eth1,69644.00,2686.00,72330.00,2686,69644,46.00,35.00,81.00,35,46,0.00,0.00,0,0
1508202952,lo,0.00,0.00,0.00,0,0,0.00,0.00,0.00,0,0,0.00,0.00,0,0
1508202952,total,334424.00,338966.00,673390.00,338966,334424,406.00,409.00,815.00,409,406,0.00,0.00,0,0
1508202953,s1,0.00,0.00,0.00,0,0,0.00,0.00,0.00,0,0,0.00,0.00,0,0
1508202953,eth0,0.00,0.00,0.00,0,0,0.00,0.00,0.00,0,0,0.00,0.00,0,0
1508202953,s2,0.00,0.00,0.00,0,0,0.00,0.00,0.00,0,0,0.00,0.00,0,0
1508202953,s1-eth2,12169.83,254097.91,266267.75,254352,12182,158.84,167.83,326.67,168,159,0.00,0.00,0,0
1508202953,s1-eth1,249560.45,12169.83,261730.28,12182,249810,164.84,158.84,323.68,159,165,0.00,0.00,0,0
1508202953,s2-eth2,3178.82,87724.28,90903.10,87812,3182,42.96,57.94,100.90,58,43,0.00,0.00,0,0
1508202953,s2-eth1,85040.96,3178.82,88219.78,3182,85126,56.94,42.96,99.90,43,57,0.00,0.00,0,0
1508202953,lo,0.00,0.00,0.00,0,0,0.00,0.00,0.00,0,0,0.00,0.00,0,0
1508202953,total,349950.06,357170.84,707120.88,357528,350300,423.58,427.57,851.15,428,424,0.00,0.00,0,0
1508202954,s1,0.00,0.00,0.00,0,0,0.00,0.00,0.00,0,0,0.00,0.00,0,0
1508202954,eth0,0.00,0.00,0.00,0,0,0.00,0.00,0.00,0,0,0.00,0.00,0,0
1508202954,s2,0.00,0.00,0.00,0,0,0.00,0.00,0.00,0,0,0.00,0.00,0,0
1508202954,s1-eth2,11896.10,258635.38,270531.47,258894,11908,157.84,170.83,328.67,171,158,0.00,0.00,0,0
1508202954,s1-eth1,251072.94,11970.03,263042.97,11982,251324,165.83,158.84,324.68,159,166,0.00,0.00,0,0
1508202954,s2-eth2,3270.73,84699.30,87970.03,84784,3274,38.96,55.94,94.91,56,39,0.00,0.00,0,0
1508202954,s2-eth1,83186.81,2929.07,86115.88,2932,83270,54.95,37.96,92.91,38,55,0.00,0.00,0,0
1508202954,lo,171.83,171.83,343.66,172,172,3.00,3.00,5.99,3,3,0.00,0.00,0,0
1508202954,total,349598.41,358405.59,708004.00,358764,349948,420.58,426.57,847.15,427,421,0.00,0.00,0,0
1508202955,s1,0.00,0.00,0.00,0,0,0.00,0.00,0.00,0,0,0.00,0.00,0,0
1508202955,eth0,0.00,0.00,0.00,0,0,0.00,0.00,0.00,0,0,0.00,0.00,0,0
1508202955,s2,0.00,0.00,0.00,0,0,0.00,0.00,0.00,0,0,0.00,0.00,0,0
1508202955,s1-eth2,7286.71,124171.83,131458.55,124296,7294,92.91,83.92,176.82,84,93,0.00,0.00,0,0
1508202955,s1-eth1,136271.73,6871.13,143142.86,6878,136408,91.91,90.91,182.82,91,92,0.00,0.00,0,0
1508202955,s2-eth2,2635.36,50315.69,52951.05,50366,2638,34.97,36.96,71.93,37,35,0.00,0.00,0,0
1508202955,s2-eth1,56291.71,2635.36,58927.07,2638,56348,39.96,34.97,74.93,35,40,0.00,0.00,0,0
1508202955,lo,171.83,171.83,343.66,172,172,3.00,3.00,5.99,3,3,0.00,0.00,0,0
1508202955,total,202657.34,184165.84,386823.19,184350,202860,262.74,249.75,512.49,250,263,0.00,0.00,0,0
1508202956,s1,0.00,0.00,0.00,0,0,0.00,0.00,0.00,0,0,0.00,0.00,0,0
1508202956,eth0,0.00,0.00,0.00,0,0,0.00,0.00,0.00,0,0,0.00,0.00,0,0
1508202956,s2,0.00,0.00,0.00,0,0,0.00,0.00,0.00,0,0,0.00,0.00,0,0
1508202956,s1-eth2,0.00,0.00,0.00,0,0,0.00,0.00,0.00,0,0,0.00,0.00,0,0
1508202956,s1-eth1,0.00,0.00,0.00,0,0,0.00,0.00,0.00,0,0,0.00,0.00,0,0
1508202956,s2-eth2,0.00,0.00,0.00,0,0,0.00,0.00,0.00,0,0,0.00,0.00,0,0
1508202956,s2-eth1,74.00,0.00,74.00,0,74,1.00,0.00,1.00,0,1,0.00,0.00,0,0
1508202956,lo,0.00,0.00,0.00,0,0,0.00,0.00,0.00,0,0,0.00,0.00,0,0
1508202956,total,74.00,0.00,74.00,0,74,1.00,0.00,1.00,0,1,0.00,0.00,0,0
1508202957,s1,0.00,0.00,0.00,0,0,0.00,0.00,0.00,0,0,0.00,0.00,0,0
1508202957,eth0,0.00,117.88,117.88,118,0,0.00,1.00,1.00,1,0,0.00,0.00,0,0
1508202957,s2,0.00,0.00,0.00,0,0,0.00,0.00,0.00,0,0,0.00,0.00,0,0
1508202957,s1-eth2,0.00,0.00,0.00,0,0,0.00,0.00,0.00,0,0,0.00,0.00,0,0
1508202957,s1-eth1,0.00,0.00,0.00,0,0,0.00,0.00,0.00,0,0,0.00,0.00,0,0
1508202957,s2-eth2,0.00,0.00,0.00,0,0,0.00,0.00,0.00,0,0,0.00,0.00,0,0
1508202957,s2-eth1,0.00,0.00,0.00,0,0,0.00,0.00,0.00,0,0,0.00,0.00,0,0
1508202957,lo,0.00,0.00,0.00,0,0,0.00,0.0