1508120304,s1,0.00,0.00,0.00,0,0,0.00,0.00,0.00,0,0,0.00,0.00,0,0
1508120304,eth0,0.00,0.00,0.00,0,0,0.00,0.00,0.00,0,0,0.00,0.00,0,0
1508120304,s2,0.00,0.00,0.00,0,0,0.00,0.00,0.00,0,0,0.00,0.00,0,0
1508120304,s1-eth2,0.00,0.00,0.00,0,0,0.00,0.00,0.00,0,0,0.00,0.00,0,0
1508120304,s1-eth1,0.00,0.00,0.00,0,0,0.00,0.00,0.00,0,0,0.00,0.00,0,0
1508120304,s2-eth2,0.00,0.00,0.00,0,0,0.00,0.00,0.00,0,0,0.00,0.00,0,0
1508120304,s2-eth1,0.00,0.00,0.00,0,0,0.00,0.00,0.00,0,0,0.00,0.00,0,0
1508120304,lo,0.00,0.00,0.00,0,0,0.00,0.00,0.00,0,0,0.00,0.00,0,0
1508120304,total,0.00,0.00,0.00,0,0,0.00,0.00,0.00,0,0,0.00,0.00,0,0
1508120305,s1,159.84,291.71,451.55,292,160,2.00,4.00,5.99,4,2,0.00,0.00,0,0
1508120305,eth0,607.39,979.02,1586.41,980,608,7.99,7.99,15.98,8,8,0.00,0.00,0,0
1508120305,s2,159.84,173.83,333.67,174,160,2.00,3.00,5.00,3,2,0.00,0.00,0,0
1508120305,s1-eth2,13480.52,254761.25,268241.75,255016,13494,160.84,175.82,336.66,176,161,0.00,0.00,0,0
1508120305,s1-eth1,235339.67,12071.93,247411.59,12084,235575,171.83,153.85,325.67,154,172,0.00,0.00,0,0
1508120305,s2-eth2,2395.60,349.65,2745.25,350,2398,14.99,5.00,19.98,5,15,0.00,0.00,0,0
1508120305,s2-eth1,2613.39,131.87,2745.25,132,2616,17.98,2.00,19.98,2,18,0.00,0.00,0,0
1508120305,lo,5486.51,5486.51,10973.03,5492,5492,57.94,57.94,115.88,58,58,0.00,0.00,0,0
1508120305,total,260242.77,274245.75,534488.50,274520,260503,435.56,409.59,845.15,410,436,0.00,0.00,0,0
1508120306,s1,90.00,42.00,132.00,42,90,1.00,1.00,2.00,1,1,0.00,0.00,0,0
1508120306,eth0,152.00,331.00,483.00,331,152,2.00,3.00,5.00,3,2,0.00,0.00,0,0
1508120306,s2,90.00,42.00,132.00,42,90,1.00,1.00,2.00,1,1,0.00,0.00,0,0
1508120306,s1-eth2,12618.00,261964.00,274582.00,261964,12618,154.00,174.00,328.00,174,154,0.00,0.00,0,0
1508120306,s1-eth1,249391.00,11598.00,260989.00,11598,249391,170.00,149.00,319.00,149,170,0.00,0.00,0,0
1508120306,s2-eth2,3791.00,145476.00,149267.00,145476,3791,42.00,98.00,140.00,98,42,0.00,0.00,0,0
1508120306,s2-eth1,85969.00,2738.00,88707.00,2738,85969,63.00,37.00,100.00,37,63,0.00,0.00,0,0
1508120306,lo,1397.00,1397.00,2794.00,1397,1397,16.00,16.00,32.00,16,16,0.00,0.00,0,0
1508120306,total,353498.00,423588.00,777086.00,423588,353498,449.00,479.00,928.00,479,449,0.00,0.00,0,0
1508120307,s1,0.00,42.00,42.00,42,0,0.00,1.00,1.00,1,0,0.00,0.00,0,0
1508120307,eth0,0.00,0.00,0.00,0,0,0.00,0.00,0.00,0,0,0.00,0.00,0,0
1508120307,s2,0.00,42.00,42.00,42,0,0.00,1.00,1.00,1,0,0.00,0.00,0,0
1508120307,s1-eth2,12119.00,257422.00,269541.00,257422,12119,159.00,171.00,330.00,171,159,0.00,0.00,0,0
1508120307,s1-eth1,250179.00,12012.00,262191.00,12012,250179,167.00,158.00,325.00,158,167,0.00,0.00,0,0
1508120307,s2-eth2,13074.00,269534.00,282608.00,269534,13074,149.00,179.00,328.00,179,149,0.00,0.00,0,0
1508120307,s2-eth1,251366.00,13074.00,264440.00,13074,251366,167.00,149.00,316.00,149,167,0.00,0.00,0,0
1508120307,lo,480.00,480.00,960.00,480,480,6.00,6.00,12.00,6,6,0.00,0.00,0,0
1508120307,total,527218.00,552606.00,1079824.00,552606,527218,648.00,665.00,1313.00,665,648,0.00,0.00,0,0
1508120308,s1,0.00,111.89,111.89,112,0,0.00,2.00,2.00,2,0,0.00,0.00,0,0
1508120308,eth0,0.00,0.00,0.00,0,0,0.00,0.00,0.00,0,0,0.00,0.00,0,0
1508120308,s2,0.00,181.82,181.82,182,0,0.00,3.00,3.00,3,0,0.00,0.00,0,0
1508120308,s1-eth2,12679.32,255652.36,268331.69,255908,12692,162.84,169.83,332.67,170,163,0.00,0.00,0,0
1508120308,s1-eth1,249976.03,12015.98,261992.02,12028,250226,167.83,159.84,327.67,160,168,0.00,0.00,0,0
1508120308,s2-eth2,13919.08,236059.95,249979.03,236296,13933,164.84,157.84,322.68,158,165,0.00,0.00,0,0
1508120308,s2-eth1,249976.03,13218.78,263194.81,13232,250226,167.83,161.84,329.67,162,168,0.00,0.00,0,0
1508120308,lo,1282.72,1282.72,2565.43,1284,1284,14.99,14.99,29.97,15,15,0.00,0.00,0,0
1508120308,total,527833.19,518523.50,1046356.69,519042,528361,678.32,669.33,1347.65,670,679,0.00,0.00,0,0
1508120309,s1,70.00,112.00,182.00,112,70,1.00,2.00,3.00,2,1,0.00,0.00,0,0
1508120309,eth0,0.00,180.00,180.00,180,0,0.00,3.00,3.00,3,0,0.00,0.00,0,0
1508120309,s2,70.00,42.00,112.00,42,70,1.00,1.00,2.00,1,1,0.00,0.00,0,0
1508120309,s1-eth2,12628.00,254464.00,267092.00,254464,12628,162.00,170.00,332.00,170,162,0.00,0.00,0,0
1508120309,s1-eth1,250389.00,12558.00,262947.00,12558,250389,170.00,161.00,331.00,161,170,0.00,0.00,0,0
1508120309,s2-eth2,13026.00,237740.00,250766.00,237740,13026,151.00,158.00,309.00,158,151,0.00,0.00,0,0
1508120309,s2-eth1,248875.00,12544.00,261419.00,12544,248875,169.00,148.00,317.00,148,169,0.00,0.00,0,0
1508120309,lo,1284.00,1284.00,2568.00,1284,1284,15.00,15.00,30.00,15,15,0.00,0.00,0,0
1508120309,total,526342.00,518924.00,1045266.00,518924,526342,669.00,658.00,1327.00,658,669,0.00,0.00,0,0
1508120310,s1,0.00,42.00,42.00,42,0,0.00,1.00,1.00,1,0,0.00,0.00,0,0
1508120310,eth0,0.00,0.00,0.00,0,0,0.00,0.00,0.00,0,0,0.00,0.00,0,0
1508120310,s2,0.00,42.00,42.00,42,0,0.00,1.00,1.00,1,0,0.00,0.00,0,0
1508120310,s1-eth2,12406.00,254394.00,266800.00,254394,12406,161.00,169.00,330.00,169,161,0.00,0.00,0,0
1508120310,s1-eth1,249852.00,12406.00,262258.00,12406,249852,166.00,161.00,327.00,161,166,0.00,0.00,0,0
1508120310,s2-eth2,9644.00,242282.00,251926.00,242282,9644,124.00,161.00,285.00,161,124,0.00,0.00,0,0
1508120310,s2-eth1,249852.00,9644.00,259496.00,9644,249852,166.00,124.00,290.00,124,166,0.00,0.00,0,0
1508120310,lo,480.00,480.00,960.00,480,480,6.00,6.00,12.00,6,6,0.00,0.00,0,0
1508120310,total,522234.00,519290.00,1041524.00,519290,522234,623.00,623.00,1246.00,623,623,0.00,0.00,0,0
1508120311,s1,0.00,0.00,0.00,0,0,0.00,0.00,0.00,0,0,0.00,0.00,0,0
1508120311,eth0,60.00,60.00,120.00,60,60,1.00,1.00,2.00,1,1,0.00,0.00,0,0
1508120311,s2,0.00,0.00,0.00,0,0,0.00,0.00,0.00,0,0,0.00,0.00,0,0
1508120311,s1-eth2,12383.00,261922.00,274305.00,261922,12383,161.00,173.00,334.00,173,161,0.00,0.00,0,0
1508120311,s1-eth1,249810.00,12276.00,262086.00,12276,249810,165.00,160.00,325.00,160,165,0.00,0.00,0,0
1508120311,s2-eth2,9468.00,205904.00,215372.00,205904,9468,116.00,136.00,252.00,136,116,0.00,0.00,0,0
1508120311,s2-eth1,211960.00,9468.00,221428.00,9468,211960,140.00,116.00,256.00,116,140,0.00,0.00,0,0
1508120311,lo,0.00,0.00,0.00,0,0,0.00,0.00,0.00,0,0,0.00,0.00,0,0
1508120311,total,483681.00,489630.00,973311.00,489630,483681,583.00,586.00,1169.00,586,583,0.00,0.00,0,0
1508120312,s1,0.00,70.00,70.00,70,0,0.00,1.00,1.00,1,0,0.00,0.00,0,0
1508120312,eth0,0.00,0.00,0.00,0,0,0.00,0.00,0.00,0,0,0.00,0.00,0,0
1508120312,s2,0.00,140.00,140.00,140,0,0.00,2.00,2.00,2,0,0.00,0.00,0,0
1508120312,s1-eth2,12144.00,258894.00,271038.00,258894,12144,160.00,171.00,331.00,171,160,0.00,0.00,0,0
1508120312,s1-eth1,249917.00,12074.00,261991.00,12074,249917,166.00,159.00,325.00,159,166,0.00,0.00,0,0
1508120312,s2-eth2,5875.00,189320.00,195195.00,189320,5875,79.00,126.00,205.00,126,79,0.00,0.00,0,0
1508120312,s2-eth1,189357.00,5768.00,195125.00,5768,189357,126.00,78.00,204.00,78,126,0.00,0.00,0,0
1508120312,lo,804.00,804.00,1608.00,804,804,9.00,9.00,18.00,9,9,0.00,0.00,0,0
1508120312,total,458097.00,467070.00,925167.00,467070,458097,540.00,546.00,1086.00,546,540,0.00,0.00,0,0
1508120313,s1,69.93,69.93,139.86,70,70,1.00,1.00,2.00,1,1,0.00,0.00,0,0
1508120313,eth0,0.00,0.00,0.00,0,0,0.00,0.00,0.00,0,0,0.00,0.00,0,0
1508120313,s2,69.93,0.00,69.93,0,70,1.00,0.00,1.00,0,1,0.00,0.00,0,0
1508120313,s1-eth2,12403.60,251142.86,263546.47,251394,12416,161.84,166.83,328.67,167,162,0.00,0.00,0,0
1508120313,s1-eth1,249770.23,12407.59,262177.84,12420,250020,167.83,161.84,329.67,162,168,0.00,0.00,0,0
1508120313,s2-eth2,7252.75,172423.58,179676.33,172596,7260,93.91,113.89,207.79,114,94,0.00,0.00,0,0
1508120313,s2-eth1,165070.94,7112.89,172183.83,7120,165236,111.89,91.91,203.80,92,112,0.00,0.00,0,0
1508120313,lo,803.20,803.20,1606.39,804,804,8.99,8.99,17.98,9,9,0.00,0.00,0,0
1508120313,total,435440.56,443960.06,879400.62,444404,435876,546.45,544.46,1090.91,545,547,0.00,0.00,0,0
1508120314,s1,0.00,0.00,0.00,0,0,0.00,0.00,0.00,0,0,0.00,0.00,0,0
1508120314,eth0,0.00,0.00,0.00,0,0,0.00,0.00,0.00,0,0,0.00,0.00,0,0
1508120314,s2,0.00,0.00,0.00,0,0,0.00,0.00,0.00,0,0,0.00,0.00,0,0
1508120314,s1-eth2,12758.00,255866.00,268624.00,255866,12758,161.00,169.00,330.00,169,161,0.00,0.00,0,0
1508120314,s1-eth1,250152.00,12416.00,262568.00,12416,250152,166.00,160.00,326.00,160,166,0.00,0.00,0,0
1508120314,s2-eth2,6214.00,139288.00,145502.00,139288,6214,79.00,92.00,171.00,92,79,0.00,0.00,0,0
1508120314,s2-eth1,148372.00,6214.00,154586.00,6214,148372,98.00,79.00,177.00,79,98,0.00,0.00,0,0
1508120314,lo,0.00,0.00,0.00,0,0,0.00,0.00,0.00,0,0,0.00,0.00,0,0
1508120314,total,417496.00,413784.00,831280.00,413784,417496,504.00,500.00,1004.00,500,504,0.00,0.00,0,0
1508120315,s1,0.00,0.00,0.00,0,0,0.00,0.00,0.00,0,0,0.00,0.00,0,0
1508120315,eth0,0.00,0.00,0.00,0,0,0.00,0.00,0.00,0,0,0.00,0.00,0,0
1508120315,s2,0.00,0.00,0.00,0,0,0.00,0.00,0.00,0,0,0.00,0.00,0,0
1508120315,s1-eth2,12194.00,258894.00,271088.00,258894,12194,163.00,171.00,334.00,171,163,0.00,0.00,0,0
1508120315,s1-eth1,251324.00,12120.00,263444.00,12120,251324,166.00,162.00,328.00,162,166,0.00,0.00,0,0
1508120315,s2-eth2,5870.00,140844.00,146714.00,140844,5870,77.00,94.00,171.00,94,77,0.00,0.00,0,0
1508120315,s2-eth1,133616.00,5870.00,139486.00,5870,133616,90.00,77.00,167.00,77,90,0.00,0.00,0,0
1508120315,lo,592.00,592.00,1184.00,592,592,6.00,6.00,12.00,6,6,0.00,0.00,0,0
1508120315,total,403596.00,418320.00,821916.00,418320,403596,502.00,510.00,1012.00,510,502,0.00,0.00,0,0
1508120316,s1,0.00,0.00,0.00,0,0,0.00,0.00,0.00,0,0,0.00,0.00,0,0
1508120316,eth0,0.00,180.00,180.00,180,0,0.00,3.00,3.00,3,0,0.00,0.00,0,0
1508120316,s2,0.00,0.00,0.00,0,0,0.00,0.00,0.00,0,0,0.00,0.00,0,0
1508120316,s1-eth2,12356.00,255866.00,268222.00,255866,12356,160.00,169.00,329.00,169,160,0.00,0.00,0,0
1508120316,s1-eth1,249810.00,12356.00,262166.00,12356,249810,165.00,160.00,325.00,160,165,0.00,0.00,0,0
1508120316,s2-eth2,5392.00,105980.00,111372.00,105980,5392,66.00,70.00,136.00,70,66,0.00,0.00,0,0
1508120316,s2-eth1,102952.00,5392.00,108344.00,5392,102952,68.00,66.00,134.00,66,68,0.00,0.00,0,0
1508120316,lo,0.00,0.00,0.00,0,0,0.00,0.00,0.00,0,0,0.00,0.00,0,0
1508120316,total,370510.00,379774.00,750284.00,379774,370510,459.00,468.00,927.00,468,459,0.00,0.00,0,0
1508120317,s1,0.00,0.00,0.00,0,0,0.00,0.00,0.00,0,0,0.00,0.00,0,0
1508120317,eth0,0.00,0.00,0.00,0,0,0.00,0.00,0.00,0,0,0.00,0.00,0,0
1508120317,s2,0.00,0.00,0.00,0,0,0.00,0.00,0.00,0,0,0.00,0.00,0,0
1508120317,s1-eth2,12614.00,251324.00,263938.00,251324,12614,163.00,166.00,329.00,166,163,0.00,0.00,0,0
1508120317,s1-eth1,249810.00,12614.00,262424.00,12614,249810,165.00,163.00,328.00,163,165,0.00,0.00,0,0
1508120317,s2-eth2,4990.00,109008.00,113998.00,109008,4990,63.00,72.00,135.00,72,63,0.00,0.00,0,0
1508120317,s2-eth1,107494.00,4648.00,112142.00,4648,107494,71.00,62.00,133.00,62,71,0.00,0.00,0,0
1508120317,lo,0.00,0.00,0.00,0,0,0.00,0.00,0.00,0,0,0.00,0.00,0,0
1508120317,total,374908.00,377594.00,752502.00,377594,374908,462.00,463.00,925.00,463,462,0.00,0.00,0,0
1508120318,s1,0.00,0.00,0.00,0,0,0.00,0.00,0.00,0,0,0.00,0.00,0,0
1508120318,eth0,0.00,0.00,0.00,0,0,0.00,0.00,0.00,0,0,0.00,0.00,0,0
1508120318,s2,0.00,0.00,0.00,0,0,0.00,0.00,0.00,0,0,0.00,0.00,0,0
1508120318,s1-eth2,12086.00,258894.00,270980.00,258894,12086,159.00,171.00,330.00,171,159,0.00,0.00,0,0
1508120318,s1-eth1,249810.00,12086.00,261896.00,12086,249810,165.00,159.00,324.00,159,165,0.00,0.00,0,0
1508120318,s2-eth2,3180.00,62074.00,65254.00,62074,3180,40.00,41.00,81.00,41,40,0.00,0.00,0,0
1508120318,s2-eth1,63588.00,3180.00,66768.00,3180,63588,42.00,40.00,82.00,40,42,0.00,0.00,0,0
1508120318,lo,172.00,172.00,344.00,172,172,3.00,3.00,6.00,3,3,0.00,0.00,0,0
1508120318,total,328836.00,336406.00,665242.00,336406,328836,409.00,414.00,823.00,414,409,0.00,0.00,0,0
1508120319,s1,0.00,0.00,0.00,0,0,0.00,0.00,0.00,0,0,0.00,0.00,0,0
1508120319,eth0,0.00,313.69,313.69,314,0,0.00,2.00,2.00,2,0,0.00,0.00,0,0
1508120319,s2,0.00,0.00,0.00,0,0,0.00,0.00,0.00,0,0,0.00,0.00,0,0
1508120319,s1-eth2,12076.92,260147.86,272224.78,260408,12089,159.84,171.83,331.67,172,160,0.00,0.00,0,0
1508120319,s1-eth1,249560.45,12043.96,261604.41,12056,249810,164.84,159.84,324.68,160,165,0.00,0.00,0,0
1508120319,s2-eth2,2143.86,77136.87,79280.72,77214,2146,28.97,50.95,79.92,51,29,0.00,0.00,0,0
1508120319,s2-eth1,74111.89,2143.86,76255.75,2146,74186,48.95,28.97,77.92,29,49,0.00,0.00,0,0
1508120319,lo,171.83,171.83,343.66,172,172,3.00,3.00,5.99,3,3,0.00,0.00,0,0
1508120319,total,338064.94,351958.06,690023.00,352310,338403,405.59,416.58,822.18,417,406,0.00,0.00,0,0
1508120320,s1,0.00,0.00,0.00,0,0,0.00,0.00,0.00,0,0,0.00,0.00,0,0
1508120320,eth0,0.00,147.00,147.00,147,0,0.00,1.00,1.00,1,0,0.00,0.00,0,0
1508120320,s2,0.00,0.00,0.00,0,0,0.00,0.00,0.00,0,0,0.00,0.00,0,0
1508120320,s1-eth2,12442.00,249810.00,262252.00,249810,12442,161.00,165.00,326.00,165,161,0.00,0.00,0,0
1508120320,s1-eth1,251431.00,12368.00,263799.00,12368,251431,167.00,160.00,327.00,160,167,0.00,0.00,0,0
1508120320,s2-eth2,2815.00,52990.00,55805.00,52990,2815,35.00,35.00,70.00,35,35,0.00,0.00,0,0
1508120320,s2-eth1,47041.00,2708.00,49749.00,2708,47041,32.00,34.00,66.00,34,32,0.00,0.00,0,0
1508120320,lo,0.00,0.00,0.00,0,0,0.00,0.00,0.00,0,0,0.00,0.00,0,0
1508120320,total,313729.00,318023.00,631752.00,318023,313729,395.00,395.00,790.00,395,395,0.00,0.00,0,0
1508120321,s1,0.00,0.00,0.00,0,0,0.00,0.00,0.00,0,0,0.00,0.00,0,0
1508120321,eth0,0.00,0.00,0.00,0,0,0.00,0.00,0.00,0,0,0.00,0.00,0,0
1508120321,s2,0.00,0.00,0.00,0,0,0.00,0.00,0.00,0,0,0.00,0.00,0,0
1508120321,s1-eth2,11956.00,260408.00,272364.00,260408,11956,158.00,172.00,330.00,172,158,0.00,0.00,0,0
1508120321,s1-eth1,248296.00,11956.00,260252.00,11956,248296,164.00,158.00,322.00,158,164,0.00,0.00,0,0
1508120321,s2-eth2,2452.00,60560.00,63012.00,60560,2452,32.00,40.00,72.00,40,32,0.00,0.00,0,0
1508120321,s2-eth1,62074.00,2452.00,64526.00,2452,62074,41.00,32.00,73.00,32,41,0.00,0.00,0,0
1508120321,lo,0.00,0.00,0.00,0,0,0.00,0.00,0.00,0,0,0.00,0.00,0,0
1508120321,total,324778.00,335376.00,660154.00,335376,324778,395.00,402.00,797.00,402,395,0.00,0.00,0,0
1508120322,s1,0.00,0.00,0.00,0,0,0.00,0.00,0.00,0,0,0.00,0.00,0,0
1508120322,eth0,0.00,0.00,0.00,0,0,0.00,0.00,0.00,0,0,0.00,0.00,0,0
1508120322,s2,0.00,0.00,0.00,0,0,0.00,0.00,0.00,0,0,0.00,0.00,0,0
1508120322,s1-eth2,12198.00,251324.00,263522.00,251324,12198,159.00,166.00,325.00,166,159,0.00,0.00,0,0
1508120322,s1-eth1,249810.00,12272.00,262082.00,12272,249810,165.00,160.00,325.00,160,165,0.00,0.00,0,0
1508120322,s2-eth2,3132.00,75700.00,78832.00,75700,3132,42.00,50.00,92.00,50,42,0.00,0.00,0,0
1508120322,s2-eth1,69644.00,3206.00,72850.00,3206,69644,46.00,43.00,89.00,43,46,0.00,0.00,0,0
1508120322,lo,0.00,0.00,0.00,0,0,0.00,0.00,0.00,0,0,0.00,0.00,0,0
1508120322,total,334784.00,342502.00,677286.00,342502,334784,412.00,419.00,831.00,419,412,0.00,0.00,0,0
1508120323,s1,0.00,0.00,0.00,0,0,0.00,0.00,0.00,0,0,0.00,0.00,0,0
1508120323,eth0,0.00,346.65,346.65,347,0,0.00,4.00,4.00,4,0,0.00,0.00,0,0
1508120323,s2,0.00,0.00,0.00,0,0,0.00,0.00,0.00,0,0,0.00,0.00,0,0
1508120323,s1-eth2,12241.76,261660.34,273902.09,261922,12254,158.84,172.83,331.67,173,159,0.00,0.00,0,0
1508120323,s1-eth1,249560.45,12167.83,261728.28,12180,249810,164.84,157.84,322.68,158,165,0.00,0.00,0,0
1508120323,s2-eth2,2809.19,84699.30,87508.49,84784,2812,37.96,55.94,93.91,56,38,0.00,0.00,0,0
1508120323,s2-eth1,90749.25,2735.26,93484.52,2738,90840,59.94,36.96,96.90,37,60,0.00,0.00,0,0
1508120323,lo,171.83,171.83,343.66,172,172,3.00,3.00,5.99,3,3,0.00,0.00,0,0
1508120323,total,355532.47,361781.22,717313.69,362143,355888,424.58,430.57,855.14,431,425,0.00,0.00,0,0
1508120324,s1,0.00,0.00,0.00,0,0,0.00,0.00,0.00,0,0,0.00,0.00,0,0
1508120324,eth0,0.00,0.00,0.00,0,0,0.00,0.00,0.00,0,0,0.00,0.00,0,0
1508120324,s2,0.00,0.00,0.00,0,0,0.00,0.00,0.00,0,0,0.00,0.00,0,0
1508120324,s1-eth2,12174.00,257380.00,269554.00,257380,12174,161.00,170.00,331.00,170,161,0.00,0.00,0,0
1508120324,s1-eth1,251324.00,12174.00,263498.00,12174,251324,166.00,161.00,327.00,161,166,0.00,0.00,0,0
1508120324,s2-eth2,3092.00,90840.00,93932.00,90840,3092,40.00,60.00,100.00,60,40,0.00,0.00,0,0
1508120324,s2-eth1,83270.00,3092.00,86362.00,3092,83270,55.00,40.00,95.00,40,55,0.00,0.00,0,0
1508120324,lo,172.00,172.00,344.00,172,172,3.00,3.00,6.00,3,3,0.00,0.00,0,0
1508120324,total,350032.00,363658.00,713690.00,363658,350032,425.00,434.00,859.00,434,425,0.00,0.00,0,0
1508120325,s1,0.00,0.00,0.00,0,0,0.00,0.00,0.00,0,0,0.00,0.00,0,0
1508120325,eth0,0.00,0.00,0.00,0,0,0.00,0.00,0.00,0,0,0.00,0.00,0,0
1508120325,s2,0.00,0.00,0.00,0,0,0.00,0.00,0.00,0,0,0.00,0.00,0,0
1508120325,s1-eth2,12515.48,260147.86,272663.34,260408,12528,161.84,171.83,333.67,172,162,0.00,0.00,0,0
1508120325,s1-eth1,249560.45,12515.48,262075.94,12528,249810,164.84,161.84,326.67,162,165,0.00,0.00,0,0
1508120325,s2-eth2,4287.71,102849.16,107136.87,102952,4292,57.94,67.93,125.87,68,58,0.00,0.00,0,0
1508120325,s2-eth1,105874.12,4287.71,110161.84,4292,105980,69.93,57.94,127.87,58,70,0.00,0.00,0,0
1508120325,lo,0.00,0.00,0.00,0,0,0.00,0.00,0.00,0,0,0.00,0.00,0,0
1508120325,total,372237.78,379800.22,752038.00,380180,372610,454.55,459.54,914.09,460,455,0.00,0.00,0,0
1508120326,s1,0.00,0.00,0.00,0,0,0.00,0.00,0.00,0,0,0.00,0.00,0,0
1508120326,eth0,0.00,0.00,0.00,0,0,0.00,0.00,0.00,0,0,0.00,0.00,0,0
1508120326,s2,0.00,0.00,0.00,0,0,0.00,0.00,0.00,0,0,0.00,0.00,0,0
1508120326,s1-eth2,12272.00,254352.00,266624.00,254352,12272,160.00,168.00,328.00,168,160,0.00,0.00,0,0
1508120326,s1-eth1,249810.00,12272.00,262082.00,12272,249810,165.00,160.00,325.00,160,165,0.00,0.00,0,0
1508120326,s2-eth2,4090.00,113550.00,117640.00,113550,4090,53.00,75.00,128.00,75,53,0.00,0.00,0,0
1508120326,s2-eth1,109008.00,4238.00,113246.00,4238,109008,72.00,55.00,127.00,55,72,0.00,0.00,0,0
1508120326,lo,0.00,0.00,0.00,0,0,0.00,0.00,0.00,0,0,0.00,0.00,0,0
1508120326,total,375180.00,384412.00,759592.00,384412,375180,450.00,458.00,908.00,458,450,0.00,0.00,0,0
1508120327,s1,0.00,0.00,0.00,0,0,0.00,0.00,0.00,0,0,0.00,0.00,0,0
1508120327,eth0,0.00,0.00,0.00,0,0,0.00,0.00,0.00,0,0,0.00,0.00,0,0
1508120327,s2,0.00,0.00,0.00,0,0,0.00,0.00,0.00,0,0,0.00,0.00,0,0
1508120327,s1-eth2,12283.72,254097.91,266381.62,254352,12296,159.84,167.83,327.67,168,160,0.00,0.00,0,0
1508120327,s1-eth1,249560.45,12357.64,261918.09,12370,249810,164.84,160.84,325.67,161,165,0.00,0.00,0,0
1508120327,s2-eth2,4169.83,80161.84,84331.67,80242,4174,50.95,52.95,103.90,53,51,0.00,0.00,0,0
1508120327,s2-eth1,75624.38,4021.98,79646.36,4026,75700,49.95,48.95,98.90,49,50,0.00,0.00,0,0
1508120327,lo,0.00,0.00,0.00,0,0,0.00,0.00,0.00,0,0,0.00,0.00,0,0
1508120327,total,341638.38,350639.38,692277.75,350990,341980,425.57,430.57,856.14,431,426,0.00,0.00,0,0
1508120328,s1,0.00,0.00,0.00,0,0,0.00,0.00,0.00,0,0,0.00,0.00,0,0
1508120328,eth0,0.00,0.00,0.00,0,0,0.00,0.00,0.00,0,0,0.00,0.00,0,0
1508120328,s2,0.00,0.00,0.00,0,0,0.00,0.00,0.00,0,0,0.00,0.00,0,0
1508120328,s1-eth2,12296.00,260408.00,272704.00,260408,12296,162.00,172.00,334.00,172,162,0.00,0.00,0,0
1508120328,s1-eth1,250152.00,12296.00,262448.00,12296,250152,166.00,162.00,328.00,162,166,0.00,0.00,0,0
1508120328,s2-eth2,2490.00,51476.00,53966.00,51476,2490,33.00,34.00,67.00,34,33,0.00,0.00,0,0
1508120328,s2-eth1,51818.00,2490.00,54308.00,2490,51818,35.00,33.00,68.00,33,35,0.00,0.00,0,0
1508120328,lo,172.00,172.00,344.00,172,172,3.00,3.00,6.00,3,3,0.00,0.00,0,0
1508120328,total,316928.00,326842.00,643770.00,326842,316928,399.00,404.00,803.00,404,399,0.00,0.00,0,0
1508120329,s1,0.00,0.00,0.00,0,0,0.00,0.00,0.00,0,0,0.00,0.00,0,0
1508120329,eth0,0.00,0.00,0.00,0,0,0.00,0.00,0.00,0,0,0.00,0.00,0,0
1508120329,s2,0.00,0.00,0.00,0,0,0.00,0.00,0.00,0,0,0.00,0.00,0,0
1508120329,s1-eth2,12302.00,260408.00,272710.00,260408,12302,161.00,172.00,333.00,172,161,0.00,0.00,0,0
1508120329,s1-eth1,249810.00,12228.00,262038.00,12228,249810,165.00,160.00,325.00,160,165,0.00,0.00,0,0
1508120329,s2-eth2,2598.00,63588.00,66186.00,63588,2598,33.00,42.00,75.00,42,33,0.00,0.00,0,0
1508120329,s2-eth1,56018.00,2598.00,58616.00,2598,56018,37.00,33.00,70.00,33,37,0.00,0.00,0,0
1508120329,lo,172.00,172.00,344.00,172,172,3.00,3.00,6.00,3,3,0.00,0.00,0,0
1508120329,total,320900.00,338994.00,659894.00,338994,320900,399.00,410.00,809.00,410,399,0.00,0.00,0,0
1508120330,s1,0.00,0.00,0.00,0,0,0.00,0.00,0.00,0,0,0.00,0.00,0,0
1508120330,eth0,0.00,120.00,120.00,120,0,0.00,2.00,2.00,2,0,0.00,0.00,0,0
1508120330,s2,0.00,0.00,0.00,0,0,0.00,0.00,0.00,0,0,0.00,0.00,0,0
1508120330,s1-eth2,12338.00,254352.00,266690.00,254352,12338,159.00,168.00,327.00,168,159,0.00,0.00,0,0
1508120330,s1-eth1,249810.00,12412.00,262222.00,12412,249810,165.00,160.00,325.00,160,165,0.00,0.00,0,0
1508120330,s2-eth2,3330.00,75700.00,79030.00,75700,3330,45.00,50.00,95.00,50,45,0.00,0.00,0,0
1508120330,s2-eth1,80242.00,3330.00,83572.00,3330,80242,53.00,45.00,98.00,45,53,0.00,0.00,0,0
1508120330,lo,0.00,0.00,0.00,0,0,0.00,0.00,0.00,0,0,0.00,0.00,0,0
1508120330,total,345720.00,345914.00,691634.00,345914,345720,422.00,425.00,847.00,425,422,0.00,0.00,0,0
1508120331,s1,0.00,0.00,0.00,0,0,0.00,0.00,0.00,0,0,0.00,0.00,0,0
1508120331,eth0,0.00,0.00,0.00,0,0,0.00,0.00,0.00,0,0,0.00,0.00,0,0
1508120331,s2,0.00,0.00,0.00,0,0,0.00,0.00,0.00,0,0,0.00,0.00,0,0
1508120331,s1-eth2,12092.00,255866.00,267958.00,255866,12092,160.00,169.00,329.00,169,160,0.00,0.00,0,0
1508120331,s1-eth1,251324.00,12018.00,263342.00,12018,251324,166.00,159.00,325.00,159,166,0.00,0.00,0,0
1508120331,s2-eth2,3626.00,102952.00,106578.00,102952,3626,49.00,68.00,117.00,68,49,0.00,0.00,0,0
1508120331,s2-eth1,96896.00,3626.00,100522.00,3626,96896,64.00,49.00,113.00,49,64,0.00,0.00,0,0
1508120331,lo,0.00,0.00,0.00,0,0,0.00,0.00,0.00,0,0,0.00,0.00,0,0
1508120331,total,363938.00,374462.00,738400.00,374462,363938,439.00,445.00,884.00,445,439,0.00,0.00,0,0
1508120332,s1,0.00,0.00,0.00,0,0,0.00,0.00,0.00,0,0,0.00,0.00,0,0
1508120332,eth0,0.00,314.00,314.00,314,0,0.00,2.00,2.00,2,0,0.00,0.00,0,0
1508120332,s2,0.00,0.00,0.00,0,0,0.00,0.00,0.00,0,0,0.00,0.00,0,0
1508120332,s1-eth2,12292.00,255866.00,268158.00,255866,12292,160.00,169.00,329.00,169,160,0.00,0.00,0,0
1508120332,s1-eth1,249810.00,12292.00,262102.00,12292,249810,165.00,160.00,325.00,160,165,0.00,0.00,0,0
1508120332,s2-eth2,3918.00,110522.00,114440.00,110522,3918,51.00,73.00,124.00,73,51,0.00,0.00,0,0
1508120332,s2-eth1,113550.00,3918.00,117468.00,3918,113550,75.00,51.00,126.00,51,75,0.00,0.00,0,0
1508120332,lo,0.00,0.00,0.00,0,0,0.00,0.00,0.00,0,0,0.00,0.00,0,0
1508120332,total,379570.00,382912.00,762482.00,382912,379570,451.00,455.00,906.00,455,451,0.00,0.00,0,0
1508120333,s1,0.00,0.00,0.00,0,0,0.00,0.00,0.00,0,0,0.00,0.00,0,0
1508120333,eth0,0.00,1464.00,1464.00,1464,0,0.00,4.00,4.00,4,0,0.00,0.00,0,0
1508120333,s2,0.00,0.00,0.00,0,0,0.00,0.00,0.00,0,0,0.00,0.00,0,0
1508120333,s1-eth2,12588.00,254352.00,266940.00,254352,12588,160.00,168.00,328.00,168,160,0.00,0.00,0,0
1508120333,s1-eth1,249810.00,12246.00,262056.00,12246,249810,165.00,159.00,324.00,159,165,0.00,0.00,0,0
1508120333,s2-eth2,4732.00,121120.00,125852.00,121120,4732,60.00,80.00,140.00,80,60,0.00,0.00,0,0
1508120333,s2-eth1,115064.00,4390.00,119454.00,4390,115064,76.00,59.00,135.00,59,76,0.00,0.00,0,0
1508120333,lo,172.00,172.00,344.00,172,172,3.00,3.00,6.00,3,3,0.00,0.00,0,0
1508120333,total,382366.00,393744.00,776110.00,393744,382366,464.00,473.00,937.00,473,464,0.00,0.00,0,0
1508120334,s1,0.00,0.00,0.00,0,0,0.00,0.00,0.00,0,0,0.00,0.00,0,0
1508120334,eth0,0.00,0.00,0.00,0,0,0.00,0.00,0.00,0,0,0.00,0.00,0,0
1508120334,s2,0.00,0.00,0.00,0,0,0.00,0.00,0.00,0,0,0.00,0.00,0,0
1508120334,s1-eth2,12163.84,255610.39,267774.22,255866,12176,159.84,168.83,328.67,169,160,0.00,0.00,0,0
1508120334,s1-eth1,249560.45,12237.76,261798.20,12250,249810,164.84,160.84,325.67,161,165,0.00,0.00,0,0
1508120334,s2-eth2,4731.27,127048.95,131780.22,127176,4736,63.94,83.92,147.85,84,64,0.00,0.00,0,0
1508120334,s2-eth1,131586.42,4731.27,136317.69,4736,131718,86.91,63.94,150.85,64,87,0.00,0.00,0,0
1508120334,lo,171.83,171.83,343.66,172,172,3.00,3.00,5.99,3,3,0.00,0.00,0,0
1508120334,total,398213.81,399800.22,798014.00,400200,398612,478.52,480.52,959.04,481,479,0.00,0.00,0,0
1508120335,s1,0.00,0.00,0.00,0,0,0.00,0.00,0.00,0,0,0.00,0.00,0,0
1508120335,eth0,0.00,0.00,0.00,0,0,0.00,0.00,0.00,0,0,0.00,0.00,0,0
1508120335,s2,0.00,0.00,0.00,0,0,0.00,0.00,0.00,0,0,0.00,0.00,0,0
1508120335,s1-eth2,12357.00,258894.00,271251.00,258894,12357,162.00,171.00,333.00,171,162,0.00,0.00,0,0
1508120335,s1-eth1,251324.00,12176.00,263500.00,12176,251324,166.00,160.00,326.00,160,166,0.00,0.00,0,0
1508120335,s2-eth2,5106.00,154428.00,159534.00,154428,5106,69.00,102.00,171.00,102,69,0.00,0.00,0,0
1508120335,s2-eth1,147200.00,5106.00,152306.00,5106,147200,98.00,69.00,167.00,69,98,0.00,0.00,0,0
1508120335,lo,0.00,0.00,0.00,0,0,0.00,0.00,0.00,0,0,0.00,0.00,0,0
1508120335,total,415987.00,430604.00,846591.00,430604,415987,495.00,502.00,997.00,502,495,0.00,0.00,0,0
1508120336,s1,0.00,0.00,0.00,0,0,0.00,0.00,0.00,0,0,0.00,0.00,0,0
1508120336,eth0,0.00,86.00,86.00,86,0,0.00,1.00,1.00,1,0,0.00,0.00,0,0
1508120336,s2,0.00,0.00,0.00,0,0,0.00,0.00,0.00,0,0,0.00,0.00,0,0
1508120336,s1-eth2,12322.00,254352.00,266674.00,254352,12322,161.00,168.00,329.00,168,161,0.00,0.00,0,0
1508120336,s1-eth1,249917.00,12408.00,262325.00,12408,249917,166.00,162.00,328.00,162,166,0.00,0.00,0,0
1508120336,s2-eth2,6391.00,142316.00,148707.00,142316,6391,83.00,94.00,177.00,94,83,0.00,0.00,0,0
1508120336,s2-eth1,143937.00,6358.00,150295.00,6358,143937,96.00,83.00,179.00,83,96,0.00,0.00,0,0
1508120336,lo,0.00,0.00,0.00,0,0,0.00,0.00,0.00,0,0,0.00,0.00,0,0
1508120336,total,412567.00,415520.00,828087.00,415520,412567,506.00,508.00,1014.00,508,506,0.00,0.00,0,0
1508120337,s1,0.00,0.00,0.00,0,0,0.00,0.00,0.00,0,0,0.00,0.00,0,0
1508120337,eth0,0.00,180.00,180.00,180,0,0.00,3.00,3.00,3,0,0.00,0.00,0,0
1508120337,s2,0.00,0.00,0.00,0,0,0.00,0.00,0.00,0,0,0.00,0.00,0,0
1508120337,s1-eth2,12302.00,261922.00,274224.00,261922,12302,159.00,173.00,332.00,173,159,0.00,0.00,0,0
1508120337,s1-eth1,249810.00,12216.00,262026.00,12216,249810,165.00,158.00,323.00,158,165,0.00,0.00,0,0
1508120337,s2-eth2,6122.00,137774.00,143896.00,137774,6122,77.00,91.00,168.00,91,77,0.00,0.00,0,0
1508120337,s2-eth1,136260.00,6048.00,142308.00,6048,136260,90.00,76.00,166.00,76,90,0.00,0.00,0,0
1508120337,lo,0.00,0.00,0.00,0,0,0.00,0.00,0.00,0,0,0.00,0.00,0,0
1508120337,total,404494.00,418140.00,822634.00,418140,404494,491.00,501.00,992.00,501,491,0.00,0.00,0,0
1508120338,s1,0.00,0.00,0.00,0,0,0.00,0.00,0.00,0,0,0.00,0.00,0,0
1508120338,eth0,0.00,0.00,0.00,0,0,0.00,0.00,0.00,0,0,0.00,0.00,0,0
1508120338,s2,0.00,0.00,0.00,0,0,0.00,0.00,0.00,0,0,0.00,0.00,0,0
1508120338,s1-eth2,12696.00,261922.00,274618.00,261922,12696,162.00,173.00,335.00,173,162,0.00,0.00,0,0
1508120338,s1-eth1,249810.00,12696.00,262506.00,12696,249810,165.00,162.00,327.00,162,165,0.00,0.00,0,0
1508120338,s2-eth2,3546.00,77214.00,80760.00,77214,3546,45.00,51.00,96.00,51,45,0.00,0.00,0,0
1508120338,s2-eth1,78728.00,3546.00,82274.00,3546,78728,52.00,45.00,97.00,45,52,0.00,0.00,0,0
1508120338,lo,172.00,172.00,344.00,172,172,3.00,3.00,6.00,3,3,0.00,0.00,0,0
1508120338,total,344952.00,355550.00,700502.00,355550,344952,427.00,434.00,861.00,434,427,0.00,0.00,0,0
1508120339,s1,0.00,0.00,0.00,0,0,0.00,0.00,0.00,0,0,0.00,0.00,0,0
1508120339,eth0,0.00,0.00,0.00,0,0,0.00,0.00,0.00,0,0,0.00,0.00,0,0
1508120339,s2,0.00,0.00,0.00,0,0,0.00,0.00,0.00,0,0,0.00,0.00,0,0
1508120339,s1-eth2,11384.62,261660.34,273044.97,261922,11396,153.85,172.83,326.67,173,154,0.00,0.00,0,0
1508120339,s1-eth1,249902.11,11384.62,261286.72,11396,250152,165.83,153.85,319.68,154,166,0.00,0.00,0,0
1508120339,s2-eth2,2929.07,77136.87,80065.94,77214,2932,37.96,50.95,88.91,51,38,0.00,0.00,0,0
1508120339,s2-eth1,72599.41,2929.07,75528.48,2932,72672,47.95,37.96,85.91,38,48,0.00,0.00,0,0
1508120339,lo,171.83,171.83,343.66,172,172,3.00,3.00,5.99,3,3,0.00,0.00,0,0
1508120339,total,336987.03,353282.72,690269.75,353636,337324,408.59,418.58,827.17,419,409,0.00,0.00,0,0
1508120340,s1,0.00,0.00,0.00,0,0,0.00,0.00,0.00,0,0,0.00,0.00,0,0
1508120340,eth0,0.00,0.00,0.00,0,0,0.00,0.00,0.00,0,0,0.00,0.00,0,0
1508120340,s2,0.00,0.00,0.00,0,0,0.00,0.00,0.00,0,0,0.00,0.00,0,0
1508120340,s1-eth2,10828.00,245268.00,256096.00,245268,10828,140.00,162.00,302.00,162,140,0.00,0.00,0,0
1508120340,s1-eth1,249810.00,10828.00,260638.00,10828,249810,165.00,140.00,305.00,140,165,0.00,0.00,0,0
1508120340,s2-eth2,3376.00,77214.00,80590.00,77214,3376,44.00,51.00,95.00,51,44,0.00,0.00,0,0
1508120340,s2-eth1,74186.00,3376.00,77562.00,3376,74186,49.00,44.00,93.00,44,49,0.00,0.00,0,0
1508120340,lo,0.00,0.00,0.00,0,0,0.00,0.00,0.00,0,0,0.00,0.00,0,0
1508120340,total,338200.00,336686.00,674886.00,336686,338200,398.00,397.00,795.00,397,398,0.00,0.00,0,0
1508120341,s1,0.00,0.00,0.00,0,0,0.00,0.00,0.00,0,0,0.00,0.00,0,0
1508120341,eth0,0.00,0.00,0.00,0,0,0.00,0.00,0.00,0,0,0.00,0.00,0,0
1508120341,s2,0.00,0.00,0.00,0,0,0.00,0.00,0.00,0,0,0.00,0.00,0,0
1508120341,s1-eth2,12364.00,257380.00,269744.00,257380,12364,158.00,170.00,328.00,170,158,0.00,0.00,0,0
1508120341,s1-eth1,251072.94,12425.58,263498.50,12438,251324,165.83,158.84,324.68,159,166,0.00,0.00,0,0
1508120341,s2-eth2,3770.23,87724.28,91494.51,87812,3774,50.95,57.94,108.89,58,51,0.00,0.00,0,0
1508120341,s2-eth1,93774.23,3770.23,97544.46,3774,93868,61.94,50.95,112.89,51,62,0.00,0.00,0,0
1508120341,lo,0.00,0.00,0.00,0,0,0.00,0.00,0.00,0,0,0.00,0.00,0,0
1508120341,total,360969.03,361042.97,722012.00,361404,361330,436.56,437.56,874.13,438,437,0.00,0.00,0,0
1508120342,s1,0.00,0.00,0.00,0,0,0.00,0.00,0.00,0,0,0.00,0.00,0,0
1508120342,eth0,0.00,0.00,0.00,0,0,0.00,0.00,0.00,0,0,0.00,0.00,0,0
1508120342,s2,0.00,0.00,0.00,0,0,0.00,0.00,0.00,0,0,0.00,0.00,0,0
1508120342,s1-eth2,12590.00,258894.00,271484.00,258894,12590,161.00,171.00,332.00,171,161,0.00,0.00,0,0
1508120342,s1-eth1,249810.00,12174.00,261984.00,12174,249810,165.00,159.00,324.00,159,165,0.00,0.00,0,0
1508120342,s2-eth2,2738.00,116578.00,119316.00,116578,2738,37.00,77.00,114.00,77,37,0.00,0.00,0,0
1508120342,s2-eth1,105980.00,2738.00,108718.00,2738,105980,70.00,37.00,107.00,37,70,0.00,0.00,0,0
1508120342,lo,0.00,0.00,0.00,0,0,0.00,0.00,0.00,0,0,0.00,0.00,0,0
1508120342,total,371118.00,390384.00,761502.00,390384,371118,433.00,444.00,877.00,444,433,0.00,0.00,0,0
1508120343,s1,0.00,0.00,0.00,0,0,0.00,0.00,0.00,0,0,0.00,0.00,0,0
1508120343,eth0,0.00,0.00,0.00,0,0,0.00,0.00,0.00,0,0,0.00,0.00,0,0
1508120343,s2,0.00,0.00,0.00,0,0,0.00,0.00,0.00,0,0,0.00,0.00,0,0
1508120343,s1-eth2,12458.00,258894.00,271352.00,258894,12458,163.00,171.00,334.00,171,163,0.00,0.00,0,0
1508120343,s1-eth1,249810.00,12458.00,262268.00,12458,249810,165.00,163.00,328.00,163,165,0.00,0.00,0,0
1508120343,s2-eth2,3952.00,101438.00,105390.00,101438,3952,50.00,67.00,117.00,67,50,0.00,0.00,0,0
1508120343,s2-eth1,112036.00,3952.00,115988.00,3952,112036,74.00,50.00,124.00,50,74,0.00,0.00,0,0
1508120343,lo,172.00,172.00,344.00,172,172,3.00,3.00,6.00,3,3,0.00,0.00,0,0
1508120343,total,378428.00,376914.00,755342.00,376914,378428,455.00,454.00,909.00,454,455,0.00,0.00,0,0
1508120344,s1,0.00,0.00,0.00,0,0,0.00,0.00,0.00,0,0,0.00,0.00,0,0
1508120344,eth0,0.00,0.00,0.00,0,0,0.00,0.00,0.00,0,0,0.00,0.00,0,0
1508120344,s2,0.00,0.00,0.00,0,0,0.00,0.00,0.00,0,0,0.00,0.00,0,0
1508120344,s1-eth2,11906.00,258894.00,270800.00,258894,11906,157.00,171.00,328.00,171,157,0.00,0.00,0,0
1508120344,s1-eth1,249810.00,11906.00,261716.00,11906,249810,165.00,157.00,322.00,157,165,0.00,0.00,0,0
1508120344,s2-eth2,3870.00,102952.00,106822.00,102952,3870,51.00,68.00,119.00,68,51,0.00,0.00,0,0
1508120344,s2-eth1,91182.00,3870.00,95052.00,3870,91182,61.00,51.00,112.00,51,61,0.00,0.00,0,0
1508120344,lo,172.00,172.00,344.00,172,172,3.00,3.00,6.00,3,3,0.00,0.00,0,0
1508120344,total,356940.00,377794.00,734734.00,377794,356940,437.00,450.00,887.00,450,437,0.00,0.00,0,0
1508120345,s1,0.00,0.00,0.00,0,0,0.00,0.00,0.00,0,0,0.00,0.00,0,0
1508120345,eth0,0.00,180.00,180.00,180,0,0.00,3.00,3.00,3,0,0.00,0.00,0,0
1508120345,s2,0.00,0.00,0.00,0,0,0.00,0.00,0.00,0,0,0.00,0.00,0,0
1508120345,s1-eth2,12320.00,257380.00,269700.00,257380,12320,160.00,170.00,330.00,170,160,0.00,0.00,0,0
1508120345,s1-eth1,249810.00,12320.00,262130.00,12320,249810,165.00,160.00,325.00,160,165,0.00,0.00,0,0
1508120345,s2-eth2,4486.00,89326.00,93812.00,89326,4486,59.00,59.00,118.00,59,59,0.00,0.00,0,0
1508120345,s2-eth1,99924.00,4486.00,104410.00,4486,99924,66.00,59.00,125.00,59,66,0.00,0.00,0,0
1508120345,lo,0.00,0.00,0.00,0,0,0.00,0.00,0.00,0,0,0.00,0.00,0,0
1508120345,total,366540.00,363692.00,730232.00,363692,366540,450.00,451.00,901.00,451,450,0.00,0.00,0,0
1508120346,s1,0.00,0.00,0.00,0,0,0.00,0.00,0.00,0,0,0.00,0.00,0,0
1508120346,eth0,0.00,274.00,274.00,274,0,0.00,2.00,2.00,2,0,0.00,0.00,0,0
1508120346,s2,0.00,0.00,0.00,0,0,0.00,0.00,0.00,0,0,0.00,0.00,0,0
1508120346,s1-eth2,12470.00,258894.00,271364.00,258894,12470,161.00,171.00,332.00,171,161,0.00,0.00,0,0
1508120346,s1-eth1,249810.00,12470.00,262280.00,12470,249810,165.00,161.00,326.00,161,165,0.00,0.00,0,0
1508120346,s2-eth2,3634.00,89326.00,92960.00,89326,3634,43.00,59.00,102.00,59,43,0.00,0.00,0,0
1508120346,s2-eth1,74186.00,3292.00,77478.00,3292,74186,49.00,42.00,91.00,42,49,0.00,0.00,0,0
1508120346,lo,0.00,0.00,0.00,0,0,0.00,0.00,0.00,0,0,0.00,0.00,0,0
1508120346,total,340100.00,364256.00,704356.00,364256,340100,418.00,435.00,853.00,435,418,0.00,0.00,0,0
1508120347,s1,0.00,0.00,0.00,0,0,0.00,0.00,0.00,0,0,0.00,0.00,0,0
1508120347,eth0,0.00,0.00,0.00,0,0,0.00,0.00,0.00,0,0,0.00,0.00,0,0
1508120347,s2,0.00,0.00,0.00,0,0,0.00,0.00,0.00,0,0,0.00,0.00,0,0
1508120347,s1-eth2,12218.00,266464.00,278682.00,266464,12218,159.00,176.00,335.00,176,159,0.00,0.00,0,0
1508120347,s1-eth1,249810.00,12218.00,262028.00,12218,249810,165.00,159.00,324.00,159,165,0.00,0.00,0,0
1508120347,s2-eth2,3200.00,62074.00,65274.00,62074,3200,40.00,41.00,81.00,41,40,0.00,0.00,0,0
1508120347,s2-eth1,69644.00,3200.00,72844.00,3200,69644,46.00,40.00,86.00,40,46,0.00,0.00,0,0
1508120347,lo,0.00,0.00,0.00,0,0,0.00,0.00,0.00,0,0,0.00,0.00,0,0
1508120347,total,334872.00,343956.00,678828.00,343956,334872,410.00,416.00,826.00,416,410,0.00,0.00,0,0
1508120348,s1,0.00,0.00,0.00,0,0,0.00,0.00,0.00,0,0,0.00,0.00,0,0
1508120348,eth0,0.00,0.00,0.00,0,0,0.00,0.00,0.00,0,0,0.00,0.00,0,0
1508120348,s2,0.00,0.00,0.00,0,0,0.00,0.00,0.00,0,0,0.00,0.00,0,0
1508120348,s1-eth2,12564.00,251324.00,263888.00,251324,12564,162.00,166.00,328.00,166,162,0.00,0.00,0,0
1508120348,s1-eth1,249810.00,12564.00,262374.00,12564,249810,165.00,162.00,327.00,162,165,0.00,0.00,0,0
1508120348,s2-eth2,2548.00,52990.00,55538.00,52990,2548,32.00,35.00,67.00,35,32,0.00,0.00,0,0
1508120348,s2-eth1,43906.00,2548.00,46454.00,2548,43906,29.00,32.00,61.00,32,29,0.00,0.00,0,0
1508120348,lo,172.00,172.00,344.00,172,172,3.00,3.00,6.00,3,3,0.00,0.00,0,0
1508120348,total,309000.00,319598.00,628598.00,319598,309000,391.00,398.00,789.00,398,391,0.00,0.00,0,0
1508120349,s1,0.00,0.00,0.00,0,0,0.00,0.00,0.00,0,0,0.00,0.00,0,0
1508120349,eth0,0.00,210.00,210.00,210,0,0.00,2.00,2.00,2,0,0.00,0.00,0,0
1508120349,s2,0.00,0.00,0.00,0,0,0.00,0.00,0.00,0,0,0.00,0.00,0,0
1508120349,s1-eth2,12136.00,263478.00,275614.00,263478,12136,162.00,175.00,337.00,175,162,0.00,0.00,0,0
1508120349,s1-eth1,249852.00,12136.00,261988.00,12136,249852,166.00,162.00,328.00,162,166,0.00,0.00,0,0
1508120349,s2-eth2,2156.00,46934.00,49090.00,46934,2156,28.00,31.00,59.00,31,28,0.00,0.00,0,0
1508120349,s2-eth1,52990.00,2156.00,55146.00,2156,52990,35.00,28.00,63.00,28,35,0.00,0.00,0,0
1508120349,lo,468.00,468.00,936.00,468,468,6.00,6.00,12.00,6,6,0.00,0.00,0,0
1508120349,total,317602.00,325382.00,642984.00,325382,317602,397.00,404.00,801.00,404,397,0.00,0.00,0,0
1508120350,s1,0.00,0.00,0.00,0,0,0.00,0.00,0.00,0,0,0.00,0.00,0,0
1508120350,eth0,0.00,209.79,209.79,210,0,0.00,2.00,2.00,2,0,0.00,0.00,0,0
1508120350,s2,0.00,0.00,0.00,0,0,0.00,0.00,0.00,0,0,0.00,0.00,0,0
1508120350,s1-eth2,12475.52,248047.95,260523.48,248296,12488,159.84,163.84,323.68,164,160,0.00,0.00,0,0
1508120350,s1-eth1,251072.94,12549.45,263622.38,12562,251324,165.83,160.84,326.67,161,166,0.00,0.00,0,0
1508120350,s2-eth2,2597.40,57474.53,60071.93,57532,2600,33.97,37.96,71.93,38,34,0.00,0.00,0,0
1508120350,s2-eth1,46887.11,2597.40,49484.52,2600,46934,30.97,33.97,64.94,34,31,0.00,0.00,0,0
1508120350,lo,0.00,0.00,0.00,0,0,0.00,0.00,0.00,0,0,0.00,0.00,0,0
1508120350,total,313032.97,320879.12,633912.12,321200,313346,390.61,398.60,789.21,399,391,0.00,0.00,0,0
1508120351,s1,0.00,0.00,0.00,0,0,0.00,0.00,0.00,0,0,0.00,0.00,0,0
1508120351,eth0,880.00,951.00,1831.00,951,880,10.00,8.00,18.00,8,10,0.00,0.00,0,0
1508120351,s2,0.00,0.00,0.00,0,0,0.00,0.00,0.00,0,0,0.00,0.00,0,0
1508120351,s1-eth2,12766.00,264950.00,277716.00,264950,12766,165.00,175.00,340.00,175,165,0.00,0.00,0,0
1508120351,s1-eth1,248858.00,12240.00,261098.00,12240,248858,167.00,162.00,329.00,162,167,0.00,0.00,0,0
1508120351,s2-eth2,2508.00,51476.00,53984.00,51476,2508,28.00,34.00,62.00,34,28,0.00,0.00,0,0
1508120351,s2-eth1,59498.00,1946.00,61444.00,1946,59498,41.00,25.00,66.00,25,41,0.00,0.00,0,0
1508120351,lo,1023.00,1023.00,2046.00,1023,1023,12.00,12.00,24.00,12,12,0.00,0.00,0,0
1508120351,total,325533.00,332586.00,658119.00,332586,325533,423.00,416.00,839.00,416,423,0.00,0.00,0,0
1508120352,s1,0.00,0.00,0.00,0,0,0.00,0.00,0.00,0,0,0.00,0.00,0,0
1508120352,eth0,152.00,365.00,517.00,365,152,2.00,4.00,6.00,4,2,0.00,0.00,0,0
1508120352,s2,0.00,0.00,0.00,0,0,0.00,0.00,0.00,0,0,0.00,0.00,0,0
1508120352,s1-eth2,12318.00,260408.00,272726.00,260408,12318,163.00,172.00,335.00,172,163,0.00,0.00,0,0
1508120352,s1-eth1,249888.00,12130.00,262018.00,12130,249888,166.00,161.00,327.00,161,166,0.00,0.00,0,0
1508120352,s2-eth2,3080.00,72714.00,75794.00,72714,3080,42.00,49.00,91.00,49,42,0.00,0.00,0,0
1508120352,s2-eth1,63818.00,3002.00,66820.00,3002,63818,45.00,41.00,86.00,41,45,0.00,0.00,0,0
1508120352,lo,341.00,341.00,682.00,341,341,4.00,4.00,8.00,4,4,0.00,0.00,0,0
1508120352,total,329597.00,348960.00,678557.00,348960,329597,422.00,431.00,853.00,431,422,0.00,0.00,0,0
1508120353,s1,0.00,0.00,0.00,0,0,0.00,0.00,0.00,0,0,0.00,0.00,0,0
1508120353,eth0,608.00,1190.00,1798.00,1190,608,8.00,10.00,18.00,10,8,0.00,0.00,0,0
1508120353,s2,0.00,0.00,0.00,0,0,0.00,0.00,0.00,0,0,0.00,0.00,0,0
1508120353,s1-eth2,13669.00,251324.00,264993.00,251324,13669,170.00,166.00,336.00,166,170,0.00,0.00,0,0
1508120353,s1-eth1,250699.00,12780.00,263479.00,12780,250699,171.00,164.00,335.00,164,171,0.00,0.00,0,0
1508120353,s2-eth2,5026.00,65102.00,70128.00,65102,5026,49.00,43.00,92.00,43,49,0.00,0.00,0,0
1508120353,s2-eth1,72047.00,2920.00,74967.00,2920,72047,53.00,38.00,91.00,38,53,0.00,0.00,0,0
1508120353,lo,1536.00,1536.00,3072.00,1536,1536,19.00,19.00,38.00,19,19,0.00,0.00,0,0
1508120353,total,343585.00,334852.00,678437.00,334852,343585,470.00,440.00,910.00,440,470,0.00,0.00,0,0
1508120354,s1,0.00,0.00,0.00,0,0,0.00,0.00,0.00,0,0,0.00,0.00,0,0
1508120354,eth0,152.00,245.00,397.00,245,152,2.00,2.00,4.00,2,2,0.00,0.00,0,0
1508120354,s2,0.00,0.00,0.00,0,0,0.00,0.00,0.00,0,0,0.00,0.00,0,0
1508120354,s1-eth2,14232.00,260408.00,274640.00,260408,14232,168.00,172.00,340.00,172,168,0.00,0.00,0,0
1508120354,s1-eth1,249635.00,12566.00,262201.00,12566,249635,170.00,161.00,331.00,161,170,0.00,0.00,0,0
1508120354,s2-eth2,4616.00,86298.00,90914.00,86298,4616,55.00,57.00,112.00,57,55,0.00,0.00,0,0
1508120354,s2-eth1,77024.00,3980.00,81004.00,3980,77024,56.00,52.00,108.00,52,56,0.00,0.00,0,0
1508120354,lo,513.00,513.00,1026.00,513,513,7.00,7.00,14.00,7,7,0.00,0.00,0,0
1508120354,total,346172.00,364010.00,710182.00,364010,346172,458.00,451.00,909.00,451,458,0.00,0.00,0,0
1508120355,s1,0.00,0.00,0.00,0,0,0.00,0.00,0.00,0,0,0.00,0.00,0,0
1508120355,eth0,0.00,0.00,0.00,0,0,0.00,0.00,0.00,0,0,0.00,0.00,0,0
1508120355,s2,0.00,0.00,0.00,0,0,0.00,0.00,0.00,0,0,0.00,0.00,0,0
1508120355,s1-eth2,12990.00,258894.00,271884.00,258894,12990,164.00,171.00,335.00,171,164,0.00,0.00,0,0
1508120355,s1-eth1,250324.00,12476.00,262800.00,12476,250324,167.00,162.00,329.00,162,167,0.00,0.00,0,0
1508120355,s2-eth2,3361.00,92354.00,95715.00,92354,3361,42.00,61.00,103.00,61,42,0.00,0.00,0,0
1508120355,s2-eth1,100780.00,3034.00,103814.00,3034,100780,69.00,41.00,110.00,41,69,0.00,0.00,0,0
1508120355,lo,0.00,0.00,0.00,0,0,0.00,0.00,0.00,0,0,0.00,0.00,0,0
1508120355,total,367455.00,366758.00,734213.00,366758,367455,442.00,435.00,877.00,435,442,0.00,0.00,0,0
1508120356,s1,0.00,0.00,0.00,0,0,0.00,0.00,0.00,0,0,0.00,0.00,0,0
1508120356,eth0,60.00,60.00,120.00,60,60,1.00,1.00,2.00,1,1,0.00,0.00,0,0
1508120356,s2,0.00,0.00,0.00,0,0,0.00,0.00,0.00,0,0,0.00,0.00,0,0
1508120356,s1-eth2,12335.00,257380.00,269715.00,257380,12335,163.00,170.00,333.00,170,163,0.00,0.00,0,0
1508120356,s1-eth1,249917.00,12228.00,262145.00,12228,249917,166.00,162.00,328.00,162,166,0.00,0.00,0,0
1508120356,s2-eth2,2890.00,105980.00,108870.00,105980,2890,36.00,70.00,106.00,70,36,0.00,0.00,0,0
1508120356,s2-eth1,98517.00,2516.00,101033.00,2516,98517,66.00,34.00,100.00,34,66,0.00,0.00,0,0
1508120356,lo,0.00,0.00,0.00,0,0,0.00,0.00,0.00,0,0,0.00,0.00,0,0
1508120356,total,363719.00,378164.00,741883.00,378164,363719,432.00,437.00,869.00,437,432,0.00,0.00,0,0
1508120357,s1,0.00,0.00,0.00,0,0,0.00,0.00,0.00,0,0,0.00,0.00,0,0
1508120357,eth0,0.00,0.00,0.00,0,0,0.00,0.00,0.00,0,0,0.00,0.00,0,0
1508120357,s2,0.00,0.00,0.00,0,0,0.00,0.00,0.00,0,0,0.00,0.00,0,0
1508120357,s1-eth2,12436.00,257380.00,269816.00,257380,12436,159.00,170.00,329.00,170,159,0.00,0.00,0,0
1508120357,s1-eth1,250474.00,11772.00,262246.00,11772,250474,168.00,156.00,324.00,156,168,0.00,0.00,0,0
1508120357,s2-eth2,5771.00,128690.00,134461.00,128690,5771,71.00,85.00,156.00,85,71,0.00,0.00,0,0
1508120357,s2-eth1,126326.00,5032.00,131358.00,5032,126326,86.00,68.00,154.00,68,86,0.00,0.00,0,0
1508120357,lo,0.00,0.00,0.00,0,0,0.00,0.00,0.00,0,0,0.00,0.00,0,0
1508120357,total,395007.00,402874.00,797881.00,402874,395007,484.00,479.00,963.00,479,484,0.00,0.00,0,0
1508120358,s1,0.00,0.00,0.00,0,0,0.00,0.00,0.00,0,0,0.00,0.00,0,0
1508120358,eth0,0.00,0.00,0.00,0,0,0.00,0.00,0.00,0,0,0.00,0.00,0,0
1508120358,s2,0.00,0.00,0.00,0,0,0.00,0.00,0.00,0,0,0.00,0.00,0,0
1508120358,s1-eth2,12636.00,249810.00,262446.00,249810,12636,160.00,165.00,325.00,165,160,0.00,0.00,0,0
1508120358,s1-eth1,249810.00,12294.00,262104.00,12294,249810,165.00,159.00,324.00,159,165,0.00,0.00,0,0
1508120358,s2-eth2,4708.00,101438.00,106146.00,101438,4708,58.00,67.00,125.00,67,58,0.00,0.00,0,0
1508120358,s2-eth1,102952.00,4708.00,107660.00,4708,102952,68.00,58.00,126.00,58,68,0.00,0.00,0,0
1508120358,lo,172.00,172.00,344.00,172,172,3.00,3.00,6.00,3,3,0.00,0.00,0,0
1508120358,total,370278.00,368422.00,738700.00,368422,370278,454.00,452.00,906.00,452,454,0.00,0.00,0,0
1508120359,s1,0.00,0.00,0.00,0,0,0.00,0.00,0.00,0,0,0.00,0.00,0,0
1508120359,eth0,0.00,120.00,120.00,120,0,0.00,2.00,2.00,2,0,0.00,0.00,0,0
1508120359,s2,0.00,0.00,0.00,0,0,0.00,0.00,0.00,0,0,0.00,0.00,0,0
1508120359,s1-eth2,12212.00,261922.00,274134.00,261922,12212,160.00,173.00,333.00,173,160,0.00,0.00,0,0
1508120359,s1-eth1,249810.00,12212.00,262022.00,12212,249810,165.00,160.00,325.00,160,165,0.00,0.00,0,0
1508120359,s2-eth2,4298.00,90840.00,95138.00,90840,4298,55.00,60.00,115.00,60,55,0.00,0.00,0,0
1508120359,s2-eth1,85126.00,4298.00,89424.00,4298,85126,57.00,55.00,112.00,55,57,0.00,0.00,0,0
1508120359,lo,172.00,172.00,344.00,172,172,3.00,3.00,6.00,3,3,0.00,0.00,0,0
1508120359,total,351618.00,369564.00,721182.00,369564,351618,440.00,453.00,893.00,453,440,0.00,0.00,0,0
1508120360,s1,0.00,0.00,0.00,0,0,0.00,0.00,0.00,0,0,0.00,0.00,0,0
1508120360,eth0,0.00,0.00,0.00,0,0,0.00,0.00,0.00,0,0,0.00,0.00,0,0
1508120360,s2,0.00,0.00,0.00,0,0,0.00,0.00,0.00,0,0,0.00,0.00,0,0
1508120360,s1-eth2,12635.00,248296.00,260931.00,248296,12635,163.00,164.00,327.00,164,163,0.00,0.00,0,0
1508120360,s1-eth1,250259.00,12528.00,262787.00,12528,250259,167.00,162.00,329.00,162,167,0.00,0.00,0,0
1508120360,s2-eth2,3825.00,71158.00,74983.00,71158,3825,48.00,47.00,95.00,47,48,0.00,0.00,0,0
1508120360,s2-eth1,66723.00,3718.00,70441.00,3718,66723,45.00,47.00,92.00,47,45,0.00,0.00,0,0
1508120360,lo,0.00,0.00,0.00,0,0,0.00,0.00,0.00,0,0,0.00,0.00,0,0
1508120360,total,333442.00,335700.00,669142.00,335700,333442,423.00,420.00,843.00,420,423,0.00,0.00,0,0
1508120361,s1,0.00,0.00,0.00,0,0,0.00,0.00,0.00,0,0,0.00,0.00,0,0
1508120361,eth0,0.00,0.00,0.00,0,0,0.00,0.00,0.00,0,0,0.00,0.00,0,0
1508120361,s2,0.00,0.00,0.00,0,0,0.00,0.00,0.00,0,0,0.00,0.00,0,0
1508120361,s1-eth2,12474.00,263436.00,275910.00,263436,12474,163.00,174.00,337.00,174,163,0.00,0.00,0,0
1508120361,s1-eth1,249880.00,12404.00,262284.00,12404,249880,166.00,162.00,328.00,162,166,0.00,0.00,0,0
1508120361,s2-eth2,2990.00,65102.00,68092.00,65102,2990,39.00,43.00,82.00,43,39,0.00,0.00,0,0
1508120361,s2-eth1,71228.00,2920.00,74148.00,2920,71228,48.00,38.00,86.00,38,48,0.00,0.00,0,0
1508120361,lo,0.00,0.00,0.00,0,0,0.00,0.00,0.00,0,0,0.00,0.00,0,0
1508120361,total,336572.00,343862.00,680434.00,343862,336572,416.00,417.00,833.00,417,416,0.00,0.00,0,0
1508120362,s1,0.00,0.00,0.00,0,0,0.00,0.00,0.00,0,0,0.00,0.00,0,0
1508120362,eth0,0.00,210.00,210.00,210,0,0.00,2.00,2.00,2,0,0.00,0.00,0,0
1508120362,s2,0.00,0.00,0.00,0,0,0.00,0.00,0.00,0,0,0.00,0.00,0,0
1508120362,s1-eth2,12226.00,251324.00,263550.00,251324,12226,161.00,166.00,327.00,166,161,0.00,0.00,0,0
1508120362,s1-eth1,251324.00,12300.00,263624.00,12300,251324,166.00,162.00,328.00,162,166,0.00,0.00,0,0
1508120362,s2-eth2,2590.00,78728.00,81318.00,78728,2590,35.00,52.00,87.00,52,35,0.00,0.00,0,0
1508120362,s2-eth1,69644.00,2590.00,72234.00,2590,69644,46.00,35.00,81.00,35,46,0.00,0.00,0,0
1508120362,lo,0.00,0.00,0.00,0,0,0.00,0.00,0.00,0,0,0.00,0.00,0,0
1508120362,total,335784.00,345152.00,680936.00,345152,335784,408.00,417.00,825.00,417,408,0.00,0.00,0,0
1508120363,s1,0.00,0.00,0.00,0,0,0.00,0.00,0.00,0,0,0.00,0.00,0,0
1508120363,eth0,0.00,1464.00,1464.00,1464,0,0.00,4.00,4.00,4,0,0.00,0.00,0,0
1508120363,s2,0.00,0.00,0.00,0,0,0.00,0.00,0.00,0,0,0.00,0.00,0,0
1508120363,s1-eth2,12264.00,257380.00,269644.00,257380,12264,162.00,170.00,332.00,170,162,0.00,0.00,0,0
1508120363,s1-eth1,249810.00,12190.00,262000.00,12190,249810,165.00,161.00,326.00,161,165,0.00,0.00,0,0
1508120363,s2-eth2,3386.00,90840.00,94226.00,90840,3386,41.00,60.00,101.00,60,41,0.00,0.00,0,0
1508120363,s2-eth1,95382.00,3044.00,98426.00,3044,95382,63.00,40.00,103.00,40,63,0.00,0.00,0,0
1508120363,lo,172.00,172.00,344.00,172,172,3.00,3.00,6.00,3,3,0.00,0.00,0,0
1508120363,total,361014.00,365090.00,726104.00,365090,361014,434.00,438.00,872.00,438,434,0.00,0.00,0,0
1508120364,s1,0.00,0.00,0.00,0,0,0.00,0.00,0.00,0,0,0.00,0.00,0,0
1508120364,eth0,0.00,0.00,0.00,0,0,0.00,0.00,0.00,0,0,0.00,0.00,0,0
1508120364,s2,0.00,0.00,0.00,0,0,0.00,0.00,0.00,0,0,0.00,0.00,0,0
1508120364,s1-eth2,12444.00,258894.00,271338.00,258894,12444,162.00,171.00,333.00,171,162,0.00,0.00,0,0
1508120364,s1-eth1,249810.00,12444.00,262254.00,12444,249810,165.00,162.00,327.00,162,165,0.00,0.00,0,0
1508120364,s2-eth2,3612.00,96896.00,100508.00,96896,3612,48.00,64.00,112.00,64,48,0.00,0.00,0,0
1508120364,s2-eth1,95724.00,3612.00,99336.00,3612,95724,64.00,48.00,112.00,48,64,0.00,0.00,0,0
1508120364,lo,172.00,172.00,344.00,172,172,3.00,3.00,6.00,3,3,0.00,0.00,0,0
1508120364,total,361762.00,372018.00,733780.00,372018,361762,442.00,448.00,890.00,448,442,0.00,0.00,0,0
1508120365,s1,0.00,0.00,0.00,0,0,0.00,0.00,0.00,0,0,0.00,0.00,0,0
1508120365,eth0,0.00,120.00,120.00,120,0,0.00,2.00,2.00,2,0,0.00,0.00,0,0
1508120365,s2,0.00,0.00,0.00,0,0,0.00,0.00,0.00,0,0,0.00,0.00,0,0
1508120365,s1-eth2,12718.00,255866.00,268584.00,255866,12718,163.00,169.00,332.00,169,163,0.00,0.00,0,0
1508120365,s1-eth1,249810.00,12376.00,262186.00,12376,249810,165.00,162.00,327.00,162,165,0.00,0.00,0,0
1508120365,s2-eth2,4098.00,81756.00,85854.00,81756,4098,51.00,54.00,105.00,54,51,0.00,0.00,0,0
1508120365,s2-eth1,77214.00,4098.00,81312.00,4098,77214,51.00,51.00,102.00,51,51,0.00,0.00,0,0
1508120365,lo,0.00,0.00,0.00,0,0,0.00,0.00,0.00,0,0,0.00,0.00,0,0
1508120365,total,343840.00,354216.00,698056.00,354216,343840,430.00,438.00,868.00,438,430,0.00,0.00,0,0
1508120366,s1,0.00,0.00,0.00,0,0,0.00,0.00,0.00,0,0,0.00,0.00,0,0
1508120366,eth0,0.00,171.66,171.66,172,0,0.00,2.00,2.00,2,0,0.00,0.00,0,0
1508120366,s2,0.00,0.00,0.00,0,0,0.00,0.00,0.00,0,0,0.00,0.00,0,0
1508120366,s1-eth2,7381.24,133113.78,140495.02,133380,7396,97.80,89.82,187.62,90,98,0.00,0.00,0,0
1508120366,s1-eth1,145201.59,7381.24,152582.84,7396,145492,97.80,97.80,195.61,98,98,0.00,0.00,0,0
1508120366,s2-eth2,2127.74,31652.70,33780.44,31716,2132,27.94,23.95,51.90,24,28,0.00,0.00,0,0
1508120366,s2-eth1,37696.61,2127.74,39824.35,2132,37772,27.94,27.94,55.89,28,28,0.00,0.00,0,0
1508120366,lo,0.00,0.00,0.00,0,0,0.00,0.00,0.00,0,0,0.00,0.00,0,0
1508120366,total,192407.19,174447.11,366854.31,174796,192792,251.50,241.52,493.01,242,252,0.00,0.00,0,0
1508120367,s1,0.00,0.00,0.00,0,0,0.00,0.00,0.00,0,0,0.00,0.00,0,0
1508120367,eth0,0.00,0.00,0.00,0,0,0.00,0.00,0.00,0,0,0.00,0.00,0,0
1508120367,s2,0.00,0.00,0.00,0,0,0.00,0.00,0.00,0,0,0.00,0.00,0,0
1508120367,s1-eth2,0.00,0.00,0.00,0,0,0.00,0.00,0.00,0,0,0.00,0.00,0,0
1508120367,s1-eth1,0.00,0.00,0.00,0,0,0.00,0.00,0.00,0,0,0.00,0.00,0,0
1508120367,s2-eth2,0.00,0.00,0.00,0,0,0.00,0.00,0.00,0,0,0.00,0.00,0,0
1508120367,s2-eth1,0.00,0.00,0.00,0,0,0.00,0.00,0.00,0,0,0.00,0.00,0,0
1508120367,lo,0.00,0.00,0.00,0,0,0.00,0.00,0.00,0,0,0.00,0.00,0,0
1508120367,total,0.00,0.00,0.00,0,0,0.00,0.00,0.00,0,0,0.00,0.00,0,0
1508120368,s1,0.00,0.00,0.00,0,0,0.00,0.00,0.00,0,0,0.00,0.00,0,0
1508120368,eth0,0.00,0.00,0.00,0,0,0.00,0.00,0.00,0,0,0.00,0.00,0,0
1508120368,s2,0.00,0.00,0.00,0,0,0.00,0.00,0.00,0,0,0.00,0.00,0,0
1508120368,s1-eth2,107.00,0.00,107.00,0,107,1.00,0.00,1.00,0,1,0.00,0.00,0,0
1508120368,s1-eth1,107.00,0.00,107.00,0,107,1.00,0.00,1.00,0,1,0.00,0.00,0,0
1508120368,s2-eth2,107.00,0.00,107.00,0,107,1.00,0.00,1.00,0,1,0.00,0.00,0,0
1508120368,s2-eth1,107.00,0.00,107.00,0,107,1.00,0.00,1.00,0,1,0.00,0.00,0,0
1508120368,lo,172.00,172.00,344.00,172,172,3.00,3.00,6.00,3,3,0.00,0.00,0,0
1508120368,total,600.00,172.00,772.00,172,600,7.00,3.00,10.00,3,7,0.00,0.00,0,0
1508120369,s1,0.00,0.00,0.00,0,0,0.00,0.00,0.00,0,0,0.00,0.00,0,0
1508120369,eth0,0.00,0.00,0.00,0,0,0.00,0.00,0.00,0,0,0.00,0.00,0,0
1508120369,s2,0.00,0.00,0.00,0,0,0.00,0.00,0.00,0,0,0.00,0.00,0,0
1508120369,s1-eth2,0.00,0.00,0.00,0,0,0.00,0.00,0.00,0,0,0.00,0.00,0,0
1508120369,s1-eth1,342.00,0.00,342.00,0,342,1.00,0.00,1.00,0,1,0.00,0.00,0,0
1508120369,s2-eth2,0.00,0.00,0.00,0,0,0.00,0.00,0.00,0,0,0.00,0.00,0,0
1508120369,s2-eth1,0.00,0.00,0.00,0,0,0.00,0.00,0.00,0,0,0.00,0.00,0,0
1508120369,lo,172.00,172.00,344.00,172,172,3.00,3.00,6.00,3,3,0.00,0.00,0,0
1508120369,total,514.00,172.00,686.00,172,514,4.00,3.00,7.00,3,4,0.00,0.00,0,0
1508120370,s1,0.00,0.00,0.00,0,0,0.00,0.00,0.00,0,0,0.00,0.00,0,0
1508120370,eth0,0.00,0.00,0.00,0,0,0.00,0.00,0.00,0,0,0.00,0.00,0,0
1508120370,s2,0.00,0.00,0.00,0,0,0.00,0.00,0.00,0,0,0.00,0.00,0,0
1508120370,s1-eth2,0.00,0.00,0.00,0,0,0.00,0.00,0.00,0,0,0.00,0.00,0,0
1508120370,s1-eth1,0.00,0.00,0.00,0,0,0.00,0.00,0.00,0,0,0.00,0.00,0,0
1508120370,s2-eth2,0.00,0.00,0.00,0,0,0.00,0.00,0.00,0,0,0.00,0.00,0,0
1508120370,s2-eth1,0.00,0.00,0.00,0,0,0.00,0.00,0.00,0,0,0.00,0.00,0,0
1508120370,lo,0.00,0.00,0.00,0,0,0.00,0.00,0.00,0,0,0.00,0.00,0,0
1508120370,total,0.00,0.00,0.00,0,0,0.00,0.00,0.00,0,0,0.00,0.00,0,0
1508120371,s1,0.00,0.00,0.00,0,0,0.00,0.00,0.00,0,0,0.00,0.00,0,0
1508120371,eth0,0.00,0.00,0.00,0,0,0.00,0.00,0.00,0,0,0.00,0.00,0,0
1508120371,s2,0.00,0.00,0.00,0,0,0.00,0.00,0.00,0,0,0.00,0.00,0,0
1508120371,s1-eth2,0.00,0.00,0.00,0,0,0.00,0.00,0.00,0,0,0.00,0.00,0,0
1508120371,s1-eth1,0.00,0.00,0.00,0,0,0.00,0.00,0.00,0,0,0.00,0.00,0,0
1508120371,s2-eth2,0.00,0.00,0.00,0,0,0.00,0.00,0.00,0,0,0.00,0.00,0,0
1508120371,s2-eth1,0.00,0.00,0.00,0,0,0.00,0.00,0.00,0,0,0.00,0.00,0,0
1508120371,lo,0.00,0.00,0.00,0,0,0.00,0.00,0.00,0,0,0.00,0.00,0,0
1508120371,total,0.00,0.00,0.00,0,0,0.00,0.00,0.00,0,0,0.00,0.00,0,0
1508120372,s1,0.00,0.00,0.00,0,0,0.00,0.00,0.00,0,0,0.00,0.00,0,0
1508120372,eth0,0.00,120.00,120.00,120,0,0.00,2.00,2.00,2,0,0.00,0.00,0,0
1508120372,s2,0.00,0.00,0.00,0,0,0.00,0.00,0.00,0,0,0.00,0.00,0,0
1508120372,s1-eth2,342.00,0.00,342.00,0,342,1.00,0.00,1.00,0,1,0.00,0.00,0,0
1508120372,s1-eth1,0.00,0.00,0.00,0,0,0.00,0.00,0.00,0,0,0.00,0.00,0,0
1508120372,s2-eth2,0.00,0.00,0.00,0,0,0.00,0.00,0.00,0,0,0.00,0.00,0,0
1508120372,s2-eth1,0.00,0.00,0.00,0,0,0.00,0.00,0.00,0,0,0.00,0.00,0,0
1508120372,lo,0.00,0.00,0.00,0,0,0.00,0.00,0.00,0,0,0.00,0.00,0,0
1508120372,total,342.00,120.00,462.00,120,342,1.00,2.00,3.00,2,1,0.00,0.00,0,0
1508120373,s1,0.00,0.00,0.00,0,0,0.00,0.00,0.00,0,0,0.00,0.00,0,0
1508120373,eth0,0.00,0.00,0.00,0,0,0.00,0.00,0.00,0,0,0.00,0.00,0,0
1508120373,s2,0.00,0.00,0.00,0,0,0.00,0.00,0.00,0,0,0.00,0.00,0,0
1508120373,s1-eth2,0.00,0.00,0.00,0,0,0.00,0.00,0.00,0,0,0.00,0.00,0,0
1508120373,s1-eth1,0.00,0.00,0.00,0,0,0.00,0.00,0.00,0,0,0.00,0.00,0,0
1508120373,s2-eth2,342.00,0.00,342.0