Page    RTT(ms) PLT: no TFO (s) PLT: TFO (s)    Improv.
httpsen.wikipedia.orgwikiElectronic_design_automation
    200     11215.679   972.777     91.3266330108
    100     827.288     506.761     38.7443066985
    20  269.328     216.046     19.7833125408
httpsblog.vandalog.com
    200     11558.168   936.47  91.8977644208
    100     823.073     450.64  45.2490848321
    20  261.471     173.837     33.5157627423
httpswww.umich.edu
    200     11379.108   718.552     93.6853398351
    100     824.698     473.836     42.5443010654
    20  264.596     454.925     71.9319264086
httpswww.chipublib.org
    200     11356.957   912.693     91.9635779197
    100     834.404     438.571     47.4390103595
    20  269.69  190.776     29.2610033742
httpswww.wsj.com
    200     11206.968   724.851     93.5321400043
    100     854.131     432.361     49.3800131362
    20  284.487     179.262     36.9876303662




