1508204052,eth0,0.00,0.00,0.00,0,0,0.00,0.00,0.00,0,0,0.00,0.00,0,0
1508204052,s2,0.00,0.00,0.00,0,0,0.00,0.00,0.00,0,0,0.00,0.00,0,0
1508204052,s2-eth2,0.00,0.00,0.00,0,0,0.00,0.00,0.00,0,0,0.00,0.00,0,0
1508204052,s2-eth1,0.00,0.00,0.00,0,0,0.00,0.00,0.00,0,0,0.00,0.00,0,0
1508204052,lo,0.00,0.00,0.00,0,0,0.00,0.00,0.00,0,0,0.00,0.00,0,0
1508204052,total,0.00,0.00,0.00,0,0,0.00,0.00,0.00,0,0,0.00,0.00,0,0
1508204053,eth0,303.70,607.39,911.09,608,304,4.00,5.00,8.99,5,4,0.00,0.00,0,0
1508204053,s2,249.75,319.68,569.43,320,250,3.00,4.00,6.99,4,3,0.00,0.00,0,0
1508204053,s2-eth2,11186.81,239388.62,250575.44,239628,11198,130.87,119.88,250.75,120,131,0.00,0.00,0,0
1508204053,s2-eth1,247660.34,8833.17,256493.52,8842,247908,135.86,116.88,252.75,117,136,0.00,0.00,0,0
1508204053,lo,2635.36,2635.36,5270.73,2638,2638,28.97,28.97,57.94,29,29,0.00,0.00,0,0
1508204053,total,262035.97,251784.22,513820.19,252036,262298,302.70,274.73,577.42,275,303,0.00,0.00,0,0
1508204054,eth0,151.85,244.76,396.60,245,152,2.00,2.00,4.00,2,2,0.00,0.00,0,0
1508204054,s2,0.00,179.82,179.82,180,0,0.00,2.00,2.00,2,0,0.00,0.00,0,0
1508204054,s2-eth2,6331.67,233396.61,239728.28,233630,6338,83.92,94.91,178.82,95,84,0.00,0.00,0,0
1508204054,s2-eth1,243564.44,5696.30,249260.75,5702,243808,88.91,80.92,169.83,81,89,0.00,0.00,0,0
1508204054,lo,916.08,916.08,1832.17,917,917,9.99,9.99,19.98,10,10,0.00,0.00,0,0
1508204054,total,250964.05,240433.58,491397.62,240674,251215,184.82,189.81,374.63,190,185,0.00,0.00,0,0
1508204055,eth0,0.00,0.00,0.00,0,0,0.00,0.00,0.00,0,0,0.00,0.00,0,0
1508204055,s2,0.00,0.00,0.00,0,0,0.00,0.00,0.00,0,0,0.00,0.00,0,0
1508204055,s2-eth2,7213.00,251378.00,258591.00,251378,7213,100.00,101.00,201.00,101,100,0.00,0.00,0,0
1508204055,s2-eth1,248087.00,6886.00,254973.00,6886,248087,113.00,99.00,212.00,99,113,0.00,0.00,0,0
1508204055,lo,0.00,0.00,0.00,0,0,0.00,0.00,0.00,0,0,0.00,0.00,0,0
1508204055,total,255300.00,258264.00,513564.00,258264,255300,213.00,200.00,413.00,200,213,0.00,0.00,0,0
1508204056,eth0,120.00,120.00,240.00,120,120,2.00,2.00,4.00,2,2,0.00,0.00,0,0
1508204056,s2,0.00,0.00,0.00,0,0,0.00,0.00,0.00,0,0,0.00,0.00,0,0
1508204056,s2-eth2,8870.00,221894.00,230764.00,221894,8870,114.00,115.00,229.00,115,114,0.00,0.00,0,0
1508204056,s2-eth1,242936.00,8496.00,251432.00,8496,242936,123.00,112.00,235.00,112,123,0.00,0.00,0,0
1508204056,lo,0.00,0.00,0.00,0,0,0.00,0.00,0.00,0,0,0.00,0.00,0,0
1508204056,total,251926.00,230510.00,482436.00,230510,251926,239.00,229.00,468.00,229,239,0.00,0.00,0,0
1508204057,eth0,0.00,0.00,0.00,0,0,0.00,0.00,0.00,0,0,0.00,0.00,0,0
1508204057,s2,70.00,140.00,210.00,140,70,1.00,2.00,3.00,2,1,0.00,0.00,0,0
1508204057,s2-eth2,5689.00,210702.00,216391.00,210702,5689,78.00,77.00,155.00,77,78,0.00,0.00,0,0
1508204057,s2-eth1,208207.00,5222.00,213429.00,5222,208207,79.00,75.00,154.00,75,79,0.00,0.00,0,0
1508204057,lo,804.00,804.00,1608.00,804,804,9.00,9.00,18.00,9,9,0.00,0.00,0,0
1508204057,total,214770.00,216868.00,431638.00,216868,214770,167.00,163.00,330.00,163,167,0.00,0.00,0,0
1508204058,eth0,0.00,0.00,0.00,0,0,0.00,0.00,0.00,0,0,0.00,0.00,0,0
1508204058,s2,0.00,0.00,0.00,0,0,0.00,0.00,0.00,0,0,0.00,0.00,0,0
1508204058,s2-eth2,4872.00,197402.00,202274.00,197402,4872,68.00,73.00,141.00,73,68,0.00,0.00,0,0
1508204058,s2-eth1,197204.00,4530.00,201734.00,4530,197204,70.00,67.00,137.00,67,70,0.00,0.00,0,0
1508204058,lo,0.00,0.00,0.00,0,0,0.00,0.00,0.00,0,0,0.00,0.00,0,0
1508204058,total,202076.00,201932.00,404008.00,201932,202076,138.00,140.00,278.00,140,138,0.00,0.00,0,0
1508204059,eth0,0.00,0.00,0.00,0,0,0.00,0.00,0.00,0,0,0.00,0.00,0,0
1508204059,s2,0.00,0.00,0.00,0,0,0.00,0.00,0.00,0,0,0.00,0.00,0,0
1508204059,s2-eth2,3700.30,119020.98,122721.28,119140,3704,51.95,49.95,101.90,50,52,0.00,0.00,0,0
1508204059,s2-eth1,117706.30,3700.30,121406.59,3704,117824,51.95,51.95,103.90,52,52,0.00,0.00,0,0
1508204059,lo,0.00,0.00,0.00,0,0,0.00,0.00,0.00,0,0,0.00,0.00,0,0
1508204059,total,121406.59,122721.28,244127.88,122844,121528,103.90,101.90,205.79,102,104,0.00,0.00,0,0
1508204060,eth0,0.00,0.00,0.00,0,0,0.00,0.00,0.00,0,0,0.00,0.00,0,0
1508204060,s2,0.00,0.00,0.00,0,0,0.00,0.00,0.00,0,0,0.00,0.00,0,0
1508204060,s2-eth2,2966.03,89430.57,92396.61,89520,2969,41.96,39.96,81.92,40,42,0.00,0.00,0,0
1508204060,s2-eth1,83619.38,2859.14,86478.52,2862,83703,38.96,40.96,79.92,41,39,0.00,0.00,0,0
1508204060,lo,0.00,0.00,0.00,0,0,0.00,0.00,0.00,0,0,0.00,0.00,0,0
1508204060,total,86585.41,92289.71,178875.12,92382,86672,80.92,80.92,161.84,81,81,0.00,0.00,0,0
1508204061,eth0,0.00,0.00,0.00,0,0,0.00,0.00,0.00,0,0,0.00,0.00,0,0
1508204061,s2,69.93,139.86,209.79,140,70,1.00,2.00,3.00,2,1,0.00,0.00,0,0
1508204061,s2-eth2,1774.23,65300.70,67074.93,65366,1776,25.97,24.98,50.95,25,26,0.00,0.00,0,0
1508204061,s2-eth1,68399.60,1634.37,70033.97,1636,68468,27.97,23.98,51.95,24,28,0.00,0.00,0,0
1508204061,lo,803.20,803.20,1606.39,804,804,8.99,8.99,17.98,9,9,0.00,0.00,0,0
1508204061,total,71046.95,67878.12,138925.08,67946,71118,63.94,59.94,123.88,60,64,0.00,0.00,0,0
1508204062,eth0,0.00,0.00,0.00,0,0,0.00,0.00,0.00,0,0,0.00,0.00,0,0
1508204062,s2,0.00,0.00,0.00,0,0,0.00,0.00,0.00,0,0,0.00,0.00,0,0
1508204062,s2-eth2,1654.35,68255.75,69910.09,68324,1656,23.98,25.97,49.95,26,24,0.00,0.00,0,0
1508204062,s2-eth1,59312.69,1654.35,60967.04,1656,59372,21.98,23.98,45.95,24,22,0.00,0.00,0,0
1508204062,lo,0.00,0.00,0.00,0,0,0.00,0.00,0.00,0,0,0.00,0.00,0,0
1508204062,total,60967.04,69910.09,130877.12,69980,61028,45.95,49.95,95.90,50,46,0.00,0.00,0,0
1508204063,eth0,0.00,0.00,0.00,0,0,0.00,0.00,0.00,0,0,0.00,0.00,0,0
1508204063,s2,0.00,0.00,0.00,0,0,0.00,0.00,0.00,0,0,0.00,0.00,0,0
1508204063,s2-eth2,1608.00,71154.00,72762.00,71154,1608,24.00,25.00,49.00,25,24,0.00,0.00,0,0
1508204063,s2-eth1,71220.00,1608.00,72828.00,1608,71220,26.00,24.00,50.00,24,26,0.00,0.00,0,0
1508204063,lo,0.00,0.00,0.00,0,0,0.00,0.00,0.00,0,0,0.00,0.00,0,0
1508204063,total,72828.00,72762.00,145590.00,72762,72828,50.00,49.00,99.00,49,50,0.00,0.00,0,0
1508204064,eth0,0.00,0.00,0.00,0,0,0.00,0.00,0.00,0,0,0.00,0.00,0,0
1508204064,s2,0.00,0.00,0.00,0,0,0.00,0.00,0.00,0,0,0.00,0.00,0,0
1508204064,s2-eth2,1552.45,68189.81,69742.26,68258,1554,22.98,24.98,47.95,25,23,0.00,0.00,0,0
1508204064,s2-eth1,66677.33,1552.45,68229.77,1554,66744,23.98,22.98,46.95,23,24,0.00,0.00,0,0
1508204064,lo,0.00,0.00,0.00,0,0,0.00,0.00,0.00,0,0,0.00,0.00,0,0
1508204064,total,68229.77,69742.26,137972.03,69812,68298,46.95,47.95,94.91,48,47,0.00,0.00,0,0
1508204065,eth0,0.00,0.00,0.00,0,0,0.00,0.00,0.00,0,0,0.00,0.00,0,0
1508204065,s2,0.00,0.00,0.00,0,0,0.00,0.00,0.00,0,0,0.00,0.00,0,0
1508204065,s2-eth2,1632.00,71220.00,72852.00,71220,1632,24.00,26.00,50.00,26,24,0.00,0.00,0,0
1508204065,s2-eth1,63848.00,1632.00,65480.00,1632,63848,24.00,24.00,48.00,24,24,0.00,0.00,0,0
1508204065,lo,172.00,172.00,344.00,172,172,3.00,3.00,6.00,3,3,0.00,0.00,0,0
1508204065,total,65652.00,73024.00,138676.00,73024,65652,51.00,53.00,104.00,53,51,0.00,0.00,0,0
1508204066,eth0,0.00,0.00,0.00,0,0,0.00,0.00,0.00,0,0,0.00,0.00,0,0
1508204066,s2,0.00,0.00,0.00,0,0,0.00,0.00,0.00,0,0,0.00,0.00,0,0
1508204066,s2-eth2,1650.00,74050.00,75700.00,74050,1650,25.00,25.00,50.00,25,25,0.00,0.00,0,0
1508204066,s2-eth1,79974.00,1650.00,81624.00,1650,79974,27.00,25.00,52.00,25,27,0.00,0.00,0,0
1508204066,lo,0.00,0.00,0.00,0,0,0.00,0.00,0.00,0,0,0.00,0.00,0,0
1508204066,total,81624.00,75700.00,157324.00,75700,81624,52.00,50.00,102.00,50,52,0.00,0.00,0,0
1508204067,eth0,0.00,0.00,0.00,0,0,0.00,0.00,0.00,0,0,0.00,0.00,0,0
1508204067,s2,0.00,0.00,0.00,0,0,0.00,0.00,0.00,0,0,0.00,0.00,0,0
1508204067,s2-eth2,1762.24,78645.36,80407.59,78724,1764,25.97,29.97,55.94,30,26,0.00,0.00,0,0
1508204067,s2-eth1,72595.41,1762.24,74357.64,1764,72668,25.97,25.97,51.95,26,26,0.00,0.00,0,0
1508204067,lo,0.00,0.00,0.00,0,0,0.00,0.00,0.00,0,0,0.00,0.00,0,0
1508204067,total,74357.64,80407.59,154765.23,80488,74432,51.95,55.94,107.89,56,52,0.00,0.00,0,0
1508204068,eth0,0.00,0.00,0.00,0,0,0.00,0.00,0.00,0,0,0.00,0.00,0,0
1508204068,s2,0.00,0.00,0.00,0,0,0.00,0.00,0.00,0,0,0.00,0.00,0,0
1508204068,s2-eth2,2165.00,87412.00,89577.00,87412,2165,32.00,30.00,62.00,30,32,0.00,0.00,0,0
1508204068,s2-eth1,84689.00,2058.00,86747.00,2058,84689,32.00,31.00,63.00,31,32,0.00,0.00,0,0
1508204068,lo,0.00,0.00,0.00,0,0,0.00,0.00,0.00,0,0,0.00,0.00,0,0
1508204068,total,86854.00,89470.00,176324.00,89470,86854,64.00,61.00,125.00,61,64,0.00,0.00,0,0
1508204069,eth0,0.00,0.00,0.00,0,0,0.00,0.00,0.00,0,0,0.00,0.00,0,0
1508204069,s2,0.00,0.00,0.00,0,0,0.00,0.00,0.00,0,0,0.00,0.00,0,0
1508204069,s2-eth2,2382.00,80238.00,82620.00,80238,2382,31.00,31.00,62.00,31,31,0.00,0.00,0,0
1508204069,s2-eth1,80238.00,2040.00,82278.00,2040,80238,31.00,30.00,61.00,30,31,0.00,0.00,0,0
1508204069,lo,0.00,0.00,0.00,0,0,0.00,0.00,0.00,0,0,0.00,0.00,0,0
1508204069,total,82620.00,82278.00,164898.00,82278,82620,62.00,61.00,123.00,61,62,0.00,0.00,0,0
1508204070,eth0,0.00,0.00,0.00,0,0,0.00,0.00,0.00,0,0,0.00,0.00,0,0
1508204070,s2,0.00,0.00,0.00,0,0,0.00,0.00,0.00,0,0,0.00,0.00,0,0
1508204070,s2-eth2,2154.00,81818.00,83972.00,81818,2154,31.00,33.00,64.00,33,31,0.00,0.00,0,0
1508204070,s2-eth1,80238.00,2154.00,82392.00,2154,80238,31.00,31.00,62.00,31,31,0.00,0.00,0,0
1508204070,lo,172.00,172.00,344.00,172,172,3.00,3.00,6.00,3,3,0.00,0.00,0,0
1508204070,total,82564.00,84144.00,166708.00,84144,82564,65.00,67.00,132.00,67,65,0.00,0.00,0,0
1508204071,eth0,0.00,0.00,0.00,0,0,0.00,0.00,0.00,0,0,0.00,0.00,0,0
1508204071,s2,0.00,0.00,0.00,0,0,0.00,0.00,0.00,0,0,0.00,0.00,0,0
1508204071,s2-eth2,1113.77,37115.77,38229.54,37190,1116,15.97,14.97,30.94,15,16,0.00,0.00,0,0
1508204071,s2-eth1,32714.57,1113.77,33828.34,1116,32780,13.97,15.97,29.94,16,14,0.00,0.00,0,0
1508204071,lo,0.00,0.00,0.00,0,0,0.00,0.00,0.00,0,0,0.00,0.00,0,0
1508204071,total,33828.34,38229.54,72057.88,38306,33896,29.94,30.94,60.88,31,30,0.00,0.00,0,0
1508204072,eth0,0.00,60.00,60.00,60,0,0.00,1.00,1.00,1,0,0.00,0.00,0,0
1508204072,s2,0.00,0.00,0.00,0,0,0.00,0.00,0.00,0,0,0.00,0.00,0,0
1508204072,s2-eth2,792.00,35544.00,36336.00,35544,792,12.00,12.00,24.00,12,12,0.00,0.00,0,0
1508204072,s2-eth1,41810.00,858.00,42668.00,858,41810,15.00,13.00,28.00,13,15,0.00,0.00,0,0
1508204072,lo,0.00,0.00,0.00,0,0,0.00,0.00,0.00,0,0,0.00,0.00,0,0
1508204072,total,42602.00,36462.00,79064.00,36462,42602,27.00,26.00,53.00,26,27,0.00,0.00,0,0
1508204073,eth0,0.00,0.00,0.00,0,0,0.00,0.00,0.00,0,0,0.00,0.00,0,0
1508204073,s2,0.00,0.00,0.00,0,0,0.00,0.00,0.00,0,0,0.00,0.00,0,0
1508204073,s2-eth2,1158.00,53448.00,54606.00,53448,1158,17.00,20.00,37.00,20,17,0.00,0.00,0,0
1508204073,s2-eth1,47524.00,1092.00,48616.00,1092,47524,18.00,16.00,34.00,16,18,0.00,0.00,0,0
1508204073,lo,0.00,0.00,0.00,0,0,0.00,0.00,0.00,0,0,0.00,0.00,0,0
1508204073,total,48682.00,54540.00,103222.00,54540,48682,35.00,36.00,71.00,36,35,0.00,0.00,0,0
1508204074,eth0,0.00,0.00,0.00,0,0,0.00,0.00,0.00,0,0,0.00,0.00,0,0
1508204074,s2,0.00,0.00,0.00,0,0,0.00,0.00,0.00,0,0,0.00,0.00,0,0
1508204074,s2-eth2,1188.00,53316.00,54504.00,53316,1188,18.00,18.00,36.00,18,18,0.00,0.00,0,0
1508204074,s2-eth1,53316.00,1188.00,54504.00,1188,53316,18.00,18.00,36.00,18,18,0.00,0.00,0,0
1508204074,lo,0.00,0.00,0.00,0,0,0.00,0.00,0.00,0,0,0.00,0.00,0,0
1508204074,total,54504.00,54504.00,109008.00,54504,54504,36.00,36.00,72.00,36,36,0.00,0.00,0,0
1508204075,eth0,0.00,0.00,0.00,0,0,0.00,0.00,0.00,0,0,0.00,0.00,0,0
1508204075,s2,0.00,0.00,0.00,0,0,0.00,0.00,0.00,0,0,0.00,0.00,0,0
1508204075,s2-eth2,1146.00,53448.00,54594.00,53448,1146,17.00,20.00,37.00,20,17,0.00,0.00,0,0
1508204075,s2-eth1,44562.00,1146.00,45708.00,1146,44562,17.00,17.00,34.00,17,17,0.00,0.00,0,0
1508204075,lo,172.00,172.00,344.00,172,172,3.00,3.00,6.00,3,3,0.00,0.00,0,0
1508204075,total,45880.00,54766.00,100646.00,54766,45880,37.00,40.00,77.00,40,37,0.00,0.00,0,0
1508204076,eth0,0.00,0.00,0.00,0,0,0.00,0.00,0.00,0,0,0.00,0.00,0,0
1508204076,s2,0.00,0.00,0.00,0,0,0.00,0.00,0.00,0,0,0.00,0.00,0,0
1508204076,s2-eth2,1188.00,53316.00,54504.00,53316,1188,18.00,18.00,36.00,18,18,0.00,0.00,0,0
1508204076,s2-eth1,62202.00,1188.00,63390.00,1188,62202,21.00,18.00,39.00,18,21,0.00,0.00,0,0
1508204076,lo,0.00,0.00,0.00,0,0,0.00,0.00,0.00,0,0,0.00,0.00,0,0
1508204076,total,63390.00,54504.00,117894.00,54504,63390,39.00,36.00,75.00,36,39,0.00,0.00,0,0
1508204077,eth0,0.00,0.00,0.00,0,0,0.00,0.00,0.00,0,0,0.00,0.00,0,0
1508204077,s2,0.00,0.00,0.00,0,0,0.00,0.00,0.00,0,0,0.00,0.00,0,0
1508204077,s2-eth2,1794.00,71088.00,72882.00,71088,1794,23.00,24.00,47.00,24,23,0.00,0.00,0,0
1508204077,s2-eth1,59240.00,1452.00,60692.00,1452,59240,20.00,22.00,42.00,22,20,0.00,0.00,0,0
1508204077,lo,0.00,0.00,0.00,0,0,0.00,0.00,0.00,0,0,0.00,0.00,0,0
1508204077,total,61034.00,72540.00,133574.00,72540,61034,43.00,46.00,89.00,46,43,0.00,0.00,0,0
1508204078,eth0,0.00,0.00,0.00,0,0,0.00,0.00,0.00,0,0,0.00,0.00,0,0
1508204078,s2,0.00,0.00,0.00,0,0,0.00,0.00,0.00,0,0,0.00,0.00,0,0
1508204078,s2-eth2,1584.00,77012.00,78596.00,77012,1584,24.00,26.00,50.00,26,24,0.00,0.00,0,0
1508204078,s2-eth1,88860.00,1584.00,90444.00,1584,88860,30.00,24.00,54.00,24,30,0.00,0.00,0,0
1508204078,lo,0.00,0.00,0.00,0,0,0.00,0.00,0.00,0,0,0.00,0.00,0,0
1508204078,total,90444.00,78596.00,169040.00,78596,90444,54.00,50.00,104.00,50,54,0.00,0.00,0,0
1508204079,eth0,0.00,0.00,0.00,0,0,0.00,0.00,0.00,0,0,0.00,0.00,0,0
1508204079,s2,0.00,0.00,0.00,0,0,0.00,0.00,0.00,0,0,0.00,0.00,0,0
1508204079,s2-eth2,2262.00,92020.00,94282.00,92020,2262,33.00,34.00,67.00,34,33,0.00,0.00,0,0
1508204079,s2-eth1,77210.00,2262.00,79472.00,2262,77210,29.00,33.00,62.00,33,29,0.00,0.00,0,0
1508204079,lo,0.00,0.00,0.00,0,0,0.00,0.00,0.00,0,0,0.00,0.00,0,0
1508204079,total,79472.00,94282.00,173754.00,94282,79472,62.00,67.00,129.00,67,62,0.00,0.00,0,0
1508204080,eth0,0.00,86.00,86.00,86,0,0.00,1.00,1.00,1,0,0.00,0.00,0,0
1508204080,s2,0.00,0.00,0.00,0,0,0.00,0.00,0.00,0,0,0.00,0.00,0,0
1508204080,s2-eth2,1824.00,64046.00,65870.00,64046,1824,26.00,27.00,53.00,27,26,0.00,0.00,0,0
1508204080,s2-eth1,70312.00,1956.00,72268.00,1956,70312,30.00,28.00,58.00,28,30,0.00,0.00,0,0
1508204080,lo,172.00,172.00,344.00,172,172,3.00,3.00,6.00,3,3,0.00,0.00,0,0
1508204080,total,72308.00,66260.00,138568.00,66260,72308,59.00,59.00,118.00,59,59,0.00,0.00,0,0
1508204081,eth0,0.00,0.00,0.00,0,0,0.00,0.00,0.00,0,0,0.00,0.00,0,0
1508204081,s2,0.00,0.00,0.00,0,0,0.00,0.00,0.00,0,0,0.00,0.00,0,0
1508204081,s2-eth2,1782.00,81488.00,83270.00,81488,1782,27.00,28.00,55.00,28,27,0.00,0.00,0,0
1508204081,s2-eth1,72602.00,1650.00,74252.00,1650,72602,25.00,25.00,50.00,25,25,0.00,0.00,0,0
1508204081,lo,0.00,0.00,0.00,0,0,0.00,0.00,0.00,0,0,0.00,0.00,0,0
1508204081,total,74384.00,83138.00,157522.00,83138,74384,52.00,53.00,105.00,53,52,0.00,0.00,0,0
1508204082,eth0,0.00,0.00,0.00,0,0,0.00,0.00,0.00,0,0,0.00,0.00,0,0
1508204082,s2,0.00,0.00,0.00,0,0,0.00,0.00,0.00,0,0,0.00,0.00,0,0
1508204082,s2-eth2,1632.00,68258.00,69890.00,68258,1632,24.00,25.00,49.00,25,24,0.00,0.00,0,0
1508204082,s2-eth1,71220.00,1632.00,72852.00,1632,71220,26.00,24.00,50.00,24,26,0.00,0.00,0,0
1508204082,lo,0.00,0.00,0.00,0,0,0.00,0.00,0.00,0,0,0.00,0.00,0,0
1508204082,total,72852.00,69890.00,142742.00,69890,72852,50.00,49.00,99.00,49,50,0.00,0.00,0,0
1508204083,eth0,0.00,0.00,0.00,0,0,0.00,0.00,0.00,0,0,0.00,0.00,0,0
1508204083,s2,0.00,0.00,0.00,0,0,0.00,0.00,0.00,0,0,0.00,0.00,0,0
1508204083,s2-eth2,1716.00,79974.00,81690.00,79974,1716,26.00,27.00,53.00,27,26,0.00,0.00,0,0
1508204083,s2-eth1,74050.00,1716.00,75766.00,1716,74050,25.00,26.00,51.00,26,25,0.00,0.00,0,0
1508204083,lo,0.00,0.00,0.00,0,0,0.00,0.00,0.00,0,0,0.00,0.00,0,0
1508204083,total,75766.00,81690.00,157456.00,81690,75766,51.00,53.00,104.00,53,51,0.00,0.00,0,0
1508204084,eth0,0.00,0.00,0.00,0,0,0.00,0.00,0.00,0,0,0.00,0.00,0,0
1508204084,s2,0.00,0.00,0.00,0,0,0.00,0.00,0.00,0,0,0.00,0.00,0,0
1508204084,s2-eth2,1757.00,82936.00,84693.00,82936,1757,26.00,28.00,54.00,28,26,0.00,0.00,0,0
1508204084,s2-eth1,86005.00,1650.00,87655.00,1650,86005,30.00,25.00,55.00,25,30,0.00,0.00,0,0
1508204084,lo,0.00,0.00,0.00,0,0,0.00,0.00,0.00,0,0,0.00,0.00,0,0
1508204084,total,87762.00,84586.00,172348.00,84586,87762,56.00,53.00,109.00,53,56,0.00,0.00,0,0
1508204085,eth0,0.00,0.00,0.00,0,0,0.00,0.00,0.00,0,0,0.00,0.00,0,0
1508204085,s2,0.00,0.00,0.00,0,0,0.00,0.00,0.00,0,0,0.00,0.00,0,0
1508204085,s2-eth2,1794.00,58188.00,59982.00,58188,1794,25.00,26.00,51.00,26,25,0.00,0.00,0,0
1508204085,s2-eth1,59636.00,1794.00,61430.00,1794,59636,26.00,25.00,51.00,25,26,0.00,0.00,0,0
1508204085,lo,172.00,172.00,344.00,172,172,3.00,3.00,6.00,3,3,0.00,0.00,0,0
1508204085,total,61602.00,60154.00,121756.00,60154,61602,54.00,54.00,108.00,54,54,0.00,0.00,0,0
1508204086,eth0,0.00,0.00,0.00,0,0,0.00,0.00,0.00,0,0,0.00,0.00,0,0
1508204086,s2,0.00,0.00,0.00,0,0,0.00,0.00,0.00,0,0,0.00,0.00,0,0
1508204086,s2-eth2,1386.00,62202.00,63588.00,62202,1386,21.00,21.00,42.00,21,21,0.00,0.00,0,0
1508204086,s2-eth1,53316.00,1386.00,54702.00,1386,53316,18.00,21.00,39.00,21,18,0.00,0.00,0,0
1508204086,lo,0.00,0.00,0.00,0,0,0.00,0.00,0.00,0,0,0.00,0.00,0,0
1508204086,total,54702.00,63588.00,118290.00,63588,54702,39.00,42.00,81.00,42,39,0.00,0.00,0,0
1508204087,eth0,0.00,0.00,0.00,0,0,0.00,0.00,0.00,0,0,0.00,0.00,0,0
1508204087,s2,0.00,0.00,0.00,0,0,0.00,0.00,0.00,0,0,0.00,0.00,0,0
1508204087,s2-eth2,1464.00,65272.00,66736.00,65272,1464,22.00,24.00,46.00,24,22,0.00,0.00,0,0
1508204087,s2-eth1,71196.00,1464.00,72660.00,1464,71196,26.00,22.00,48.00,22,26,0.00,0.00,0,0
1508204087,lo,296.00,296.00,592.00,296,296,3.00,3.00,6.00,3,3,0.00,0.00,0,0
1508204087,total,72956.00,67032.00,139988.00,67032,72956,51.00,49.00,100.00,49,51,0.00,0.00,0,0
1508204088,eth0,0.00,0.00,0.00,0,0,0.00,0.00,0.00,0,0,0.00,0.00,0,0
1508204088,s2,0.00,0.00,0.00,0,0,0.00,0.00,0.00,0,0,0.00,0.00,0,0
1508204088,s2-eth2,1776.00,72734.00,74510.00,72734,1776,26.00,27.00,53.00,27,26,0.00,0.00,0,0
1508204088,s2-eth1,60820.00,1776.00,62596.00,1776,60820,22.00,26.00,48.00,26,22,0.00,0.00,0,0
1508204088,lo,0.00,0.00,0.00,0,0,0.00,0.00,0.00,0,0,0.00,0.00,0,0
1508204088,total,62596.00,74510.00,137106.00,74510,62596,48.00,53.00,101.00,53,48,0.00,0.00,0,0
1508204089,eth0,0.00,0.00,0.00,0,0,0.00,0.00,0.00,0,0,0.00,0.00,0,0
1508204089,s2,0.00,0.00,0.00,0,0,0.00,0.00,0.00,0,0,0.00,0.00,0,0
1508204089,s2-eth2,1288.71,52013.99,53302.70,52066,1290,18.98,20.98,39.96,21,19,0.00,0.00,0,0
1508204089,s2-eth1,57998.00,1288.71,59286.71,1290,58056,23.98,18.98,42.96,19,24,0.00,0.00,0,0
1508204089,lo,0.00,0.00,0.00,0,0,0.00,0.00,0.00,0,0,0.00,0.00,0,0
1508204089,total,59286.71,53302.70,112589.41,53356,59346,42.96,39.96,82.92,40,43,0.00,0.00,0,0
1508204090,eth0,0.00,0.00,0.00,0,0,0.00,0.00,0.00,0,0,0.00,0.00,0,0
1508204090,s2,0.00,0.00,0.00,0,0,0.00,0.00,0.00,0,0,0.00,0.00,0,0
1508204090,s2-eth2,1356.00,56410.00,57766.00,56410,1356,20.00,21.00,41.00,21,20,0.00,0.00,0,0
1508204090,s2-eth1,44562.00,1356.00,45918.00,1356,44562,17.00,20.00,37.00,20,17,0.00,0.00,0,0
1508204090,lo,0.00,0.00,0.00,0,0,0.00,0.00,0.00,0,0,0.00,0.00,0,0
1508204090,total,45918.00,57766.00,103684.00,57766,45918,37.00,41.00,78.00,41,37,0.00,0.00,0,0
1508204091,eth0,0.00,0.00,0.00,0,0,0.00,0.00,0.00,0,0,0.00,0.00,0,0
1508204091,s2,0.00,0.00,0.00,0,0,0.00,0.00,0.00,0,0,0.00,0.00,0,0
1508204091,s2-eth2,1122.00,53316.00,54438.00,53316,1122,17.00,18.00,35.00,18,17,0.00,0.00,0,0
1508204091,s2-eth1,62544.00,1122.00,63666.00,1122,62544,22.00,17.00,39.00,17,22,0.00,0.00,0,0
1508204091,lo,172.00,172.00,344.00,172,172,3.00,3.00,6.00,3,3,0.00,0.00,0,0
1508204091,total,63838.00,54610.00,118448.00,54610,63838,42.00,38.00,80.00,38,42,0.00,0.00,0,0
1508204092,eth0,0.00,0.00,0.00,0,0,0.00,0.00,0.00,0,0,0.00,0.00,0,0
1508204092,s2,0.00,0.00,0.00,0,0,0.00,0.00,0.00,0,0,0.00,0.00,0,0
1508204092,s2-eth2,1290.00,53448.00,54738.00,53448,1290,19.00,20.00,39.00,20,19,0.00,0.00,0,0
1508204092,s2-eth1,41600.00,1290.00,42890.00,1290,41600,16.00,19.00,35.00,19,16,0.00,0.00,0,0
1508204092,lo,0.00,0.00,0.00,0,0,0.00,0.00,0.00,0,0,0.00,0.00,0,0
1508204092,total,42890.00,54738.00,97628.00,54738,42890,35.00,39.00,74.00,39,35,0.00,0.00,0,0
1508204093,eth0,0.00,0.00,0.00,0,0,0.00,0.00,0.00,0,0,0.00,0.00,0,0
1508204093,s2,0.00,0.00,0.00,0,0,0.00,0.00,0.00,0,0,0.00,0.00,0,0
1508204093,s2-eth2,1188.00,53316.00,54504.00,53316,1188,18.00,18.00,36.00,18,18,0.00,0.00,0,0
1508204093,s2-eth1,62202.00,1188.00,63390.00,1188,62202,21.00,18.00,39.00,18,21,0.00,0.00,0,0
1508204093,lo,0.00,0.00,0.00,0,0,0.00,0.00,0.00,0,0,0.00,0.00,0,0
1508204093,total,63390.00,54504.00,117894.00,54504,63390,39.00,36.00,75.00,36,39,0.00,0.00,0,0
1508204094,eth0,0.00,0.00,0.00,0,0,0.00,0.00,0.00,0,0,0.00,0.00,0,0
1508204094,s2,0.00,0.00,0.00,0,0,0.00,0.00,0.00,0,0,0.00,0.00,0,0
1508204094,s2-eth2,1500.00,62400.00,63900.00,62400,1500,22.00,24.00,46.00,24,22,0.00,0.00,0,0
1508204094,s2-eth1,51934.00,1500.00,53434.00,1500,51934,19.00,22.00,41.00,22,19,0.00,0.00,0,0
1508204094,lo,0.00,0.00,0.00,0,0,0.00,0.00,0.00,0,0,0.00,0.00,0,0
1508204094,total,53434.00,63900.00,117334.00,63900,53434,41.00,46.00,87.00,46,41,0.00,0.00,0,0
1508204095,eth0,0.00,0.00,0.00,0,0,0.00,0.00,0.00,0,0,0.00,0.00,0,0
1508204095,s2,0.00,0.00,0.00,0,0,0.00,0.00,0.00,0,0,0.00,0.00,0,0
1508204095,s2-eth2,1450.55,65098.90,66549.45,65164,1452,21.98,21.98,43.96,22,22,0.00,0.00,0,0
1508204095,s2-eth1,72595.41,1450.55,74045.95,1452,72668,25.97,21.98,47.95,22,26,0.00,0.00,0,0
1508204095,lo,0.00,0.00,0.00,0,0,0.00,0.00,0.00,0,0,0.00,0.00,0,0
1508204095,total,74045.95,66549.45,140595.41,66616,74120,47.95,43.96,91.91,44,48,0.00,0.00,0,0
1508204096,eth0,0.00,0.00,0.00,0,0,0.00,0.00,0.00,0,0,0.00,0.00,0,0
1508204096,s2,0.00,0.00,0.00,0,0,0.00,0.00,0.00,0,0,0.00,0.00,0,0
1508204096,s2-eth2,1500.00,62400.00,63900.00,62400,1500,22.00,24.00,46.00,24,22,0.00,0.00,0,0
1508204096,s2-eth1,50552.00,1500.00,52052.00,1500,50552,20.00,22.00,42.00,22,20,0.00,0.00,0,0
1508204096,lo,172.00,172.00,344.00,172,172,3.00,3.00,6.00,3,3,0.00,0.00,0,0
1508204096,total,52224.00,64072.00,116296.00,64072,52224,45.00,49.00,94.00,49,45,0.00,0.00,0,0
1508204097,eth0,0.00,0.00,0.00,0,0,0.00,0.00,0.00,0,0,0.00,0.00,0,0
1508204097,s2,0.00,0.00,0.00,0,0,0.00,0.00,0.00,0,0,0.00,0.00,0,0
1508204097,s2-eth2,1386.00,71088.00,72474.00,71088,1386,21.00,24.00,45.00,24,21,0.00,0.00,0,0
1508204097,s2-eth1,79974.00,1386.00,81360.00,1386,79974,27.00,21.00,48.00,21,27,0.00,0.00,0,0
1508204097,lo,0.00,0.00,0.00,0,0,0.00,0.00,0.00,0,0,0.00,0.00,0,0
1508204097,total,81360.00,72474.00,153834.00,72474,81360,48.00,45.00,93.00,45,48,0.00,0.00,0,0
1508204098,eth0,0.00,0.00,0.00,0,0,0.00,0.00,0.00,0,0,0.00,0.00,0,0
1508204098,s2,0.00,0.00,0.00,0,0,0.00,0.00,0.00,0,0,0.00,0.00,0,0
1508204098,s2-eth2,1848.00,82936.00,84784.00,82936,1848,28.00,28.00,56.00,28,28,0.00,0.00,0,0
1508204098,s2-eth1,71088.00,1848.00,72936.00,1848,71088,24.00,28.00,52.00,28,24,0.00,0.00,0,0
1508204098,lo,0.00,0.00,0.00,0,0,0.00,0.00,0.00,0,0,0.00,0.00,0,0
1508204098,total,72936.00,84784.00,157720.00,84784,72936,52.00,56.00,108.00,56,52,0.00,0.00,0,0
1508204099,eth0,727.27,705.29,1432.57,706,728,7.99,5.99,13.99,6,8,0.00,0.00,0,0
1508204099,s2,0.00,0.00,0.00,0,0,0.00,0.00,0.00,0,0,0.00,0.00,0,0
1508204099,s2-eth2,2545.45,74239.77,76785.22,74314,2548,31.97,28.97,60.94,29,32,0.00,0.00,0,0
1508204099,s2-eth1,83646.36,1906.09,85552.45,1908,83730,34.97,27.97,62.94,28,35,0.00,0.00,0,0
1508204099,lo,681.32,681.32,1362.64,682,682,7.99,7.99,15.98,8,8,0.00,0.00,0,0
1508204099,total,87600.40,77532.47,165132.88,77610,87688,82.92,70.93,153.85,71,83,0.00,0.00,0,0
1508204100,eth0,455.54,734.27,1189.81,735,456,5.99,5.99,11.99,6,6,0.00,0.00,0,0
1508204100,s2,0.00,0.00,0.00,0,0,0.00,0.00,0.00,0,0,0.00,0.00,0,0
1508204100,s2-eth2,2419.58,86075.93,88495.51,86162,2422,34.97,32.97,67.93,33,35,0.00,0.00,0,0
1508204100,s2-eth1,75237.77,2169.83,77407.59,2172,75313,35.96,31.97,67.93,32,36,0.00,0.00,0,0
1508204100,lo,1021.98,1021.98,2043.96,1023,1023,11.99,11.99,23.98,12,12,0.00,0.00,0,0
1508204100,total,79134.87,90002.00,169136.88,90092,79214,88.91,82.92,171.83,83,89,0.00,0.00,0,0
1508204101,eth0,152.00,245.00,397.00,245,152,2.00,2.00,4.00,2,2,0.00,0.00,0,0
1508204101,s2,0.00,0.00,0.00,0,0,0.00,0.00,0.00,0,0,0.00,0.00,0,0
1508204101,s2-eth2,3902.00,94784.00,98686.00,94784,3902,39.00,32.00,71.00,32,39,0.00,0.00,0,0
1508204101,s2-eth1,99070.00,2046.00,101116.00,2046,99070,39.00,31.00,70.00,31,39,0.00,0.00,0,0
1508204101,lo,513.00,513.00,1026.00,513,513,7.00,7.00,14.00,7,7,0.00,0.00,0,0
1508204101,total,103637.00,97588.00,201225.00,97588,103637,87.00,72.00,159.00,72,87,0.00,0.00,0,0
1508204102,eth0,0.00,0.00,0.00,0,0,0.00,0.00,0.00,0,0,0.00,0.00,0,0
1508204102,s2,0.00,0.00,0.00,0,0,0.00,0.00,0.00,0,0,0.00,0.00,0,0
1508204102,s2-eth2,2888.00,86162.00,89050.00,86162,2888,35.00,33.00,68.00,33,35,0.00,0.00,0,0
1508204102,s2-eth1,78212.00,2172.00,80384.00,2172,78212,33.00,32.00,65.00,32,33,0.00,0.00,0,0
1508204102,lo,0.00,0.00,0.00,0,0,0.00,0.00,0.00,0,0,0.00,0.00,0,0
1508204102,total,81100.00,88334.00,169434.00,88334,81100,68.00,65.00,133.00,65,68,0.00,0.00,0,0
1508204103,eth0,0.00,0.00,0.00,0,0,0.00,0.00,0.00,0,0,0.00,0.00,0,0
1508204103,s2,0.00,0.00,0.00,0,0,0.00,0.00,0.00,0,0,0.00,0.00,0,0
1508204103,s2-eth2,2373.00,91822.00,94195.00,91822,2373,32.00,31.00,63.00,31,32,0.00,0.00,0,0
1508204103,s2-eth1,100815.00,2046.00,102861.00,2046,100815,35.00,31.00,66.00,31,35,0.00,0.00,0,0
1508204103,lo,0.00,0.00,0.00,0,0,0.00,0.00,0.00,0,0,0.00,0.00,0,0
1508204103,total,103188.00,93868.00,197056.00,93868,103188,67.00,62.00,129.00,62,67,0.00,0.00,0,0
1508204104,eth0,60.00,60.00,120.00,60,60,1.00,1.00,2.00,1,1,0.00,0.00,0,0
1508204104,s2,0.00,0.00,0.00,0,0,0.00,0.00,0.00,0,0,0.00,0.00,0,0
1508204104,s2-eth2,2616.00,89124.00,91740.00,89124,2616,35.00,34.00,69.00,34,35,0.00,0.00,0,0
1508204104,s2-eth1,74978.00,2172.00,77150.00,2172,74978,32.00,32.00,64.00,32,32,0.00,0.00,0,0
1508204104,lo,0.00,0.00,0.00,0,0,0.00,0.00,0.00,0,0,0.00,0.00,0,0
1508204104,total,77654.00,91356.00,169010.00,91356,77654,68.00,67.00,135.00,67,68,0.00,0.00,0,0
1508204105,eth0,0.00,0.00,0.00,0,0,0.00,0.00,0.00,0,0,0.00,0.00,0,0
1508204105,s2,0.00,0.00,0.00,0,0,0.00,0.00,0.00,0,0,0.00,0.00,0,0
1508204105,s2-eth2,2235.00,74314.00,76549.00,74314,2235,29.00,29.00,58.00,29,29,0.00,0.00,0,0
1508204105,s2-eth1,86162.00,1908.00,88070.00,1908,86162,33.00,28.00,61.00,28,33,0.00,0.00,0,0
1508204105,lo,0.00,0.00,0.00,0,0,0.00,0.00,0.00,0,0,0.00,0.00,0,0
1508204105,total,88397.00,76222.00,164619.00,76222,88397,62.00,57.00,119.00,57,62,0.00,0.00,0,0
1508204106,eth0,0.00,0.00,0.00,0,0,0.00,0.00,0.00,0,0,0.00,0.00,0,0
1508204106,s2,0.00,0.00,0.00,0,0,0.00,0.00,0.00,0,0,0.00,0.00,0,0
1508204106,s2-eth2,2046.00,97746.00,99792.00,97746,2046,31.00,33.00,64.00,33,31,0.00,0.00,0,0
1508204106,s2-eth1,88860.00,2046.00,90906.00,2046,88860,30.00,31.00,61.00,31,30,0.00,0.00,0,0
1508204106,lo,172.00,172.00,344.00,172,172,3.00,3.00,6.00,3,3,0.00,0.00,0,0
1508204106,total,91078.00,99964.00,191042.00,99964,91078,64.00,67.00,131.00,67,64,0.00,0.00,0,0
1508204107,eth0,0.00,0.00,0.00,0,0,0.00,0.00,0.00,0,0,0.00,0.00,0,0
1508204107,s2,0.00,0.00,0.00,0,0,0.00,0.00,0.00,0,0,0.00,0.00,0,0
1508204107,s2-eth2,2040.00,83200.00,85240.00,83200,2040,30.00,32.00,62.00,32,30,0.00,0.00,0,0
1508204107,s2-eth1,86611.00,2040.00,88651.00,2040,86611,35.00,30.00,65.00,30,35,0.00,0.00,0,0
1508204107,lo,0.00,0.00,0.00,0,0,0.00,0.00,0.00,0,0,0.00,0.00,0,0
1508204107,total,88651.00,85240.00,173891.00,85240,88651,65.00,62.00,127.00,62,65,0.00,0.00,0,0
1508204108,eth0,0.00,0.00,0.00,0,0,0.00,0.00,0.00,0,0,0.00,0.00,0,0
1508204108,s2,0.00,0.00,0.00,0,0,0.00,0.00,0.00,0,0,0.00,0.00,0,0
1508204108,s2-eth2,2826.17,100607.40,103433.57,100708,2829,37.96,33.97,71.93,34,38,0.00,0.00,0,0
1508204108,s2-eth1,91800.20,2307.69,94107.90,2310,91892,31.97,34.97,66.93,35,32,0.00,0.00,0,0
1508204108,lo,0.00,0.00,0.00,0,0,0.00,0.00,0.00,0,0,0.00,0.00,0,0
1508204108,total,94626.38,102915.09,197541.47,103018,94721,69.93,68.93,138.86,69,70,0.00,0.00,0,0
1508204109,eth0,0.00,0.00,0.00,0,0,0.00,0.00,0.00,0,0,0.00,0.00,0,0
1508204109,s2,0.00,0.00,0.00,0,0,0.00,0.00,0.00,0,0,0.00,0.00,0,0
1508204109,s2-eth2,1980.00,91822.00,93802.00,91822,1980,30.00,31.00,61.00,31,30,0.00,0.00,0,0
1508204109,s2-eth1,103670.00,1980.00,105650.00,1980,103670,35.00,30.00,65.00,30,35,0.00,0.00,0,0
1508204109,lo,0.00,0.00,0.00,0,0,0.00,0.00,0.00,0,0,0.00,0.00,0,0
1508204109,total,105650.00,93802.00,199452.00,93802,105650,65.00,61.00,126.00,61,65,0.00,0.00,0,0
1508204110,eth0,0.00,86.00,86.00,86,0,0.00,1.00,1.00,1,0,0.00,0.00,0,0
1508204110,s2,0.00,0.00,0.00,0,0,0.00,0.00,0.00,0,0,0.00,0.00,0,0
1508204110,s2-eth2,2658.00,106830.00,109488.00,106830,2658,39.00,39.00,78.00,39,39,0.00,0.00,0,0
1508204110,s2-eth1,94982.00,2658.00,97640.00,2658,94982,35.00,39.00,74.00,39,35,0.00,0.00,0,0
1508204110,lo,0.00,0.00,0.00,0,0,0.00,0.00,0.00,0,0,0.00,0.00,0,0
1508204110,total,97640.00,109574.00,207214.00,109574,97640,74.00,79.00,153.00,79,74,0.00,0.00,0,0
1508204111,eth0,0.00,0.00,0.00,0,0,0.00,0.00,0.00,0,0,0.00,0.00,0,0
1508204111,s2,0.00,0.00,0.00,0,0,0.00,0.00,0.00,0,0,0.00,0.00,0,0
1508204111,s2-eth2,2037.96,77198.80,79236.77,77276,2040,29.97,29.97,59.94,30,30,0.00,0.00,0,0
1508204111,s2-eth1,80157.84,2037.96,82195.80,2040,80238,30.97,29.97,60.94,30,31,0.00,0.00,0,0
1508204111,lo,171.83,171.83,343.66,172,172,3.00,3.00,5.99,3,3,0.00,0.00,0,0
1508204111,total,82367.63,79408.59,161776.23,79488,82450,63.94,62.94,126.87,63,64,0.00,0.00,0,0
1508204112,eth0,0.00,0.00,0.00,0,0,0.00,0.00,0.00,0,0,0.00,0.00,0,0
1508204112,s2,0.00,0.00,0.00,0,0,0.00,0.00,0.00,0,0,0.00,0.00,0,0
1508204112,s2-eth2,1488.00,71154.00,72642.00,71154,1488,22.00,25.00,47.00,25,22,0.00,0.00,0,0
1508204112,s2-eth1,62268.00,1488.00,63756.00,1488,62268,22.00,22.00,44.00,22,22,0.00,0.00,0,0
1508204112,lo,0.00,0.00,0.00,0,0,0.00,0.00,0.00,0,0,0.00,0.00,0,0
1508204112,total,63756.00,72642.00,136398.00,72642,63756,44.00,47.00,91.00,47,44,0.00,0.00,0,0
1508204113,eth0,0.00,0.00,0.00,0,0,0.00,0.00,0.00,0,0,0.00,0.00,0,0
1508204113,s2,0.00,0.00,0.00,0,0,0.00,0.00,0.00,0,0,0.00,0.00,0,0
1508204113,s2-eth2,2058.00,77012.00,79070.00,77012,2058,27.00,26.00,53.00,26,27,0.00,0.00,0,0
1508204113,s2-eth1,79974.00,1716.00,81690.00,1716,79974,27.00,26.00,53.00,26,27,0.00,0.00,0,0
1508204113,lo,0.00,0.00,0.00,0,0,0.00,0.00,0.00,0,0,0.00,0.00,0,0
1508204113,total,82032.00,78728.00,160760.00,78728,82032,54.00,52.00,106.00,52,54,0.00,0.00,0,0
1508204114,eth0,0.00,0.00,0.00,0,0,0.00,0.00,0.00,0,0,0.00,0.00,0,0
1508204114,s2,0.00,0.00,0.00,0,0,0.00,0.00,0.00,0,0,0.00,0.00,0,0
1508204114,s2-eth2,1780.22,82853.15,84633.37,82936,1782,26.97,27.97,54.95,28,27,0.00,0.00,0,0
1508204114,s2-eth1,79894.11,1780.22,81674.33,1782,79974,26.97,26.97,53.95,27,27,0.00,0.00,0,0
1508204114,lo,0.00,0.00,0.00,0,0,0.00,0.00,0.00,0,0,0.00,0.00,0,0
1508204114,total,81674.33,84633.37,166307.70,84718,81756,53.95,54.95,108.89,55,54,0.00,0.00,0,0
1508204115,eth0,0.00,0.00,0.00,0,0,0.00,0.00,0.00,0,0,0.00,0.00,0,0
1508204115,s2,0.00,0.00,0.00,0,0,0.00,0.00,0.00,0,0,0.00,0.00,0,0
1508204115,s2-eth2,1914.00,91822.00,93736.00,91822,1914,29.00,31.00,60.00,31,29,0.00,0.00,0,0
1508204115,s2-eth1,94891.00,1914.00,96805.00,1914,94891,33.00,29.00,62.00,29,33,0.00,0.00,0,0
1508204115,lo,0.00,0.00,0.00,0,0,0.00,0.00,0.00,0,0,0.00,0.00,0,0
1508204115,total,96805.00,93736.00,190541.00,93736,96805,62.00,60.00,122.00,60,62,0.00,0.00,0,0
1508204116,eth0,0.00,0.00,0.00,0,0,0.00,0.00,0.00,0,0,0.00,0.00,0,0
1508204116,s2,0.00,0.00,0.00,0,0,0.00,0.00,0.00,0,0,0.00,0.00,0,0
1508204116,s2-eth2,2210.79,97780.22,99991.01,97878,2213,31.97,34.97,66.93,35,32,0.00,0.00,0,0
1508204116,s2-eth1,91862.14,2103.90,93966.04,2106,91954,32.97,30.97,63.94,31,33,0.00,0.00,0,0
1508204116,lo,171.83,171.83,343.66,172,172,3.00,3.00,5.99,3,3,0.00,0.00,0,0
1508204116,total,94244.76,100055.95,194300.70,100156,94339,67.93,68.93,136.86,69,68,0.00,0.00,0,0
1508204117,eth0,0.00,0.00,0.00,0,0,0.00,0.00,0.00,0,0,0.00,0.00,0,0
1508204117,s2,0.00,0.00,0.00,0,0,0.00,0.00,0.00,0,0,0.00,0.00,0,0
1508204117,s2-eth2,2592.00,106830.00,109422.00,106830,2592,38.00,39.00,77.00,39,38,0.00,0.00,0,0
1508204117,s2-eth1,106764.00,2592.00,109356.00,2592,106764,38.00,38.00,76.00,38,38,0.00,0.00,0,0
1508204117,lo,0.00,0.00,0.00,0,0,0.00,0.00,0.00,0,0,0.00,0.00,0,0
1508204117,total,109356.00,109422.00,218778.00,109422,109356,76.00,77.00,153.00,77,76,0.00,0.00,0,0
1508204118,eth0,0.00,0.00,0.00,0,0,0.00,0.00,0.00,0,0,0.00,0.00,0,0
1508204118,s2,0.00,0.00,0.00,0,0,0.00,0.00,0.00,0,0,0.00,0.00,0,0
1508204118,s2-eth2,2376.00,106632.00,109008.00,106632,2376,36.00,36.00,72.00,36,36,0.00,0.00,0,0
1508204118,s2-eth1,100774.00,2376.00,103150.00,2376,100774,35.00,36.00,71.00,36,35,0.00,0.00,0,0
1508204118,lo,0.00,0.00,0.00,0,0,0.00,0.00,0.00,0,0,0.00,0.00,0,0
1508204118,total,103150.00,109008.00,2